2 0.4452454140625 0.398808775 0.4452454140625 0.43765772500000005 0.46846373437500005 0.43765772500000005 0.46846373437500005 0.398808775 0.4452454140625 0.398808775
2 0.45344011249999994 0.40366489375 0.45344011249999994 0.44494190624999996 0.469829515625 0.44494190624999996 0.469829515625 0.40366489375 0.45344011249999994 0.40366489375
2 0.4616348140625 0.40123683281250005 0.4616348140625 0.4497980234375 0.48348734843749996 0.4497980234375 0.48348734843749996 0.40123683281250005 0.4616348140625 0.40123683281250005
2 0.46982951718750005 0.40123683281250005 0.46982951718750005 0.46922249843749997 0.5203635046875 0.46922249843749997 0.5203635046875 0.40123683281250005 0.46982951718750005 0.40123683281250005
2 0.48485313437500005 0.40852101249999995 0.48485313437500005 0.47893473750000004 0.535387125 0.47893473750000004 0.535387125 0.40852101249999995 0.48485313437500005 0.40852101249999995
2 0.516266153125 0.4060929546875 0.516266153125 0.5299239859375 0.592750028125 0.5299239859375 0.592750028125 0.4060929546875 0.516266153125 0.4060929546875
2 0.38788250625 0.398808775 0.38788250625 0.43765772500000005 0.412466609375 0.43765772500000005 0.412466609375 0.398808775 0.38788250625 0.398808775
2 0.204867521875 0.3696720625 0.204867521875 0.5104995109375 0.3059354984375 0.5104995109375 0.3059354984375 0.3696720625 0.204867521875 0.3696720625
2 0.10789689375 0.37149310625 0.10789689375 0.5463133921875001 0.2513041609375 0.5463133921875001 0.2513041609375 0.37149310625 0.10789689375 0.37149310625
2 0.557785971875 0.32147507656249996 0.557785971875 0.564281028125 0.7394351734375 0.564281028125 0.7394351734375 0.32147507656249996 0.557785971875 0.32147507656249996
2 1 0.3069067203125 0.6492934640625 0.3069067203125 0.6492934640625 0.8240833984375 1 0.8240833984375 1 0.3069067203125
2 0.0005463140625 0.264658484375 0.0005463140625 0.708993375 0.158977196875 0.708993375 0.158977196875 0.264658484375 0.0005463140625 0.264658484375
2 0.41028135624999995 0.398201759375 0.41028135624999995 0.45196593125 0.445791728125 0.45196593125 0.445791728125 0.398201759375 0.41028135624999995 0.398201759375
6 0.3023844625 0.29622325781250003 0.3023844625 0.46861548906249995 0.39389195312499997 0.46861548906249995 0.39389195312499997 0.29622325781250003 0.3023844625 0.29622325781250003
4 0.0991900046875 0.36039339375 0.0991900046875 0.4016704046875 0.12377410625 0.4016704046875 0.12377410625 0.36039339375 0.0991900046875 0.36039339375