2 0.42794064374999996 0.5656485015625 0.42794064374999996 0.58297841875 0.43866353125 0.58297841875 0.43866353125 0.5656485015625 0.42794064374999996 0.5656485015625
2 0.42111698906250006 0.5656485015625 0.42111698906250006 0.58297841875 0.42989026093750005 0.58297841875 0.42989026093750005 0.5656485015625 0.42111698906250006 0.5656485015625
2 0.406494871875 0.5691144859375 0.406494871875 0.5899103859375 0.4230666046875 0.5899103859375 0.4230666046875 0.5691144859375 0.406494871875 0.5691144859375
2 0.39382236875 0.5691144859375 0.39382236875 0.586444403125 0.4094192953125 0.586444403125 0.4094192953125 0.5691144859375 0.39382236875 0.5691144859375
2 0.38602390625 0.5656485015625 0.38602390625 0.5864444015625 0.3957719875 0.5864444015625 0.3957719875 0.5656485015625 0.38602390625 0.5656485015625
2 0.3216865890625 0.55178456875 0.3216865890625 0.6193712437500001 0.3869987171875 0.6193712437500001 0.3869987171875 0.55178456875 0.3216865890625 0.55178456875
2 0.24994073125 0.5465855937499999 0.24994073125 0.6315021890625 0.32207651249999997 0.6315021890625 0.32207651249999997 0.5465855937499999 0.24994073125 0.5465855937499999
2 0.1241905203125 0.55178456875 0.1241905203125 0.67655996875 0.2577391953125 0.67655996875 0.2577391953125 0.55178456875 0.1241905203125 0.55178456875
2 0.49013340312500003 0.57258046875 0.49013340312500003 0.5864444015625 0.4989066734375 0.5864444015625 0.4989066734375 0.57258046875 0.49013340312500003 0.57258046875
2 0.4989066734375 0.5743134609375 0.4989066734375 0.586444403125 0.50767994375 0.586444403125 0.50767994375 0.5743134609375 0.4989066734375 0.5743134609375
2 0.5067051359375 0.576046453125 0.5067051359375 0.5899103859375 0.512553984375 0.5899103859375 0.512553984375 0.576046453125 0.5067051359375 0.576046453125
2 0.5115791749999999 0.57777944375 0.5115791749999999 0.591643378125 0.520352446875 0.591643378125 0.520352446875 0.57777944375 0.5115791749999999 0.57777944375
2 0.517428021875 0.5708474781249999 0.517428021875 0.6107062875 0.5408234109375 0.6107062875 0.5408234109375 0.5708474781249999 0.517428021875 0.5708474781249999
2 0.5427730265624999 0.586444403125 0.5427730265624999 0.6055073125 0.556420334375 0.6055073125 0.556420334375 0.586444403125 0.5427730265624999 0.586444403125
2 0.5564203359375 0.576046453125 0.5564203359375 0.6055073109375 0.57299206875 0.6055073109375 0.57299206875 0.576046453125 0.5564203359375 0.576046453125
2 0.5739668765625 0.5708474781249999 0.5739668765625 0.6107062875 0.5963874578125 0.6107062875 0.5963874578125 0.5708474781249999 0.5739668765625 0.5708474781249999
2 0.579815725 0.58297841875 0.579815725 0.6245702203125 0.6090599609375 0.6245702203125 0.6090599609375 0.58297841875 0.579815725 0.58297841875
2 0.5983370734375 0.5899103859375 0.5983370734375 0.6419001375 0.6324553484375001 0.6419001375 0.6324553484375001 0.5899103859375 0.5983370734375 0.5899103859375
2 0.6266065015625 0.5795124359375 0.6266065015625 0.648832103125 0.6870445875 0.648832103125 0.6870445875 0.5795124359375 0.6266065015625 0.5795124359375
2 0.6685232375 0.5673815062500001 0.6685232375 0.68522494375 0.780626140625 0.68522494375 0.780626140625 0.5673815062500001 0.6685232375 0.5673815062500001
2 0.7338353640624999 0.5881774078124999 0.7338353640624999 0.7146858046875 0.8137696078125 0.7146858046875 0.8137696078125 0.5881774078124999 0.7338353640624999 0.5881774078124999
2 0.7786765250000001 0.586444415625 0.7786765250000001 0.7285497390625 0.8820061578124999 0.7285497390625 0.8820061578124999 0.586444415625 0.7786765250000001 0.586444415625
2 0.8020719140624999 0.5448526140625 0.8020719140624999 0.9365087437499999 0.9989830984375001 0.9365087437499999 0.9989830984375001 0.5448526140625 0.8020719140624999 0.5448526140625
2 0.430156125 0.5536367 0.430156125 0.63335431875 0.49351863281249997 0.63335431875 0.49351863281249997 0.5536367 0.430156125 0.5536367
4 0.72273136875 0.5114474421875 0.72273136875 0.5641168234375 0.7500189609375 0.5641168234375 0.7500189609375 0.5114474421875 0.72273136875 0.5114474421875