2 0.000845984375 0.5644712640625 0.000845984375 0.6888670265625 0.0157581828125 0.6888670265625 0.0157581828125 0.5644712640625 0.000845984375 0.5644712640625
4 0.046729667187500004 0.57956189375 0.046729667187500004 0.638700859375 0.06278895625 0.638700859375 0.06278895625 0.57956189375 0.046729667187500004 0.57956189375
4 0.40806367187500003 0.5591691437499999 0.40806367187500003 0.6509365109374999 0.43532144375000004 0.6509365109374999 0.43532144375000004 0.5591691437499999 0.40806367187500003 0.5591691437499999
4 0.539979259375 0.57140479375 0.539979259375 0.6285044875 0.5468618109375 0.6285044875 0.5468618109375 0.57140479375 0.539979259375 0.57140479375
2 0.920584396875 0.518383653125 0.920584396875 0.6692899859375 0.9985866578125 0.6692899859375 0.9985866578125 0.518383653125 0.920584396875 0.518383653125
2 0.7888982390625 0.58119331875 0.7888982390625 0.619939540625 0.8026633453124999 0.619939540625 0.8026633453124999 0.58119331875 0.7888982390625 0.58119331875
2 0.79922206875 0.5754833421875001 0.79922206875 0.6203473875000001 0.8336348296875 0.6203473875000001 0.8336348296875 0.5754833421875001 0.79922206875 0.5754833421875001
2 0.831340646875 0.56936551875 0.831340646875 0.6346223140625 0.8806656046875 0.6346223140625 0.8806656046875 0.56936551875 0.831340646875 0.56936551875
2 0.851988303125 0.5754833421875001 0.851988303125 0.6325830359375 0.9059016312500001 0.6325830359375 0.9059016312500001 0.5754833421875001 0.851988303125 0.5754833421875001
2 0.6615710203125 0.57956189375 0.6615710203125 0.6244259359375001 0.6764832171874999 0.6244259359375001 0.6764832171874999 0.57956189375 0.6615710203125 0.57956189375
2 0.6753361250000001 0.5856797171875 0.6753361250000001 0.6244259390625 0.6879541375 0.6244259390625 0.6879541375 0.5856797171875 0.6753361250000001 0.5856797171875
2 0.5480089046875001 0.530619296875 0.5480089046875001 0.6733685328125001 0.66501229375 0.6733685328125001 0.66501229375 0.530619296875 0.5480089046875001 0.530619296875
2 0.6856599531249999 0.520422925 0.6856599531249999 0.6876434578125 0.79578079375 0.6876434578125 0.79578079375 0.520422925 0.6856599531249999 0.520422925
4 0.36274817187499997 0.551020021875 0.36274817187499997 0.6205382453125 0.379146625 0.6205382453125 0.379146625 0.551020021875 0.36274817187499997 0.551020021875
4 0.38293088124999997 0.5689602093749999 0.38293088124999997 0.651933571875 0.401852171875 0.651933571875 0.401852171875 0.5689602093749999 0.38293088124999997 0.5689602093749999