2 0.47947010937499995 0.23744058906249998 0.47947010937499995 0.2566348890625 0.4866679734375 0.2566348890625 0.4866679734375 0.23744058906249998 0.47947010937499995 0.23744058906249998
2 0.4542775921875 0.2267770875 0.4542775921875 0.2545021890625 0.47587117812499996 0.2545021890625 0.47587117812499996 0.2267770875 0.4542775921875 0.2267770875
2 0.44348079843750005 0.23957328906250003 0.44348079843750005 0.2822272890625 0.47227224687499997 0.2822272890625 0.47227224687499997 0.23957328906250003 0.44348079843750005 0.23957328906250003
2 0.42308685312499994 0.23744058906249998 0.42308685312499994 0.26090029062500003 0.44108151093750003 0.26090029062500003 0.44108151093750003 0.23744058906249998 0.42308685312499994 0.23744058906249998
2 0.37390145937499997 0.2289097875 0.37390145937499997 0.2630329890625 0.41948792343749997 0.2630329890625 0.41948792343749997 0.2289097875 0.37390145937499997 0.2289097875
2 0.387097540625 0.2459713890625 0.387097540625 0.32061589218750003 0.444680440625 0.32061589218750003 0.444680440625 0.2459713890625 0.387097540625 0.2459713890625
2 0.1795591703125 0.23957328906250003 0.1795591703125 0.37180069375 0.2959246140625 0.37180069375 0.2959246140625 0.23957328906250003 0.1795591703125 0.23957328906250003
2 0.2755306734375 0.235307890625 0.2755306734375 0.384596890625 0.39069647343749997 0.384596890625 0.39069647343749997 0.235307890625 0.2755306734375 0.235307890625
2 0.5250565734375 0.2225116890625 0.5250565734375 0.25585534375 0.5413646453125 0.25585534375 0.5413646453125 0.2225116890625 0.5250565734375 0.2225116890625
2 0.4950654796875 0.21824628906250002 0.4950654796875 0.2736964875 0.5262562187500001 0.2736964875 0.5262562187500001 0.21824628906250002 0.4950654796875 0.21824628906250002
2 0.6138302109375 0.235307890625 0.6138302109375 0.31208509218749997 0.648619878125 0.31208509218749997 0.648619878125 0.235307890625 0.6138302109375 0.235307890625
2 0.5226572859374999 0.21824628906250002 0.5226572859374999 0.4165873890625 0.6258266484375 0.4165873890625 0.6258266484375 0.21824628906250002 0.5226572859374999 0.21824628906250002
2 0 0.6831748906249999 0.069191946875 0.6831748906249999 0.069191946875 0.2459713890625 0 0.2459713890625 0 0.6831748906249999
4 0.6762116859375 0.235307890625 0.6762116859375 0.309952390625 0.6906074109375 0.309952390625 0.6906074109375 0.235307890625 0.6762116859375 0.235307890625
2 1 0.2992888890625 0.8129710734375 0.2992888890625 0.8129710734375 0.715165390625 1 0.715165390625 1 0.2992888890625