4 0.2875271109375 0.5296204906249999 0.2875271109375 0.58080529375 0.3007231921875 0.58080529375 0.3007231921875 0.5296204906249999 0.2875271109375 0.5296204906249999
4 0.2731313859375 0.523222390625 0.2731313859375 0.568009090625 0.2839281796875 0.568009090625 0.2839281796875 0.523222390625 0.2731313859375 0.523222390625
4 0.258735659375 0.518956990625 0.258735659375 0.559478290625 0.2707320984375 0.559478290625 0.2707320984375 0.518956990625 0.258735659375 0.518956990625
2 0.3978943359375 0.523222390625 0.3978943359375 0.565876390625 0.41708863437500004 0.565876390625 0.41708863437500004 0.523222390625 0.3978943359375 0.523222390625
2 0.361905021875 0.518956990625 0.361905021875 0.59999959375 0.41229005937499996 0.59999959375 0.41229005937499996 0.518956990625 0.361905021875 0.518956990625
2 0.31631855937500003 0.5274877906250001 0.31631855937500003 0.6277246937500001 0.3978943359375 0.6277246937500001 0.3978943359375 0.5274877906250001 0.31631855937500003 0.5274877906250001
2 0.40869112812499997 0.501895390625 0.40869112812499997 0.644786290625 0.49626512343750007 0.644786290625 0.49626512343750007 0.501895390625 0.40869112812499997 0.501895390625
2 0.48546832812499996 0.525355090625 0.48546832812499996 0.572274490625 0.5178587109375 0.572274490625 0.5178587109375 0.525355090625 0.48546832812499996 0.525355090625
2 0.5610458859375 0.516824290625 0.5610458859375 0.59573419375 0.594635909375 0.59573419375 0.594635909375 0.516824290625 0.5610458859375 0.516824290625
2 0.591036978125 0.5445493906250001 0.591036978125 0.58933609375 0.6354237984375 0.58933609375 0.6354237984375 0.5445493906250001 0.591036978125 0.5445493906250001
2 0.6318248671875 0.5445493906250001 0.6318248671875 0.60426499375 0.675012040625 0.60426499375 0.675012040625 0.5445493906250001 0.6318248671875 0.5445493906250001
2 0.6606163171875 0.5338858906249999 0.6606163171875 0.6234592937500001 0.7373935171875 0.6234592937500001 0.7373935171875 0.5338858906249999 0.6606163171875 0.5338858906249999
2 0.7062027796875 0.555212890625 0.7062027796875 0.6469189921875 0.8021742796875 0.6469189921875 0.8021742796875 0.555212890625 0.7062027796875 0.555212890625
2 0.508261559375 0.512558890625 0.508261559375 0.629857390625 0.5850387593749999 0.629857390625 0.5850387593749999 0.512558890625 0.508261559375 0.512558890625
2 0.7409924484375 0.514691590625 0.7409924484375 0.8729851906249999 0.9989158546875 0.8729851906249999 0.9989158546875 0.514691590625 0.7409924484375 0.514691590625