2 0.33981964374999996 0.5621994 0.33981964374999996 0.61168394375 0.3664949046875 0.61168394375 0.3664949046875 0.5621994 0.33981964374999996 0.5621994
2 0.31314438125 0.5745705359375 0.31314438125 0.61993136875 0.34097943750000004 0.61993136875 0.34097943750000004 0.5745705359375 0.31314438125 0.5745705359375
2 0.274871178125 0.5786942484375001 0.274871178125 0.6240550812500001 0.31082479375 0.6240550812500001 0.31082479375 0.5786942484375001 0.274871178125 0.5786942484375001
2 0.2389175640625 0.591065384375 0.2389175640625 0.644673640625 0.274871178125 0.644673640625 0.274871178125 0.591065384375 0.2389175640625 0.591065384375
2 0.1762886890625 0.586941671875 0.1762886890625 0.6570447749999999 0.2365979765625 0.6570447749999999 0.2365979765625 0.586941671875 0.1762886890625 0.586941671875
2 0.1090206359375 0.5993128078125001 0.1090206359375 0.6694159109375 0.1716495125 0.6694159109375 0.1716495125 0.5993128078125001 0.1090206359375 0.5993128078125001
2 0.0023195875000000003 0.5807561031249999 0.0023195875000000003 0.71477674375 0.099742284375 0.71477674375 0.099742284375 0.5807561031249999 0.0023195875000000003 0.5807561031249999
2 0.4546392484375 0.56426125625 0.4546392484375 0.5993128078125001 0.47783512968749997 0.5993128078125001 0.47783512968749997 0.56426125625 0.4546392484375 0.56426125625
2 0.47435574843749995 0.5518901203125 0.47435574843749995 0.6240550812500001 0.5079897734375 0.6240550812500001 0.5079897734375 0.5518901203125 0.47435574843749995 0.5518901203125
2 0.4836341 0.5663231125 0.4836341 0.62817879375 0.5172681265625 0.62817879375 0.5172681265625 0.5663231125 0.4836341 0.5663231125
2 0.4987114234375 0.5725086796875 0.4987114234375 0.630240646875 0.53814441875 0.630240646875 0.53814441875 0.5725086796875 0.4987114234375 0.5725086796875
2 0.5184279187499999 0.5663231125 0.5184279187499999 0.6570447781250001 0.5868557671875 0.6570447781250001 0.5868557671875 0.5663231125 0.5184279187499999 0.5663231125
2 0.6100516484375 0.55601383125 0.6100516484375 0.739519015625 0.742268165625 0.739519015625 0.742268165625 0.55601383125 0.6100516484375 0.55601383125
2 0.7005155796875 0.52096228125 0.7005155796875 0.8529210984375 0.9985826390625 0.8529210984375 0.9985826390625 0.52096228125 0.7005155796875 0.52096228125
2 0.405927903125 0.5477664078125 0.405927903125 0.5745705359375 0.4279639890625 0.5745705359375 0.4279639890625 0.5477664078125 0.405927903125 0.5477664078125