2 0.45811863124999996 0.63122249375 0.45811863124999996 0.6539029078125 0.47435574843749995 0.6539029078125 0.47435574843749995 0.63122249375 0.45811863124999996 0.63122249375
2 0.44072172031249995 0.6394699109374999 0.44072172031249995 0.660088471875 0.4592784265625 0.660088471875 0.4592784265625 0.6394699109374999 0.44072172031249995 0.6394699109374999
2 0.4291237828125 0.637408059375 0.4291237828125 0.6683358953125 0.4418815171875 0.6683358953125 0.4418815171875 0.637408059375 0.4291237828125 0.637408059375
2 0.409407284375 0.64153176875 0.409407284375 0.6724596109375 0.43492275156250004 0.6724596109375 0.43492275156250004 0.64153176875 0.409407284375 0.64153176875
2 0.3792526390625 0.6353462015625 0.3792526390625 0.6827688890625 0.414046459375 0.6827688890625 0.414046459375 0.6353462015625 0.3792526390625 0.6353462015625
2 0.3525773765625 0.6477173390625001 0.3525773765625 0.6972018828125 0.3850516109375 0.6972018828125 0.3850516109375 0.6477173390625001 0.3525773765625 0.6477173390625001
2 0.3224227328125 0.6456554796875 0.3224227328125 0.7033874484375 0.359536140625 0.7033874484375 0.359536140625 0.6456554796875 0.3224227328125 0.6456554796875
2 0.28878870624999997 0.6497791937499999 0.28878870624999997 0.71782044375 0.3409794390625 0.71782044375 0.3409794390625 0.6497791937499999 0.28878870624999997 0.6497791937499999
2 0.24819591718749998 0.660088471875 0.24819591718749998 0.7384390015625 0.3073454125 0.7384390015625 0.3073454125 0.660088471875 0.24819591718749998 0.660088471875
2 0.5404640078125 0.619931384375 0.5404640078125 0.64054994375 0.5485825656250001 0.64054994375 0.5485825656250001 0.619931384375 0.5404640078125 0.619931384375
2 0.5474227703125 0.619931384375 0.5474227703125 0.646735509375 0.565979475 0.646735509375 0.565979475 0.619931384375 0.5474227703125 0.619931384375
2 0.5543815359375001 0.61786953125 0.5543815359375001 0.6529210812499999 0.576417621875 0.6529210812499999 0.576417621875 0.61786953125 0.5543815359375001 0.61786953125
2 0.5601805046874999 0.61786953125 0.5601805046874999 0.6591066484375 0.5868557671875 0.6591066484375 0.5868557671875 0.61786953125 0.5601805046874999 0.61786953125
2 0.5798970046874999 0.61786953125 0.5798970046874999 0.671477784375 0.614690821875 0.671477784375 0.614690821875 0.61786953125 0.5798970046874999 0.61786953125
2 0.14845363281249999 0.652233771875 0.14845363281249999 0.7759451328125 0.25747427031250003 0.7759451328125 0.25747427031250003 0.652233771875 0.14845363281249999 0.652233771875
2 0.6123712343750001 0.6109966499999999 0.6123712343750001 0.6934708953125 0.6750001109375 0.6934708953125 0.6750001109375 0.6109966499999999 0.6123712343750001 0.6109966499999999
2 0.5288660671875001 0.614433090625 0.5288660671875001 0.6329897921875001 0.5393042109375 0.6329897921875001 0.5393042109375 0.614433090625 0.5288660671875001 0.614433090625
2 0.5149485390625 0.614433090625 0.5149485390625 0.63711350625 0.527706271875 0.63711350625 0.527706271875 0.614433090625 0.5149485390625 0.614433090625
2 0.489433071875 0.6226805171875001 0.489433071875 0.6432990765625 0.5056701859375 0.6432990765625 0.5056701859375 0.6226805171875001 0.489433071875 0.6226805171875001