2 0.4734719625 0.1949998578125 0.4734719625 0.220781090625 0.48533718593749997 0.220781090625 0.48533718593749997 0.1949998578125 0.4734719625 0.1949998578125
2 0.4642434515625 0.19734360625 0.4642434515625 0.22781233437499998 0.48006375312499994 0.22781233437499998 0.48006375312499994 0.19734360625 0.4642434515625 0.19734360625
2 0.4550149421875 0.19265611093749999 0.4550149421875 0.2418748265625 0.47347195937500003 0.2418748265625 0.47347195937500003 0.19265611093749999 0.4550149421875 0.19265611093749999
2 0.44578643281249997 0.19265611093749999 0.44578643281249997 0.23718733125 0.46556181093750004 0.23718733125 0.46556181093750004 0.19265611093749999 0.44578643281249997 0.19265611093749999
2 0.43787628125 0.1903123625 0.43787628125 0.248906075 0.4589700171875 0.248906075 0.4589700171875 0.1903123625 0.43787628125 0.1903123625
2 0.42337433906250005 0.19265611093749999 0.42337433906250005 0.2582810671875 0.44710479062499997 0.2582810671875 0.44710479062499997 0.19265611093749999 0.42337433906250005 0.19265611093749999
2 0.4115091125 0.20437485312499998 0.4115091125 0.277031053125 0.4352395640625 0.277031053125 0.4352395640625 0.20437485312499998 0.4115091125 0.20437485312499998
2 0.51565943125 0.19734360625 0.51565943125 0.22546858906249997 0.5275246578125 0.22546858906249997 0.5275246578125 0.19734360625 0.51565943125 0.19734360625
2 0.522251225 0.19734360625 0.522251225 0.2301560828125 0.5354348078125 0.2301560828125 0.5354348078125 0.19734360625 0.522251225 0.19734360625
2 0.5235695812500001 0.1949998578125 0.5235695812500001 0.2301560828125 0.5459816765625 0.2301560828125 0.5459816765625 0.1949998578125 0.5235695812500001 0.1949998578125
2 0.5314797328124999 0.1949998578125 0.5314797328124999 0.2559373171875 0.565757053125 0.2559373171875 0.565757053125 0.1949998578125 0.5314797328124999 0.1949998578125
2 0.5552101859375 0.20437485312499998 0.5552101859375 0.2653123109375 0.5789406390625 0.2653123109375 0.5789406390625 0.20437485312499998 0.5552101859375 0.20437485312499998
2 0.55652854375 0.19734360625 0.55652854375 0.295781040625 0.6039894484375 0.295781040625 0.6039894484375 0.19734360625 0.55652854375 0.19734360625
2 0.580258996875 0.19968735625 0.580258996875 0.3145310265625 0.6303566171874999 0.3145310265625 0.6303566171874999 0.19968735625 0.580258996875 0.19968735625
2 0.602671090625 0.211406096875 0.602671090625 0.34265600625000003 0.6672706546875 0.34265600625000003 0.6672706546875 0.211406096875 0.602671090625 0.211406096875
2 0.21243698281249998 0.17624987187500002 0.21243698281249998 0.3965622203125 0.3600931328125 0.3965622203125 0.3600931328125 0.17624987187500002 0.21243698281249998 0.17624987187500002
2 0.060825759374999996 0.17624987187500002 0.060825759374999996 0.50671839375 0.27835490625000003 0.50671839375 0.27835490625000003 0.17624987187500002 0.060825759374999996 0.17624987187500002
2 0.3561380578125 0.2020311046875 0.3561380578125 0.3051560328125 0.42732941562500004 0.3051560328125 0.42732941562500004 0.2020311046875 0.3561380578125 0.2020311046875
2 0.6290382609375 0.22312483906249997 0.6290382609375 0.4106247109375 0.779331125 0.4106247109375 0.779331125 0.22312483906249997 0.6290382609375 0.22312483906249997
2 0.0001812703125 0.1903123625 0.0001812703125 0.6192183171875 0.12147025 0.6192183171875 0.12147025 0.1903123625 0.0001812703125 0.1903123625
2 0.48270046874999994 0.2020311046875 0.48270046874999994 0.230156084375 0.502475846875 0.230156084375 0.502475846875 0.2020311046875 0.48270046874999994 0.2020311046875