2 0 0.6348540625 0.314748875 0.6348540625 0.314748875 0.295793740625 0 0.295793740625 0 0.6348540625
2 0.5487629078125 0.34114045625 0.5487629078125 0.3869032015625 0.5733343828125 0.3869032015625 0.5733343828125 0.34114045625 0.5487629078125 0.34114045625
2 0.5592935390625 0.3307398328125 0.5592935390625 0.44930694375 0.6470488015625 0.44930694375 0.6470488015625 0.3307398328125 0.5592935390625 0.3307398328125
2 0.40952455781249997 0.34530070625 0.40952455781249997 0.364021828125 0.4387763140625 0.364021828125 0.4387763140625 0.34530070625 0.40952455781249997 0.34530070625
2 0.395483715625 0.35570133125000003 0.395483715625 0.426425571875 0.43643617187499995 0.426425571875 0.43643617187499995 0.35570133125000003 0.395483715625 0.35570133125000003
1 0.36974217343750004 0.3140988359375 0.36974217343750004 0.34946095625 0.4142048390625 0.34946095625 0.4142048390625 0.3140988359375 0.36974217343750004 0.3140988359375
6 0.276136559375 0.2683360921875 0.276136559375 0.3889833265625 0.37091224375 0.3889833265625 0.37091224375 0.2683360921875 0.276136559375 0.2683360921875
6 0.308898525 0.34322058125 0.308898525 0.470108190625 0.40952455781249997 0.470108190625 0.40952455781249997 0.34322058125 0.308898525 0.34322058125
2 0.4032354140625 0.32123068125 0.4032354140625 0.595807146875 0.579916009375 0.595807146875 0.579916009375 0.32123068125 0.4032354140625 0.32123068125
3 0.656877384375 0.37234232968750003 0.656877384375 0.45762744375000003 0.702510121875 0.45762744375000003 0.702510121875 0.37234232968750003 0.656877384375 0.37234232968750003
2 0.2714562796875 0.3229393671875 0.2714562796875 0.3479008640625 0.2995379625 0.3479008640625 0.2995379625 0.3229393671875 0.2714562796875 0.3229393671875
4 0.9809868203125 0.2912174625 0.9809868203125 0.353621203125 0.9997079421875 0.353621203125 0.9997079421875 0.2912174625 0.9809868203125 0.2912174625
6 0.41303476874999995 0.2995379625 0.41303476874999995 0.34530070625 0.459837575 0.34530070625 0.459837575 0.2995379625 0.41303476874999995 0.2995379625