2 0.54959126875 0.641978934375 0.54959126875 0.6662595296875 0.5618833203125 0.6662595296875 0.5618833203125 0.641978934375 0.54959126875 0.641978934375
2 0.538665003125 0.641978934375 0.538665003125 0.6735437078125 0.5536886203125 0.6735437078125 0.5536886203125 0.641978934375 0.538665003125 0.641978934375
2 0.5236413843750001 0.64440699375 0.5236413843750001 0.678399828125 0.544128134375 0.678399828125 0.544128134375 0.64440699375 0.5236413843750001 0.64440699375
2 0.485399446875 0.6201263984375001 0.485399446875 0.6856840046875 0.527738734375 0.6856840046875 0.527738734375 0.6201263984375001 0.485399446875 0.6201263984375001
2 0.48130209687500003 0.641978934375 0.48130209687500003 0.7002523640625 0.508617765625 0.7002523640625 0.508617765625 0.641978934375 0.48130209687500003 0.641978934375
2 0.42667075781249997 0.627410578125 0.42667075781249997 0.7245329578125 0.4881310140625 0.7245329578125 0.4881310140625 0.627410578125 0.42667075781249997 0.627410578125
2 0.27097144218749997 0.6395508734375001 0.27097144218749997 0.7366732546875 0.335163265625 0.7366732546875 0.335163265625 0.6395508734375001 0.27097144218749997 0.6395508734375001
2 0.4105886359375 0.6346947562499999 0.4105886359375 0.69442501875 0.43076810937500004 0.69442501875 0.43076810937500004 0.6346947562499999 0.4105886359375 0.6346947562499999
2 0.1098089921875 0.6225544562499999 0.1098089921875 0.78669128125 0.269400790625 0.78669128125 0.269400790625 0.6225544562499999 0.1098089921875 0.6225544562499999
2 0.0988827234375 0.641978934375 0.0988827234375 0.6905401234374999 0.158977196875 0.6905401234374999 0.158977196875 0.641978934375 0.0988827234375 0.641978934375
2 0.619553509375 0.6385796515625 0.619553509375 0.6677163671875 0.6332113453125 0.6677163671875 0.6332113453125 0.6385796515625 0.619553509375 0.6385796515625
2 0.6496007453125 0.636151590625 0.6496007453125 0.7211336734375 0.6960373828125 0.7211336734375 0.6960373828125 0.636151590625 0.6496007453125 0.636151590625
2 0.002219378125 0.6056274015625001 0.002219378125 0.9601240890625 0.146992425 0.9601240890625 0.146992425 0.6056274015625001 0.002219378125 0.6056274015625001
2 0.6605270109375 0.6129115796875 0.6605270109375 0.780447684375 0.7998369265624999 0.780447684375 0.7998369265624999 0.6129115796875 0.6605270109375 0.6129115796875
1 0.593603621875 0.6080554625000001 0.593603621875 0.678469190625 0.627748209375 0.678469190625 0.627748209375 0.6080554625000001 0.593603621875 0.6080554625000001
2 0.5580932515625 0.634764115625 0.5580932515625 0.6906094859375 0.5963351875 0.6906094859375 0.5963351875 0.634764115625 0.5580932515625 0.634764115625
2 0.279473421875 0.6299079984375 0.279473421875 0.7925879859375 0.4310753890625 0.7925879859375 0.4310753890625 0.6299079984375 0.279473421875 0.6299079984375