2 0.8762689546875 0.7562494921875 0.8762689546875 0.7843744734375 0.8854974640625001 0.7843744734375 0.8854974640625001 0.7562494921875 0.8762689546875 0.7562494921875
2 0.7681635609375 0.7515619953125 0.7681635609375 0.774999478125 0.7945307296874999 0.774999478125 0.7945307296874999 0.7515619953125 0.7681635609375 0.7515619953125
2 0.748388184375 0.7539057437500001 0.748388184375 0.7679682328124999 0.7681635625000001 0.7679682328124999 0.7681635625000001 0.7539057437500001 0.748388184375 0.7539057437500001
2 0.7365229578125 0.7468744984375 0.7365229578125 0.7703119828125 0.752343259375 0.7703119828125 0.752343259375 0.7468744984375 0.7365229578125 0.7468744984375
2 0.700927278125 0.7468744984375 0.700927278125 0.7656244875 0.7404780343749999 0.7656244875 0.7404780343749999 0.7468744984375 0.700927278125 0.7468744984375
2 0.6824702609375 0.7468744984375 0.6824702609375 0.7632807390624999 0.6943354859374999 0.7632807390624999 0.6943354859374999 0.7468744984375 0.6824702609375 0.7468744984375
2 0.65742145 0.7445307484375 0.65742145 0.7609369890625 0.68774369375 0.7609369890625 0.68774369375 0.7445307484375 0.65742145 0.7445307484375
2 0.611278903125 0.7468744984375 0.611278903125 0.7609369890625 0.6455562234375 0.7609369890625 0.6455562234375 0.7468744984375 0.611278903125 0.7468744984375
2 0.5901851671875 0.7468744984375 0.5901851671875 0.7609369890625 0.6139156203125 0.7609369890625 0.6139156203125 0.7468744984375 0.5901851671875 0.7468744984375
2 0.5427242624999999 0.73749950625 0.5427242624999999 0.7609369890625 0.588866809375 0.7609369890625 0.588866809375 0.73749950625 0.5427242624999999 0.73749950625
2 0.13992726718749998 0.7340619890625 0.13992726718749998 0.752811975 0.16365771875 0.752811975 0.16365771875 0.7340619890625 0.13992726718749998 0.7340619890625
2 0.1003765140625 0.7293744921875 0.1003765140625 0.74812448125 0.13992726718749998 0.74812448125 0.13992726718749998 0.7293744921875 0.1003765140625 0.7293744921875
2 0.07796441875 0.731718240625 0.07796441875 0.752811975 0.0898296453125 0.752811975 0.0898296453125 0.731718240625 0.07796441875 0.731718240625
2 0.089829646875 0.736405734375 0.089829646875 0.752811975 0.10169487343750001 0.752811975 0.10169487343750001 0.736405734375 0.089829646875 0.736405734375
2 0.05950740156249999 0.7223432453124999 0.05950740156249999 0.76218696875 0.0766460625 0.76218696875 0.0766460625 0.7223432453124999 0.05950740156249999 0.7223432453124999
2 0.8689795 0.74343698125 0.8689795 0.827811921875 0.9058935375000001 0.827811921875 0.9058935375000001 0.74343698125 0.8689795 0.74343698125
2 0.872934575 0.8020306921874999 0.872934575 0.9942180593750001 0.9164404062499999 0.9942180593750001 0.9164404062499999 0.8020306921874999 0.872934575 0.8020306921874999
4 0.30208535937500003 0.7832807046875 0.30208535937500003 0.8324994203125 0.3337259640625 0.8324994203125 0.3337259640625 0.7832807046875 0.30208535937500003 0.7832807046875
6 0.163657721875 0.5770308453124999 0.163657721875 0.8254681749999999 0.5420266 0.8254681749999999 0.5420266 0.5770308453124999 0.163657721875 0.5770308453124999
2 0.1306987578125 0.736405734375 0.1306987578125 0.9754680703125 0.3047220765625 0.9754680703125 0.3047220765625 0.736405734375 0.1306987578125 0.736405734375