2 0.41031678749999995 0.64899891875 0.41031678749999995 0.9069343875 0.6220994875 0.9069343875 0.6220994875 0.64899891875 0.41031678749999995 0.64899891875
2 0.0768467890625 0.7114026609375 0.0768467890625 0.7696461546875 0.1306700171875 0.7696461546875 0.1306700171875 0.7114026609375 0.0768467890625 0.7114026609375
2 0.2617178765625 0.6947616640625001 0.2617178765625 0.725963534375 0.28394921093750003 0.725963534375 0.28394921093750003 0.6947616640625001 0.2617178765625 0.6947616640625001
2 0.10726861406249999 0.686441165625 0.10726861406249999 0.74884490625 0.1564115609375 0.74884490625 0.1564115609375 0.686441165625 0.10726861406249999 0.686441165625
2 0.154071421875 0.6989219125 0.154071421875 0.7384442828125 0.190343596875 0.7384442828125 0.190343596875 0.6989219125 0.154071421875 0.6989219125
2 0.35298335000000003 0.6968417890625 0.35298335000000003 0.8050082749999999 0.4348882609375 0.8050082749999999 0.4348882609375 0.6968417890625 0.35298335000000003 0.6968417890625
2 0.33426222656250004 0.686441165625 0.33426222656250004 0.7509250328125 0.3693643296875 0.7509250328125 0.3693643296875 0.686441165625 0.33426222656250004 0.686441165625
2 0.314371034375 0.6926815390625001 0.314371034375 0.7238834109375001 0.3319220859375 0.7238834109375001 0.3319220859375 0.6926815390625001 0.314371034375 0.6926815390625001
2 0.3038404015625 0.6926815390625001 0.3038404015625 0.721803284375 0.31203089375 0.721803284375 0.31203089375 0.6926815390625001 0.3038404015625 0.6926815390625001
2 0.19379285468750002 0.6983275921875001 0.19379285468750002 0.7191288390625 0.2101738359375 0.7191288390625 0.2101738359375 0.6983275921875001 0.19379285468750002 0.6983275921875001
2 0.2939801296875 0.6937216015625001 0.2939801296875 0.7103625984375 0.303340690625 0.7103625984375 0.303340690625 0.6937216015625001 0.2939801296875 0.6937216015625001