2 0.08964840625 0.5437498093750001 0.08964840625 0.631874775 0.1803514984375 0.631874775 0.1803514984375 0.5437498093750001 0.08964840625 0.5437498093750001
2 0.1792968140625 0.5606248046875 0.1792968140625 0.62437478125 0.22675773124999998 0.62437478125 0.22675773124999998 0.5606248046875 0.1792968140625 0.5606248046875
2 0.30585926875 0.55687480625 0.30585926875 0.599999790625 0.33749988124999997 0.599999790625 0.33749988124999997 0.55687480625 0.30585926875 0.55687480625
2 0.3353905078125 0.5681248015625 0.3353905078125 0.6074997843750001 0.36914049531250004 0.6074997843750001 0.36914049531250004 0.5681248015625 0.3353905078125 0.5681248015625
2 0.391288925 0.55499980625 0.391288925 0.5774997953125001 0.415546728125 0.5774997953125001 0.415546728125 0.55499980625 0.391288925 0.55499980625
2 0.380742053125 0.5474998078125 0.380742053125 0.5681248015625 0.3955076734375 0.5681248015625 0.3955076734375 0.5474998078125 0.380742053125 0.5474998078125
2 0.4049998578125 0.5718748015624999 0.4049998578125 0.6037497890625 0.42925766249999997 0.6037497890625 0.42925766249999997 0.5718748015624999 0.4049998578125 0.5718748015624999
2 0.4113279828125 0.5418748078125 0.4113279828125 0.564374803125 0.42820297500000004 0.564374803125 0.42820297500000004 0.5418748078125 0.4113279828125 0.5418748078125
2 0.4714451484375 0.594374790625 0.4714451484375 0.620624784375 0.4946482625 0.620624784375 0.4946482625 0.594374790625 0.4714451484375 0.594374790625
2 0.4619529640625 0.594374790625 0.4619529640625 0.7556247328125 0.5547654296875 0.7556247328125 0.5547654296875 0.594374790625 0.4619529640625 0.594374790625
2 0.5494919953124999 0.6018747875 0.5494919953124999 0.6956247546875 0.58640604375 0.6956247546875 0.58640604375 0.6018747875 0.5494919953124999 0.6018747875
2 0.58429666875 0.62062478125 0.58429666875 0.6824997578125 0.6148825984374999 0.6824997578125 0.6148825984374999 0.62062478125 0.58429666875 0.62062478125
2 0.6032810390625001 0.62812478125 0.6032810390625001 0.6974997546874999 0.641249775 0.6974997546874999 0.641249775 0.62812478125 0.6032810390625001 0.62812478125
2 0.6349216531249999 0.6337497812499999 0.6349216531249999 0.72374975 0.6760544515625 0.72374975 0.6760544515625 0.6337497812499999 0.6349216531249999 0.6337497812499999
2 0.671835703125 0.641249775 0.671835703125 0.73499974375 0.7119138140625 0.73499974375 0.7119138140625 0.641249775 0.671835703125 0.641249775
2 0.66339820625 0.6487497734375001 0.66339820625 0.9374996718749999 0.8996481234375 0.9374996718749999 0.8996481234375 0.6487497734375001 0.66339820625 0.6487497734375001
2 0.48410139374999994 0.5437498093750001 0.48410139374999994 0.564374803125 0.49675763906250003 0.564374803125 0.49675763906250003 0.5437498093750001 0.48410139374999994 0.5437498093750001
2 0.4303123484375 0.5343748125000001 0.4303123484375 0.5718747984375 0.44613265625 0.5718747984375 0.44613265625 0.5343748125000001 0.4303123484375 0.5343748125000001