2 0.7769218515625 0.43151494062499995 0.7769218515625 0.69492968125 0.9991780421875 0.69492968125 0.9991780421875 0.43151494062499995 0.7769218515625 0.43151494062499995
2 0.6901639546875 0.419384 0.6901639546875 0.618678046875 0.8841507171874999 0.618678046875 0.8841507171874999 0.419384 0.6901639546875 0.419384
2 0.6014564390625 0.4765727234375 0.6014564390625 0.5632223109375001 0.677491453125 0.5632223109375001 0.677491453125 0.4765727234375 0.6014564390625 0.4765727234375
1 0.5283458515625 0.4349809234375 0.5283458515625 0.511232559375 0.575136628125 0.511232559375 0.575136628125 0.4349809234375 0.5283458515625 0.4349809234375
2 0.5234718125 0.46097579843750003 0.5234718125 0.49390264375 0.536144315625 0.49390264375 0.536144315625 0.46097579843750003 0.5234718125 0.46097579843750003
2 0.51957258125 0.45924280624999997 0.51957258125 0.49216965 0.5302954671875 0.49216965 0.5302954671875 0.45924280624999997 0.51957258125 0.45924280624999997
2 0.5098245046875001 0.4661747734375 0.5098245046875001 0.4887036671875 0.5234718125 0.4887036671875 0.5234718125 0.4661747734375 0.5098245046875001 0.4661747734375
2 0.2251806109375 0.4661747734375 0.2251806109375 0.5112325609374999 0.2612485015625 0.5112325609374999 0.2612485015625 0.4661747734375 0.2251806109375 0.4661747734375
2 0.2592988875 0.47137375 0.2592988875 0.504300590625 0.279769853125 0.504300590625 0.279769853125 0.47137375 0.2592988875 0.47137375
2 0.2778202359375 0.46964075781250003 0.2778202359375 0.502567596875 0.29731639374999996 0.502567596875 0.29731639374999996 0.46964075781250003 0.2778202359375 0.46964075781250003
2 0.2934171609375 0.47310674218750004 0.2934171609375 0.5025675984375 0.30608966249999997 0.5025675984375 0.30608966249999997 0.47310674218750004 0.2934171609375 0.47310674218750004
2 0.34215755468750003 0.462708790625 0.34215755468750003 0.5025676 0.371401790625 0.5025676 0.371401790625 0.462708790625 0.34215755468750003 0.462708790625
2 0.3080392796875 0.4661747734375 0.3080392796875 0.49216964843750005 0.32656062812500003 0.49216964843750005 0.32656062812500003 0.4661747734375 0.3080392796875 0.4661747734375
2 0.3255858203125 0.46790776718749993 0.3255858203125 0.49563563281249995 0.3411827453125 0.49563563281249995 0.3411827453125 0.46790776718749993 0.3255858203125 0.46790776718749993
2 0.3723765984375 0.4661747734375 0.3723765984375 0.4887036671875 0.3918727546875 0.4887036671875 0.3918727546875 0.4661747734375 0.3723765984375 0.4661747734375
2 0.44646199375 0.462708790625 0.44646199375 0.4852376828125 0.464983340625 0.4852376828125 0.464983340625 0.462708790625 0.44646199375 0.462708790625
2 0.4819449984375 0.46790776718749993 0.4819449984375 0.47830571875 0.49169307656249994 0.47830571875 0.49169307656249994 0.46790776718749993 0.4819449984375 0.46790776718749993