2 0 0.617291646875 0.067261740625 0.617291646875 0.067261740625 0.537574028125 0 0.537574028125 0 0.617291646875
2 0.054589239062499996 0.532375053125 0.054589239062499996 0.5930297640625 0.1267250203125 0.5930297640625 0.1267250203125 0.532375053125 0.054589239062499996 0.532375053125
2 0.127699828125 0.5306420609375 0.127699828125 0.582631809375 0.1803394515625 0.582631809375 0.1803394515625 0.5306420609375 0.127699828125 0.5306420609375
2 0.181314259375 0.51331214375 0.181314259375 0.5601029203125 0.2271302265625 0.5601029203125 0.2271302265625 0.51331214375 0.181314259375 0.51331214375
2 0.27392100468749997 0.50291419375 0.27392100468749997 0.5462389859375001 0.2992660109375 0.5462389859375001 0.2992660109375 0.50291419375 0.27392100468749997 0.50291419375
2 0.2982912015625 0.48211829375 0.2982912015625 0.537574028125 0.3450819765625 0.537574028125 0.3450819765625 0.48211829375 0.2982912015625 0.48211829375
2 0.3714017890625 0.478652309375 0.3714017890625 0.5549039484375 0.42014218124999997 0.5549039484375 0.42014218124999997 0.478652309375 0.3714017890625 0.478652309375
2 0.41234371875000003 0.48211829375 0.41234371875000003 0.544505996875 0.428915453125 0.544505996875 0.428915453125 0.48211829375 0.41234371875000003 0.48211829375
2 0.4240414140625 0.47518632656250004 0.4240414140625 0.5358410359375 0.44353757031249996 0.5358410359375 0.44353757031249996 0.47518632656250004 0.4240414140625 0.47518632656250004
2 0.433789490625 0.47172034375000005 0.433789490625 0.5237100921875 0.45426045625 0.5237100921875 0.45426045625 0.47172034375000005 0.433789490625 0.47172034375000005
2 0.521522196875 0.4699873515625 0.521522196875 0.5479719796875 0.551741240625 0.5479719796875 0.551741240625 0.4699873515625 0.521522196875 0.4699873515625
2 0.49617719375 0.48038530156250003 0.49617719375 0.516778128125 0.51469854375 0.516778128125 0.51469854375 0.48038530156250003 0.49617719375 0.48038530156250003
2 0.2281050359375 0.504647184375 0.2281050359375 0.5601029203125 0.2729461953125 0.5601029203125 0.2729461953125 0.504647184375 0.2281050359375 0.504647184375
2 0.3197369734375 0.49424923437499996 0.3197369734375 0.5756998453125 0.3850490984375 0.5756998453125 0.3850490984375 0.49424923437499996 0.3197369734375 0.49424923437499996
2 0.456210071875 0.47518632656250004 0.456210071875 0.5462389859375001 0.5010512328125001 0.5462389859375001 0.5010512328125001 0.47518632656250004 0.456210071875 0.47518632656250004
2 0.5449175859375 0.46478837500000003 0.5449175859375 0.5705008734375 0.6180281734374999 0.5705008734375 0.6180281734374999 0.46478837500000003 0.5449175859375 0.46478837500000003
1 0.2758706203125 0.45612341718750005 0.2758706203125 0.5063801734375 0.33825832031249997 0.5063801734375 0.33825832031249997 0.45612341718750005 0.2758706203125 0.45612341718750005
4 0.7739974296875001 0.433594525 0.7739974296875001 0.527176078125 0.796418009375 0.527176078125 0.796418009375 0.433594525 0.7739974296875001 0.433594525
4 0.7077104953125 0.4370605078125 0.7077104953125 0.5410400140625 0.728181459375 0.5410400140625 0.728181459375 0.4370605078125 0.7077104953125 0.4370605078125
4 0.906571296875 0.40759964843749996 0.906571296875 0.532375053125 0.9387399546875 0.532375053125 0.9387399546875 0.40759964843749996 0.906571296875 0.40759964843749996