2 0.3879735234375 0.28421064375 0.3879735234375 0.3119385109375 0.40454525625000004 0.3119385109375 0.40454525625000004 0.28421064375 0.3879735234375 0.28421064375
2 0.3753010203125 0.2824776515625 0.3753010203125 0.296341584375 0.3879735234375 0.296341584375 0.3879735234375 0.2824776515625 0.3753010203125 0.2824776515625
2 0.349956015625 0.28767662656250004 0.349956015625 0.308472528125 0.36652775000000004 0.308472528125 0.36652775000000004 0.28767662656250004 0.349956015625 0.28767662656250004
2 0.3538552484375 0.2928756015625 0.3538552484375 0.3431323609375 0.39382236875 0.3431323609375 0.39382236875 0.2928756015625 0.3538552484375 0.2928756015625
2 0.295366778125 0.27554568437500004 0.295366778125 0.33620039375 0.3528804390625 0.33620039375 0.3528804390625 0.27554568437500004 0.295366778125 0.27554568437500004
2 0.20470964687499998 0.2720797015625 0.20470964687499998 0.329268428125 0.25539965625 0.329268428125 0.25539965625 0.2720797015625 0.20470964687499998 0.2720797015625
2 0.11405251875 0.265147734375 0.11405251875 0.3639282625 0.215432534375 0.3639282625 0.215432534375 0.265147734375 0.11405251875 0.265147734375
2 0.20958368593749999 0.2824776515625 0.20958368593749999 0.43844690625 0.36262851875 0.43844690625 0.36262851875 0.2824776515625 0.20958368593749999 0.2824776515625
2 0.364578134375 0.27554568437500004 0.364578134375 0.532028459375 0.5478420093749999 0.532028459375 0.5478420093749999 0.27554568437500004 0.364578134375 0.27554568437500004
2 0 0.4627087890625 0.16084329375 0.4627087890625 0.16084329375 0.23222089218750003 0 0.23222089218750003 0 0.4627087890625
6 0 0.2374198671875 0.0409419296875 0.2374198671875 0.0409419296875 0.195828065625 0 0.195828065625 0 0.2374198671875