2 0.392601959375 0.36183665625 0.392601959375 0.378367265625 0.40499991562500004 0.378367265625 0.40499991562500004 0.36183665625 0.392601959375 0.36183665625
2 0.3822703265625 0.36183665625 0.3822703265625 0.38204073125 0.3946682828125 0.38204073125 0.3946682828125 0.36183665625 0.3822703265625 0.36183665625
2 0.3688392078125 0.3636733921875 0.3688392078125 0.385714203125 0.384336653125 0.385714203125 0.384336653125 0.3636733921875 0.3688392078125 0.3636733921875
2 0.3512754359375 0.3581631890625 0.3512754359375 0.394897875 0.374005021875 0.394897875 0.374005021875 0.3581631890625 0.3512754359375 0.3581631890625
2 0.4029335890625 0.3636733921875 0.4029335890625 0.3802040015625 0.4132652171875 0.3802040015625 0.4132652171875 0.3636733921875 0.4029335890625 0.3636733921875
2 0.41016572812499996 0.35632645625000003 0.41016572812499996 0.38387747031249997 0.4277295 0.38387747031249997 0.4277295 0.35632645625000003 0.41016572812499996 0.35632645625000003
2 0.41533154375 0.35632645625000003 0.41533154375 0.38571420624999997 0.43082899062499996 0.38571420624999997 0.43082899062499996 0.35632645625000003 0.41533154375 0.35632645625000003
2 0.42463001250000004 0.3581631890625 0.42463001250000004 0.3875509375 0.443226946875 0.3875509375 0.443226946875 0.3581631890625 0.42463001250000004 0.3581631890625
2 0.43599480625 0.35999992187499996 0.43599480625 0.40591827968749994 0.4545917421875 0.40591827968749994 0.4545917421875 0.35999992187499996 0.43599480625 0.35999992187499996
2 0.4483927625 0.35632645625000003 0.4483927625 0.4169386890625 0.48352030625 0.4169386890625 0.48352030625 0.35632645625000003 0.4483927625 0.35632645625000003
2 0.4711223484375 0.3691835953125 0.4711223484375 0.43714276406249997 0.5072830546875 0.43714276406249997 0.5072830546875 0.3691835953125 0.4711223484375 0.3691835953125
2 0.3223468703125 0.36183665625 0.3223468703125 0.4169386859375 0.3574744140625 0.4169386859375 0.3574744140625 0.36183665625 0.3223468703125 0.36183665625
2 0.292385140625 0.3636733921875 0.292385140625 0.431632559375 0.33681115156249997 0.431632559375 0.33681115156249997 0.3636733921875 0.292385140625 0.3636733921875
2 0.27172188125 0.3691835953125 0.27172188125 0.4591835796875 0.30994891406249997 0.4591835796875 0.30994891406249997 0.3691835953125 0.27172188125 0.3691835953125
2 0.4954754765625 0.3781048828125 0.4954754765625 0.4901456765625 0.565730565625 0.4901456765625 0.565730565625 0.3781048828125 0.4954754765625 0.3781048828125
2 0.543000978125 0.3854518203125 0.543000978125 0.5379007687499999 0.6597484031249999 0.5379007687499999 0.6597484031249999 0.3854518203125 0.543000978125 0.3854518203125
2 0.608345196875 0.39926533124999997 0.608345196875 0.6417142609375001 0.8656027953125 0.6417142609375001 0.8656027953125 0.39926533124999997 0.608345196875 0.39926533124999997
2 0.20541160937499997 0.3663710953125 0.20541160937499997 0.485758825 0.2921973046875 0.485758825 0.2921973046875 0.3663710953125 0.20541160937499997 0.3663710953125
2 0.0008453250000000001 0.3773915 0.0008453250000000001 0.6510649125 0.1723503890625 0.6510649125 0.1723503890625 0.3773915 0.0008453250000000001 0.3773915