2 0.1306924234375 0.34282895 0.1306924234375 0.3801315796875 0.184648015625 0.3801315796875 0.184648015625 0.34282895 0.1306924234375 0.34282895
2 0.21762087812500003 0.348157896875 0.21762087812500003 0.385460525 0.25658880625 0.385460525 0.25658880625 0.348157896875 0.21762087812500003 0.348157896875
2 0.2705772921875 0.355263159375 0.2705772921875 0.39434210625 0.308546040625 0.39434210625 0.308546040625 0.355263159375 0.2705772921875 0.355263159375
2 0.352509859375 0.36236842343750003 0.352509859375 0.3907894765625 0.3774892984375 0.3907894765625 0.3774892984375 0.36236842343750003 0.352509859375 0.36236842343750003
2 0.3724934109375 0.3676973703125 0.3724934109375 0.42809210625 0.3924769640625 0.42809210625 0.3924769640625 0.3676973703125 0.3724934109375 0.3676973703125
2 0.492394728125 0.37657894999999997 0.492394728125 0.39256579375 0.500388146875 0.39256579375 0.500388146875 0.37657894999999997 0.492394728125 0.37657894999999997
2 0.502386503125 0.38723684375 0.502386503125 0.41210526718749996 0.5143766359375 0.41210526718749996 0.5143766359375 0.38723684375 0.502386503125 0.38723684375
2 0.483402128125 0.3836842125 0.483402128125 0.422763159375 0.5003881484375 0.422763159375 0.5003881484375 0.3836842125 0.483402128125 0.3836842125
2 0.51237828125 0.3836842125 0.51237828125 0.41388158124999996 0.5283651234375 0.41388158124999996 0.5283651234375 0.3836842125 0.51237828125 0.3836842125
2 0.5483486734375 0.38723684375 0.5483486734375 0.41388158124999996 0.5593396296875001 0.41388158124999996 0.5593396296875001 0.38723684375 0.5483486734375 0.38723684375
2 0.6152935765625 0.4014473703125 0.6152935765625 0.4263157921875 0.6352771296874999 0.4263157921875 0.6352771296874999 0.4014473703125 0.6152935765625 0.4014473703125
2 0 0.705197371875 0.196638146875 0.705197371875 0.196638146875 0.3410526328125 0 0.3410526328125 0 0.705197371875
2 0.379487653125 0.33927631874999997 0.379487653125 0.5044736875 0.497390615625 0.5044736875 0.497390615625 0.33927631874999997 0.379487653125 0.33927631874999997
2 0.5203717015625 0.39256579375 0.5203717015625 0.429868421875 0.5543437390625 0.429868421875 0.5543437390625 0.39256579375 0.5203717015625 0.39256579375
2 0.5483486734375 0.3712500015625 0.5483486734375 0.492039475 0.620289465625 0.492039475 0.620289465625 0.3712500015625 0.5483486734375 0.3712500015625
2 0.6612557484375 0.412105265625 0.6612557484375 0.5044736875 0.7431883140625 0.5044736875 0.7431883140625 0.412105265625 0.6612557484375 0.412105265625