2 0.6171048875 0.70826104375 0.6171048875 0.7224902953125001 0.6301113140625 0.7224902953125001 0.6301113140625 0.70826104375 0.6171048875 0.70826104375
2 0.602097471875 0.70826104375 0.602097471875 0.7224902953125001 0.6161043937499999 0.7224902953125001 0.6161043937499999 0.70826104375 0.602097471875 0.70826104375
2 0.5760846203125001 0.7011464171874999 0.5760846203125001 0.7224902953125001 0.6030979671875001 0.7224902953125001 0.6030979671875001 0.7011464171874999 0.5760846203125001 0.7011464171874999
2 0.51005199375 0.7029250734375 0.51005199375 0.729604921875 0.538065834375 0.729604921875 0.538065834375 0.7029250734375 0.51005199375 0.7029250734375
2 0.49304359062499997 0.7011464171874999 0.49304359062499997 0.727826265625 0.5150544671875 0.727826265625 0.5150544671875 0.7011464171874999 0.49304359062499997 0.7011464171874999
2 0.374985259375 0.68158119375 0.374985259375 0.758063428125 0.4740341984375 0.758063428125 0.4740341984375 0.68158119375 0.374985259375 0.68158119375
2 0.32396005 0.68158119375 0.32396005 0.7527274562499999 0.3799877328125 0.7527274562499999 0.3799877328125 0.68158119375 0.32396005 0.68158119375
2 0.1848913390625 0.6584586609375 0.1848913390625 0.78296461875 0.327962028125 0.78296461875 0.327962028125 0.6584586609375 0.1848913390625 0.6584586609375
2 0.678135040625 0.7064823890625 0.678135040625 0.7296049234375 0.685138503125 0.7296049234375 0.685138503125 0.7064823890625 0.678135040625 0.7064823890625
2 0.6861389953125 0.71181835625 0.6861389953125 0.74205551875 0.7051483875 0.74205551875 0.7051483875 0.71181835625 0.6861389953125 0.71181835625
2 0.6351137859375 0.6886958203125 0.6351137859375 0.758063428125 0.6811365234375 0.758063428125 0.6811365234375 0.6886958203125 0.6351137859375 0.6886958203125
2 0.7721815078125001 0.695810446875 0.7721815078125001 0.7740713359375 0.83221116875 0.7740713359375 0.83221116875 0.695810446875 0.7721815078125001 0.695810446875
2 0.8412156156249999 0.6904744765624999 0.8412156156249999 0.9092492343749999 0.9992937187500001 0.9092492343749999 0.9992937187500001 0.6904744765624999 0.8412156156249999 0.6904744765624999
6 0.63431169375 0.6496870453125 0.63431169375 0.7012495109375 0.66727065625 0.7012495109375 0.66727065625 0.6496870453125 0.63431169375 0.6496870453125