2 0.59635794375 0.422265321875 0.59635794375 0.5127631625 0.664130471875 0.5127631625 0.664130471875 0.422265321875 0.59635794375 0.422265321875
2 0.403296365625 0.3910634515625 0.403296365625 0.5013100625 0.47233050624999995 0.5013100625 0.47233050624999995 0.3910634515625 0.403296365625 0.3910634515625
2 0.1485548125 0.44171053125000004 0.1485548125 0.4914473734375 0.1955161609375 0.4914473734375 0.1955161609375 0.44171053125000004 0.1485548125 0.44171053125000004
2 0.11558195 0.4328289515625 0.11558195 0.49500000625 0.15355069999999998 0.49500000625 0.15355069999999998 0.4328289515625 0.11558195 0.4328289515625
2 0.034221834374999996 0.42365131875 0.034221834374999996 0.500032896875 0.11615439999999999 0.500032896875 0.11615439999999999 0.42365131875 0.034221834374999996 0.42365131875
2 0.0007993296875 0.44098644374999996 0.0007993296875 0.49090943906250006 0.020683421875 0.49090943906250006 0.020683421875 0.44098644374999996 0.0007993296875 0.44098644374999996
2 0.465310084375 0.42434544687500003 0.465310084375 0.47842869062500004 0.4840312078125 0.47842869062500004 0.4840312078125 0.42434544687500003 0.465310084375 0.42434544687500003
2 0.47467064687500005 0.422265321875 0.47467064687500005 0.4763485671875 0.5039224 0.4763485671875 0.5039224 0.422265321875 0.47467064687500005 0.422265321875
2 0.577636821875 0.426425571875 0.577636821875 0.4992299375 0.609228715625 0.4992299375 0.609228715625 0.426425571875 0.577636821875 0.426425571875
2 0.5565755593749999 0.42434544687500003 0.5565755593749999 0.48050881562500003 0.586997384375 0.48050881562500003 0.586997384375 0.42434544687500003 0.5565755593749999 0.42434544687500003
2 0.551895278125 0.4368261953125 0.551895278125 0.4701081921875 0.572956540625 0.4701081921875 0.572956540625 0.4368261953125 0.551895278125 0.4368261953125
2 0.53902450625 0.44514669375000004 0.53902450625 0.4680280671875 0.5600857687499999 0.4680280671875 0.5600857687499999 0.44514669375000004 0.53902450625 0.44514669375000004
2 0.500412190625 0.44098644374999996 0.500412190625 0.4701081921875 0.5132829625 0.4701081921875 0.5132829625 0.44098644374999996 0.500412190625 0.44098644374999996
2 0.510942821875 0.44306656875000006 0.510942821875 0.47218831562499997 0.521473453125 0.47218831562499997 0.521473453125 0.44306656875000006 0.510942821875 0.44306656875000006