4 0.311543575 0.5488815812500001 0.311543575 0.6270394765625 0.3275304171875 0.6270394765625 0.3275304171875 0.5488815812500001 0.311543575 0.5488815812500001
4 0.0417656140625 0.5630921078125 0.0417656140625 0.618157896875 0.0647466984375 0.618157896875 0.0647466984375 0.5630921078125 0.0417656140625 0.5630921078125
2 0.53635854375 0.54177631875 0.53635854375 0.577302634375 0.5553429171875 0.577302634375 0.5553429171875 0.54177631875 0.53635854375 0.54177631875
2 0.48440130625 0.5542105296875001 0.48440130625 0.58263158125 0.5103799234374999 0.58263158125 0.5103799234374999 0.5542105296875001 0.48440130625 0.5542105296875001
2 0.6232869984375 0.5364473703125 0.6232869984375 0.5595394765624999 0.635277128125 0.5595394765624999 0.635277128125 0.5364473703125 0.6232869984375 0.5364473703125
6 0.72120640625 0.50802631875 0.72120640625 0.564868425 0.75417926875 0.564868425 0.75417926875 0.50802631875 0.72120640625 0.50802631875
2 0.5703305828125 0.5311184250000001 0.5703305828125 0.5577631609375 0.5903141359374999 0.5577631609375 0.5903141359374999 0.5311184250000001 0.5703305828125 0.5311184250000001
2 0.44843091093750004 0.550657896875 0.44843091093750004 0.5897368453125 0.48440130625 0.5897368453125 0.48440130625 0.550657896875 0.44843091093750004 0.550657896875
2 0.4044670953125 0.5559868453125001 0.4044670953125 0.596842109375 0.44143666875000004 0.596842109375 0.44143666875000004 0.5559868453125001 0.4044670953125 0.5559868453125001
2 0.5113791015625 0.543552634375 0.5113791015625 0.5861842140625 0.53635854375 0.5861842140625 0.53635854375 0.543552634375 0.5113791015625 0.543552634375
2 0.5913133125 0.54177631875 0.5913133125 0.57907895 0.6222878203125 0.57907895 0.6222878203125 0.54177631875 0.5913133125 0.54177631875
2 0.624286175 0.5222368453125 0.624286175 0.6288157937500001 0.7002236749999999 0.6288157937500001 0.7002236749999999 0.5222368453125 0.624286175 0.5222368453125
2 0.2565888046875 0.56842105625 0.2565888046875 0.6146052671875 0.3090140875 0.6146052671875 0.3090140875 0.56842105625 0.2565888046875 0.56842105625
2 0 0.6430263187499999 0.045762325 0.6430263187499999 0.045762325 0.5915131609375 0 0.5915131609375 0 0.6430263187499999