2 0.0007796453125 0.335420815625 0.0007796453125 0.57243304375 0.1730812984375 0.57243304375 0.1730812984375 0.335420815625 0.0007796453125 0.335420815625
2 0.150219815625 0.32849063125 0.150219815625 0.49342896718749996 0.28353919375 0.49342896718749996 0.28353919375 0.32849063125 0.150219815625 0.32849063125
2 0.267946284375 0.34789514375 0.267946284375 0.4573920203125 0.33343650468749997 0.4573920203125 0.33343650468749997 0.34789514375 0.267946284375 0.34789514375
2 0.35916480625 0.35066721562500003 0.35916480625 0.415810928125 0.4098417625 0.415810928125 0.4098417625 0.35066721562500003 0.35916480625 0.35066721562500003
2 0.6024141984375 0.3215604515625 0.6024141984375 0.4823406765625 0.7115645671874999 0.4823406765625 0.7115645671874999 0.3215604515625 0.6024141984375 0.3215604515625
2 0.40015304843750005 0.3582904171875 0.40015304843750005 0.40402961875 0.4328981578125 0.40402961875 0.4328981578125 0.3582904171875 0.40015304843750005 0.3582904171875
2 0.40950879375 0.3485881609375 0.40950879375 0.3998715078125 0.439914965625 0.3998715078125 0.439914965625 0.3485881609375 0.40950879375 0.3485881609375
2 0.43445745 0.3569043796875 0.43445745 0.392941328125 0.4508300046875 0.392941328125 0.4508300046875 0.3569043796875 0.43445745 0.3569043796875
2 0.4383556765625 0.3527462703125 0.4383556765625 0.3901692546875 0.4570671671875 0.3901692546875 0.4570671671875 0.3527462703125 0.4383556765625 0.3527462703125
2 0.5818104468749999 0.349974196875 0.5818104468749999 0.4442246765625 0.62313165625 0.4442246765625 0.62313165625 0.349974196875 0.5818104468749999 0.349974196875
2 0.564658246875 0.3527462703125 0.564658246875 0.4248201625 0.6020812296875 0.4248201625 0.6020812296875 0.3527462703125 0.564658246875 0.3527462703125
2 0.5560821453125 0.35413230625000003 0.5560821453125 0.41788998125 0.579471509375 0.41788998125 0.579471509375 0.35413230625000003 0.5560821453125 0.35413230625000003
2 0.536591009375 0.35551834375 0.536591009375 0.398485471875 0.5654378906249999 0.398485471875 0.5654378906249999 0.35551834375 0.536591009375 0.35551834375
2 0.52177774375 0.3610624890625 0.52177774375 0.3846251078125 0.5350317171875 0.3846251078125 0.5350317171875 0.3610624890625 0.52177774375 0.3610624890625
2 0.5264556171875 0.3444300515625 0.5264556171875 0.3818530359375 0.5443874640625 0.3818530359375 0.5443874640625 0.3444300515625 0.5264556171875 0.3444300515625
2 0.5116423515624999 0.3527462703125 0.5116423515624999 0.3735368171875 0.5280149078124999 0.3735368171875 0.5280149078124999 0.3527462703125 0.5116423515624999 0.3527462703125
2 0.47733795 0.36937870625 0.47733795 0.3818530359375 0.48591405156249995 0.3818530359375 0.48591405156249995 0.36937870625 0.47733795 0.36937870625
2 0.46252468750000003 0.36799266875000003 0.46252468750000003 0.38462510625 0.47655830625 0.38462510625 0.47655830625 0.36799266875000003 0.46252468750000003 0.36799266875000003
2 0.46252468750000003 0.35551834375 0.46252468750000003 0.367992671875 0.47577865937499997 0.367992671875 0.47577865937499997 0.35551834375 0.46252468750000003 0.35551834375
2 0.49838837968750005 0.35413230625000003 0.49838837968750005 0.3790809625 0.5124219984375 0.3790809625 0.5124219984375 0.35413230625000003 0.49838837968750005 0.35413230625000003
2 0.4874733421875 0.3569043796875 0.4874733421875 0.3666066359375 0.49604944531250006 0.3666066359375 0.49604944531250006 0.3569043796875 0.4874733421875 0.3569043796875