6 0.5834506265625 0.328705434375 0.5834506265625 0.5482987265625 0.736448509375 0.5482987265625 0.736448509375 0.328705434375 0.5834506265625 0.328705434375
2 0.301316915625 0.3636407328125 0.301316915625 0.7516720609374999 0.5743269015625 0.7516720609374999 0.5743269015625 0.3636407328125 0.301316915625 0.3636407328125
2 0.534322865625 0.42852056875000005 0.534322865625 0.533326459375 0.586959753125 0.533326459375 0.586959753125 0.42852056875000005 0.534322865625 0.42852056875000005
2 0.565904996875 0.4110529203125 0.565904996875 0.449731284375 0.58906523125 0.449731284375 0.58906523125 0.4110529203125 0.565904996875 0.4110529203125
2 0.5518684953124999 0.3948329609375 0.5518684953124999 0.422282121875 0.5666068234375 0.422282121875 0.5666068234375 0.3948329609375 0.5518684953124999 0.3948329609375
4 0.5223918390625 0.3836037609375 0.5223918390625 0.4010714078125 0.5392356406250001 0.4010714078125 0.5392356406250001 0.3836037609375 0.5223918390625 0.3836037609375
4 0.0977876234375 0.318723921875 0.0977876234375 0.52459263125 0.149722684375 0.52459263125 0.149722684375 0.318723921875 0.0977876234375 0.318723921875
4 0.2283271015625 0.3611453546875 0.2283271015625 0.47718044531250003 0.2521891578125 0.47718044531250003 0.2521891578125 0.3611453546875 0.2283271015625 0.3611453546875
4 0.20797417187499997 0.347420775 0.20797417187499997 0.47593275625000003 0.2297307515625 0.47593275625000003 0.2297307515625 0.347420775 0.20797417187499997 0.347420775
4 0.1827084671875 0.3748699328125 0.1827084671875 0.47094199843749995 0.20797417187499997 0.47094199843749995 0.20797417187499997 0.3748699328125 0.1827084671875 0.3748699328125
4 0.883129965625 0.5732525109375 0.883129965625 0.575747890625 0.9013774203124999 0.575747890625 0.9013774203124999 0.5732525109375 0.883129965625 0.5732525109375
2 0.905588371875 0.51336343125 0.905588371875 0.6019493625 0.999632940625 0.6019493625 0.999632940625 0.51336343125 0.905588371875 0.51336343125
4 0.8824281421875 0.4946480953125 0.8824281421875 0.575747890625 0.900675596875 0.575747890625 0.900675596875 0.4946480953125 0.8824281421875 0.4946480953125
4 0.0978242203125 0.3603933921875 0.0978242203125 0.45023159375 0.1237741078125 0.45023159375 0.1237741078125 0.3603933921875 0.0978242203125 0.3603933921875