2 0.4903052546875 0.5625356015625 0.4903052546875 0.5752915109375001 0.501068053125 0.5752915109375001 0.501068053125 0.5625356015625 0.4903052546875 0.5625356015625
2 0.480738321875 0.5646615859375 0.480738321875 0.5774174953125 0.4903052546875 0.5774174953125 0.4903052546875 0.5646615859375 0.480738321875 0.5646615859375
2 0.46399619062499997 0.5667875718750001 0.46399619062499997 0.58592143125 0.4783465890625 0.58592143125 0.4783465890625 0.5667875718750001 0.46399619062499997 0.5667875718750001
2 0.450841659375 0.5752915109375001 0.450841659375 0.5965513609374999 0.467583790625 0.5965513609374999 0.467583790625 0.5752915109375001 0.450841659375 0.5752915109375001
2 0.501068053125 0.5646615859375 0.501068053125 0.5795434796875 0.5106349859375 0.5795434796875 0.5106349859375 0.5646615859375 0.501068053125 0.5646615859375
2 0.5178101828125 0.5752915109375001 0.5178101828125 0.59867734375 0.5309647140625 0.59867734375 0.5309647140625 0.5752915109375001 0.5178101828125 0.5752915109375001
2 0.5261812484374999 0.5752915109375001 0.5261812484374999 0.6093072703125 0.5381399124999999 0.6093072703125 0.5381399124999999 0.5752915109375001 0.5261812484374999 0.5752915109375001
2 0.37071860624999997 0.5625356015625 0.37071860624999997 0.6305671171875 0.4077904671875 0.6305671171875 0.4077904671875 0.5625356015625 0.37071860624999997 0.5625356015625
2 0.24634849375 0.54977969375 0.24634849375 0.67733878125 0.3145128828125 0.67733878125 0.3145128828125 0.54977969375 0.24634849375 0.54977969375
2 0.30494595156250004 0.54977969375 0.30494595156250004 0.6454490125000001 0.3802855390625 0.6454490125000001 0.3802855390625 0.54977969375 0.30494595156250004 0.54977969375
2 0.47595485625 0.5731655265625 0.47595485625 0.5922993875 0.49150112031250004 0.5922993875 0.49150112031250004 0.5731655265625 0.47595485625 0.5731655265625
2 0.49867632031250003 0.5774174953125 0.49867632031250003 0.596551359375 0.5130267171875 0.596551359375 0.5130267171875 0.5774174953125 0.49867632031250003 0.5774174953125
2 0.5357481796875 0.5731655265625 0.5357481796875 0.6178112062500001 0.5644489734375 0.6178112062500001 0.5644489734375 0.5731655265625 0.5357481796875 0.5731655265625
2 0.568036575 0.53914976875 0.568036575 0.66883484375 0.650551359375 0.66883484375 0.650551359375 0.53914976875 0.568036575 0.53914976875
2 0.6713594296875 0.511511965625 0.6713594296875 0.8431656015625 0.971521953125 0.8431656015625 0.971521953125 0.511511965625 0.6713594296875 0.511511965625
2 0 0.756000221875 0.24993609375 0.756000221875 0.24993609375 0.42647257187500004 0 0.42647257187500004 0 0.756000221875
2 0.8187699359374999 0.611433253125 0.8187699359374999 0.996236509375 0.99902688125 0.996236509375 0.99902688125 0.611433253125 0.8187699359374999 0.611433253125
2 0.3934400703125 0.567637953125 0.3934400703125 0.64417340625 0.458016859375 0.64417340625 0.458016859375 0.567637953125 0.3934400703125 0.567637953125