2 0.4444680734375 0.4106247109375 0.4444680734375 0.43640594374999997 0.461606734375 0.43640594374999997 0.461606734375 0.4106247109375 0.4444680734375 0.4106247109375
2 0.42337433906250005 0.4082809625 0.42337433906250005 0.43640594374999997 0.44710479062499997 0.43640594374999997 0.44710479062499997 0.4082809625 0.42337433906250005 0.4082809625
2 0.4088723953125 0.4082809625 0.4088723953125 0.448124684375 0.42996613124999994 0.448124684375 0.42996613124999994 0.4082809625 0.4088723953125 0.4082809625
2 0.391733734375 0.41765595624999996 0.391733734375 0.45515593125000003 0.41678254687500005 0.45515593125000003 0.41678254687500005 0.41765595624999996 0.391733734375 0.41765595624999996
2 0.1254253265625 0.389530975 0.1254253265625 0.46218717500000006 0.197935040625 0.46218717500000006 0.197935040625 0.389530975 0.1254253265625 0.389530975
2 0.5301613749999999 0.40593721406250005 0.5301613749999999 0.42703094999999996 0.53938988125 0.42703094999999996 0.53938988125 0.40593721406250005 0.5301613749999999 0.40593721406250005
2 0.516977790625 0.4082809625 0.516977790625 0.42703094999999996 0.5301613749999999 0.42703094999999996 0.5301613749999999 0.4082809625 0.516977790625 0.4082809625
2 0.6000343734375 0.4082809625 0.6000343734375 0.5137496406250001 0.6910011078125 0.5137496406250001 0.6910011078125 0.4082809625 0.6000343734375 0.4082809625
2 0.6712257312500001 0.4082809625 0.6712257312500001 0.541874621875 0.79778814375 0.541874621875 0.79778814375 0.4082809625 0.6712257312500001 0.4082809625
2 0.3403177546875 0.387187225 0.3403177546875 0.47390591562499995 0.398325528125 0.47390591562499995 0.398325528125 0.387187225 0.3403177546875 0.387187225
2 0.4642434515625 0.4082809625 0.4642434515625 0.4434371875 0.487973903125 0.4434371875 0.487973903125 0.4082809625 0.4642434515625 0.4082809625
2 0.23880415312499997 0.41531220625 0.23880415312499997 0.50906214375 0.335044321875 0.50906214375 0.335044321875 0.41531220625 0.23880415312499997 0.41531220625
6 0.5314797328124999 0.368437240625 0.5314797328124999 0.47624966718749995 0.67518080625 0.47624966718749995 0.67518080625 0.368437240625 0.5314797328124999 0.368437240625
6 0.7553186234375 0.285969225 0.7553186234375 0.5910933359375 0.9994969890625001 0.5910933359375 0.9994969890625001 0.285969225 0.7553186234375 0.285969225
2 0 0.59812458125 0.10169487343750001 0.59812458125 0.10169487343750001 0.39421847187500003 0 0.39421847187500003 0 0.59812458125