4 0.5612334953125 0.618022040625 0.5612334953125 0.6479665812500001 0.569655396875 0.6479665812500001 0.569655396875 0.618022040625 0.5612334953125 0.618022040625
4 0.3315027234375 0.56312371875 0.3315027234375 0.6105358984375 0.3427319265625 0.6105358984375 0.3427319265625 0.56312371875 0.3315027234375 0.56312371875
4 0.269040284375 0.5656190953125 0.269040284375 0.6055451484375001 0.2809713125 0.6055451484375001 0.2809713125 0.5656190953125 0.269040284375 0.5656190953125
4 0.20236689531250002 0.55438989375 0.20236689531250002 0.5780959875 0.2135960984375 0.5780959875 0.2135960984375 0.55438989375 0.20236689531250002 0.55438989375
4 0.1560464359375 0.5506468265625 0.1560464359375 0.6030497703125001 0.1672756390625 0.6030497703125001 0.1672756390625 0.5506468265625 0.1560464359375 0.5506468265625
4 0.10551502500000001 0.5556375828125 0.10551502500000001 0.61053590625 0.1153405765625 0.61053590625 0.1153405765625 0.5556375828125 0.10551502500000001 0.5556375828125
4 0.094285821875 0.5531422046875 0.094285821875 0.6092882171875 0.106918675 0.6092882171875 0.106918675 0.5531422046875 0.094285821875 0.5531422046875
4 0.148560296875 0.5589647421875 0.148560296875 0.61635845 0.1604913203125 0.61635845 0.1604913203125 0.5589647421875 0.148560296875 0.5589647421875
4 0.320507459375 0.5664508765625 0.320507459375 0.62633995625 0.333842140625 0.62633995625 0.333842140625 0.5664508765625 0.320507459375 0.5664508765625
4 0.6108291328125001 0.6113676859375 0.6108291328125001 0.6687613875 0.623461984375 0.6687613875 0.623461984375 0.6113676859375 0.6108291328125001 0.6113676859375
4 0.5778433515625 0.60887230625 0.5778433515625 0.6837336640625 0.6024072312500001 0.6837336640625 0.6024072312500001 0.60887230625 0.5778433515625 0.60887230625
4 0.7764598687500001 0.641312225 0.7764598687500001 0.7511088703125 0.808042 0.7511088703125 0.808042 0.641312225 0.7764598687500001 0.641312225
4 0.355364778125 0.57310523125 0.355364778125 0.6304989328125 0.3764195328125 0.6304989328125 0.3764195328125 0.57310523125 0.355364778125 0.57310523125
2 0.9743745593750001 0.6883085234374999 0.9743745593750001 0.7457022249999999 0.999640265625 0.7457022249999999 0.999640265625 0.6883085234374999 0.9743745593750001 0.6883085234374999
2 0.8157620765625 0.65794809375 0.8157620765625 0.7452863359374999 0.964549003125 0.7452863359374999 0.964549003125 0.65794809375 0.8157620765625 0.65794809375
2 0.808042 0.6591957828125 0.808042 0.70536028125 0.8375186609374999 0.70536028125 0.8375186609374999 0.6591957828125 0.808042 0.6591957828125
2 0.4358407296875 0.5905728796874999 0.4358407296875 0.6030497703125001 0.44426263125 0.6030497703125001 0.44426263125 0.5905728796874999 0.4358407296875 0.5905728796874999
2 0.4414553296875 0.59182056875 0.4414553296875 0.613031284375 0.449877228125 0.613031284375 0.449877228125 0.59182056875 0.4414553296875 0.59182056875
2 0.44847358593750003 0.591404659375 0.44847358593750003 0.6225968875000001 0.4709319890625 0.6225968875000001 0.4709319890625 0.591404659375 0.44847358593750003 0.591404659375
2 0.357938140625 0.5627078078125 0.357938140625 0.703696684375 0.4597027921875 0.703696684375 0.4597027921875 0.5627078078125 0.357938140625 0.5627078078125
2 0 0.6354896890624999 0.0566212015625 0.6354896890624999 0.0566212015625 0.52569304375 0 0.52569304375 0 0.6354896890624999
2 0.37033704375 0.57310521875 0.37033704375 0.6255081640625 0.4152538578125 0.6255081640625 0.4152538578125 0.57310521875 0.37033704375 0.57310521875
5 0.816288828125 0.62094431875 0.816288828125 0.891221421875 0.9098462890624999 0.891221421875 0.9098462890624999 0.62094431875 0.816288828125 0.62094431875
0 0.7991366265625001 0.7387574156250001 0.7991366265625001 0.9979462265624999 0.9301170687500001 0.9979462265624999 0.9301170687500001 0.7387574156250001 0.7991366265625001 0.7387574156250001