4 0.0107777109375 0.3558645921875 0.0107777109375 0.4129988125 0.02546936875 0.4129988125 0.02546936875 0.3558645921875 0.0107777109375 0.3558645921875
4 0.0980094265625 0.373821059375 0.0980094265625 0.4276904703125 0.10994639843750001 0.4276904703125 0.10994639843750001 0.373821059375 0.0980094265625 0.373821059375
2 0.22802676093750002 0.37327691875 0.22802676093750002 0.38633616875 0.2454731046875 0.38633616875 0.2454731046875 0.37327691875 0.22802676093750002 0.37327691875
2 0.18854293125 0.37327691875 0.18854293125 0.387968578125 0.20507104687500002 0.387968578125 0.20507104687500002 0.37327691875 0.18854293125 0.37327691875
2 0.23261790468750002 0.4091898609375 0.23261790468750002 0.45652964375 0.26567413281249996 0.45652964375 0.26567413281249996 0.4091898609375 0.23261790468750002 0.4091898609375
2 0.28333910625000003 0.3682242390625 0.28333910625000003 0.3812834921875 0.2934396203125 0.3812834921875 0.2934396203125 0.3682242390625 0.28333910625000003 0.3682242390625
2 0.26038339062500004 0.39597515 0.26038339062500004 0.47269825 0.3118041921875 0.47269825 0.3118041921875 0.39597515 0.26038339062500004 0.39597515
2 0 0.855107325 0.13664911562499998 0.855107325 0.13664911562499998 0.45680016874999996 0 0.45680016874999996 0 0.855107325
2 0.8698685562499999 0.42877875000000004 0.8698685562499999 0.44347040781249997 0.8873148984375 0.44347040781249997 0.8873148984375 0.42877875000000004 0.8698685562499999 0.42877875000000004
2 0.8515039859375 0.42551393437499996 0.8515039859375 0.4385731875 0.8680321015624999 0.4385731875 0.8680321015624999 0.42551393437499996 0.8515039859375 0.42551393437499996
2 0.8294664984375 0.41735190468749994 0.8294664984375 0.43694078125 0.8487492984375 0.43694078125 0.8487492984375 0.41735190468749994 0.8294664984375 0.41735190468749994
2 0.7734545546875 0.4091898734375 0.7734545546875 0.42388153125 0.7890644390625 0.42388153125 0.7890644390625 0.4091898734375 0.7734545546875 0.4091898734375
2 0.8166112984374999 0.41898431093750005 0.8166112984374999 0.43367596875 0.8303847265625001 0.43367596875 0.8303847265625001 0.41898431093750005 0.8166112984374999 0.41898431093750005
2 0.3404295484375 0.3769814703125 0.3404295484375 0.39990601875 0.357622959375 0.39990601875 0.357622959375 0.3769814703125 0.3404295484375 0.3769814703125