2 0.575144990625 0.493094825 0.575144990625 0.5080645859375 0.582034484375 0.5080645859375 0.582034484375 0.493094825 0.575144990625 0.493094825
2 0.56749 0.4890121640625 0.56749 0.5107863625 0.576675990625 0.5107863625 0.576675990625 0.4890121640625 0.56749 0.4890121640625
2 0.55218001875 0.4917339375 0.55218001875 0.5135081312499999 0.5713174953125 0.5135081312499999 0.5713174953125 0.4917339375 0.55218001875 0.4917339375
2 0.53227704375 0.46769159531250004 0.53227704375 0.5166835359374999 0.5514145203124999 0.5166835359374999 0.5514145203124999 0.46769159531250004 0.53227704375 0.46769159531250004
2 0.5139050640625 0.46633070625000006 0.5139050640625 0.520766196875 0.5406975328125 0.520766196875 0.5406975328125 0.46633070625000006 0.5139050640625 0.46633070625000006
2 0.39984569375 0.45226820781250004 0.39984569375 0.52439523125 0.42434166875 0.52439523125 0.42434166875 0.45226820781250004 0.39984569375 0.45226820781250004
2 0.43582415625 0.46587707968750003 0.43582415625 0.538004103125 0.464913121875 0.538004103125 0.464913121875 0.46587707968750003 0.43582415625 0.46587707968750003
2 0.6310264265625001 0.46315530625 0.6310264265625001 0.5175907953125 0.64863290625 0.5175907953125 0.64863290625 0.46315530625 0.6310264265625001 0.46315530625
2 0.6402124140625001 0.4617944203125 0.6402124140625001 0.5216734562500001 0.6570533921874999 0.5216734562500001 0.6570533921874999 0.4617944203125 0.6402124140625001 0.4617944203125
2 0.644039909375 0.46043353124999997 0.644039909375 0.53528233125 0.670066878125 0.53528233125 0.670066878125 0.46043353124999997 0.644039909375 0.46043353124999997
2 0.6601153921875 0.45226820781250004 0.6601153921875 0.5543347546875 0.729775809375 0.5543347546875 0.729775809375 0.45226820781250004 0.6601153921875 0.45226820781250004
2 0.2692005125 0.44364925 0.2692005125 0.52167346875 0.3209992890625 0.52167346875 0.3209992890625 0.44364925 0.2692005125 0.44364925
2 0.19086444375 0.432762153125 0.19086444375 0.49264118906250004 0.2788968390625 0.49264118906250004 0.2788968390625 0.432762153125 0.19086444375 0.432762153125
2 0.0005103296875 0.4019153765625 0.0005103296875 0.4781250640625 0.0877772265625 0.4781250640625 0.0877772265625 0.4019153765625 0.0005103296875 0.4019153765625
2 0.0005103296875 0.45907265625000004 0.0005103296875 0.69042349375 0.24853203750000002 0.69042349375 0.24853203750000002 0.45907265625000004 0.0005103296875 0.45907265625000004
2 0.308240965625 0.44364925 0.308240965625 0.5688508796875 0.42076933125 0.5688508796875 0.42076933125 0.44364925 0.308240965625 0.44364925
2 0.45062379531249996 0.4463710265625 0.45062379531249996 0.55932466875 0.5287047031250001 0.55932466875 0.5287047031250001 0.4463710265625 0.45062379531249996 0.4463710265625
2 0.7006868421875 0.39193553593749997 0.7006868421875 0.677721859375 0.9027786015625001 0.677721859375 0.9027786015625001 0.39193553593749997 0.7006868421875 0.39193553593749997