2 0.4985207703125 0.30749978125 0.4985207703125 0.32390602031250004 0.5090676390625 0.32390602031250004 0.5090676390625 0.30749978125 0.4985207703125 0.30749978125
2 0.49061061875 0.30749978125 0.49061061875 0.32624976875 0.5037942046875 0.32624976875 0.5037942046875 0.30749978125 0.49061061875 0.30749978125
2 0.44710479062499997 0.3215622734375 0.44710479062499997 0.352031003125 0.4695168859375 0.352031003125 0.4695168859375 0.3215622734375 0.44710479062499997 0.3215622734375
2 0.4115091125 0.30749978125 0.4115091125 0.3590622453125 0.453696584375 0.3590622453125 0.453696584375 0.30749978125 0.4115091125 0.30749978125
2 0.391733734375 0.312187278125 0.391733734375 0.3707809890625 0.41810090468750005 0.3707809890625 0.41810090468750005 0.312187278125 0.391733734375 0.312187278125
2 0.3614114890625 0.30515603125 0.3614114890625 0.3824997296875 0.3983255265625 0.3824997296875 0.3983255265625 0.30515603125 0.3614114890625 0.30515603125
2 0.3284525296875 0.30515603125 0.3284525296875 0.391874721875 0.374595075 0.391874721875 0.374595075 0.30515603125 0.3284525296875 0.30515603125
2 0.2717631140625 0.30515603125 0.2717631140625 0.40593721250000003 0.3376810375 0.40593721250000003 0.3376810375 0.30515603125 0.2717631140625 0.30515603125
2 0.179478021875 0.32390602031250004 0.179478021875 0.4434371875 0.2823099828125 0.4434371875 0.2823099828125 0.32390602031250004 0.179478021875 0.32390602031250004
2 0.55257346875 0.312187278125 0.55257346875 0.3449997546875 0.572348846875 0.3449997546875 0.572348846875 0.312187278125 0.55257346875 0.312187278125
2 0.5631203375 0.30281228437499996 0.5631203375 0.3590622453125 0.5881691484375 0.3590622453125 0.5881691484375 0.30281228437499996 0.5631203375 0.30281228437499996
2 0.5736672046875 0.30984353124999997 0.5736672046875 0.37078098593750003 0.6013527328125 0.37078098593750003 0.6013527328125 0.30984353124999997 0.5736672046875 0.30984353124999997
2 0.48138211093749994 0.30984353124999997 0.48138211093749994 0.3379685109375 0.4985207703125 0.3379685109375 0.4985207703125 0.30984353124999997 0.48138211093749994 0.30984353124999997
2 0.5103859984375 0.314531025 0.5103859984375 0.3449997546875 0.5327980906249999 0.3449997546875 0.5327980906249999 0.314531025 0.5103859984375 0.314531025
2 0.5934425812499999 0.277031053125 0.5934425812499999 0.41062471250000004 0.6830909578125001 0.41062471250000004 0.6830909578125001 0.277031053125 0.5934425812499999 0.277031053125
2 0.0278667984375 0.356718496875 0.0278667984375 0.48796840625 0.20848190937500002 0.48796840625 0.20848190937500002 0.356718496875 0.0278667984375 0.356718496875
2 0.7147315609375 0.312085090625 0.7147315609375 0.6145308203125001 0.9994969906250001 0.6145308203125001 0.9994969906250001 0.312085090625 0.7147315609375 0.312085090625