2 0.6618818734375 0.024961496875 0.6618818734375 0.3459372625 0.9988620812500001 0.3459372625 0.9988620812500001 0.024961496875 0.6618818734375 0.024961496875
2 0.8245216265625 0.029121745312500003 0.8245216265625 0.074884490625 0.879514925 0.074884490625 0.879514925 0.029121745312500003 0.8245216265625 0.029121745312500003
2 0.63848046875 0.1019261140625 0.63848046875 0.1976118515625 0.7683582578125 0.1976118515625 0.7683582578125 0.1019261140625 0.63848046875 0.1019261140625
2 0.41031678749999995 0.199691975 0.41031678749999995 0.24545471874999997 0.46296994687500004 0.24545471874999997 0.46296994687500004 0.199691975 0.41031678749999995 0.199691975
2 0.392765734375 0.20177210156249997 0.392765734375 0.2496149703125 0.41733720781250006 0.2496149703125 0.41733720781250006 0.20177210156249997 0.392765734375 0.20177210156249997
2 0.3810650328125 0.18929135 0.3810650328125 0.23921434375 0.402126296875 0.23921434375 0.402126296875 0.18929135 0.3810650328125 0.18929135
2 0.11896931562499999 0.2870572140625 0.11896931562499999 0.3661019546875 0.15758163125 0.3661019546875 0.15758163125 0.2870572140625 0.11896931562499999 0.2870572140625
2 0.237146403125 0.26001559375 0.237146403125 0.284977090625 0.242996753125 0.284977090625 0.242996753125 0.26001559375 0.237146403125 0.26001559375
2 0.24416682343749999 0.25169509375 0.24416682343749999 0.282896965625 0.2535273859375 0.282896965625 0.2535273859375 0.25169509375 0.24416682343749999 0.25169509375
2 0.25703759531250003 0.2475348453125 0.25703759531250003 0.2912174640625 0.26639815625 0.2912174640625 0.26639815625 0.2475348453125 0.25703759531250003 0.2475348453125
2 0.26288794531250004 0.25793546875 0.26288794531250004 0.2870572140625 0.2745886484375 0.2870572140625 0.2745886484375 0.25793546875 0.26288794531250004 0.25793546875
2 0.264058015625 0.25377521875000003 0.264058015625 0.2870572140625 0.278098859375 0.2870572140625 0.278098859375 0.25377521875000003 0.264058015625 0.25377521875000003
2 0.294479840625 0.21425285 0.294479840625 0.384823078125 0.40563650781250005 0.384823078125 0.40563650781250005 0.21425285 0.294479840625 0.21425285
2 0.1517312796875 0.25793546875 0.1517312796875 0.40354419999999996 0.2593777359375 0.40354419999999996 0.2593777359375 0.25793546875 0.1517312796875 0.25793546875