2 0 0.8861331437500001 0.1961939484375 0.8861331437500001 0.1961939484375 0.382742953125 0 0.382742953125 0 0.8861331437500001
2 0.9146170296875 0.6344380484375 0.9146170296875 0.9526971328125 0.9988620812500001 0.9526971328125 0.9988620812500001 0.6344380484375 0.9146170296875 0.6344380484375
2 0.1306700171875 0.4950696875 0.1306700171875 0.7155629125 0.2874594203125 0.7155629125 0.2874594203125 0.4950696875 0.1306700171875 0.4950696875
2 0.583487171875 0.4867491890625 0.583487171875 0.65523929375 0.740276575 0.65523929375 0.740276575 0.4867491890625 0.583487171875 0.4867491890625
2 0.2921397 0.4846690640625 0.2921397 0.5949156765625 0.365854121875 0.5949156765625 0.365854121875 0.4846690640625 0.2921397 0.4846690640625
2 0.35766362812499997 0.5013100625 0.35766362812499997 0.586595175 0.3798949640625 0.586595175 0.3798949640625 0.5013100625 0.35766362812499997 0.5013100625
2 0.3787248921875 0.5075504375000001 0.3787248921875 0.576194553125 0.392765734375 0.576194553125 0.392765734375 0.5075504375000001 0.3787248921875 0.5075504375000001
2 0.3834051734375 0.4992299390625 0.3834051734375 0.55331318125 0.403296365625 0.55331318125 0.403296365625 0.4992299390625 0.3834051734375 0.4992299390625
2 0.402126296875 0.520031184375 0.402126296875 0.5491529328125 0.413826996875 0.5491529328125 0.413826996875 0.520031184375 0.402126296875 0.520031184375
2 0.41382699843750004 0.517951059375 0.41382699843750004 0.55331318125 0.4231875609375 0.55331318125 0.4231875609375 0.517951059375 0.41382699843750004 0.517951059375
2 0.49924211874999996 0.5117106875 0.49924211874999996 0.5699541796875 0.5355142953125 0.5699541796875 0.5355142953125 0.5117106875 0.49924211874999996 0.5117106875
2 0.4863713484375 0.5075504375000001 0.4863713484375 0.5637138078125 0.5027523296874999 0.5637138078125 0.5027523296874999 0.5075504375000001 0.4863713484375 0.5075504375000001
2 0.47467064687500005 0.5117106875 0.47467064687500005 0.56163368125 0.493391771875 0.56163368125 0.493391771875 0.5117106875 0.47467064687500005 0.5117106875
2 0.465310084375 0.5158709359375 0.465310084375 0.557473428125 0.48286113750000004 0.557473428125 0.48286113750000004 0.5158709359375 0.465310084375 0.5158709359375
2 0.45594952343750006 0.520031184375 0.45594952343750006 0.5491529328125 0.4723305046875 0.5491529328125 0.4723305046875 0.520031184375 0.45594952343750006 0.520031184375
2 0.44892910312499995 0.517951059375 0.44892910312499995 0.5387523078124999 0.46414001406249994 0.5387523078124999 0.46414001406249994 0.517951059375 0.44892910312499995 0.517951059375
2 0.5495551375 0.4992299390625 0.5495551375 0.6157169234375 0.6150790671874999 0.6157169234375 0.6150790671874999 0.4992299390625 0.5495551375 0.4992299390625
2 0.7222055828125 0.49559210781249996 0.7222055828125 0.6003947390625 0.8251208796875 0.6003947390625 0.8251208796875 0.49559210781249996 0.7222055828125 0.49559210781249996