2 0.49321497656249996 0.353421678125 0.49321497656249996 0.3758469109375 0.5070905906250001 0.3758469109375 0.5070905906250001 0.353421678125 0.49321497656249996 0.353421678125
2 0.5033063328125 0.3489366265625 0.5033063328125 0.396029615625 0.534841815625 0.396029615625 0.534841815625 0.3489366265625 0.5033063328125 0.3489366265625
2 0.5537631078125 0.35117915312500003 0.5537631078125 0.3691193390625 0.5714229796875 0.3691193390625 0.5714229796875 0.35117915312500003 0.5537631078125 0.35117915312500003
2 0.4780779421875 0.353421678125 0.4780779421875 0.3691193390625 0.49069213749999996 0.3691193390625 0.49069213749999996 0.353421678125 0.4780779421875 0.353421678125
2 0.28760361875 0.36239177031250003 0.28760361875 0.37808943125 0.31913910156249997 0.37808943125 0.31913910156249997 0.36239177031250003 0.28760361875 0.36239177031250003
2 0.6244025921875 0.36239177031250003 0.6244025921875 0.4027571890625 0.6483695609375 0.4027571890625 0.6483695609375 0.36239177031250003 0.6244025921875 0.36239177031250003
2 0.645846721875 0.35790672031250004 0.645846721875 0.40948475625 0.6786436250000001 0.40948475625 0.6786436250000001 0.35790672031250004 0.645846721875 0.35790672031250004
2 0.6698136890625 0.353421678125 0.6698136890625 0.41396980625 0.7240547203125 0.41396980625 0.7240547203125 0.353421678125 0.6698136890625 0.353421678125
2 0.75306736875 0.353421678125 0.75306736875 0.40275719218750006 0.8224454359375001 0.40275719218750006 0.8224454359375001 0.353421678125 0.75306736875 0.353421678125
2 0.806803840625 0.3691193390625 0.806803840625 0.46330531875 0.9115016499999999 0.46330531875 0.9115016499999999 0.3691193390625 0.806803840625 0.3691193390625
0 0.8951032 0.38930204687500003 0.8951032 0.44088008125 0.9594355875 0.44088008125 0.9594355875 0.38930204687500003 0.8951032 0.38930204687500003
2 0.7745222593750001 0.41636183281249994 0.7745222593750001 0.837655740625 0.9956803546874999 0.837655740625 0.9956803546874999 0.41636183281249994 0.7745222593750001 0.41636183281249994
2 0.05087724375 0.37823893124999997 0.05087724375 0.7415277109375 0.4583157046875 0.7415277109375 0.4583157046875 0.37823893124999997 0.05087724375 0.37823893124999997
2 0.5743662828125 0.361793753125 0.5743662828125 0.42458440781249995 0.6235616390625001 0.42458440781249995 0.6235616390625001 0.361793753125 0.5743662828125 0.361793753125
2 0.5213866703125001 0.36029874375 0.5213866703125001 0.43430200937499996 0.5768891218750001 0.43430200937499996 0.5768891218750001 0.36029874375 0.5213866703125001 0.36029874375
2 0.6689727375000001 0.364783796875 0.6689727375000001 0.4970926734375 0.8077288671874999 0.4970926734375 0.8077288671874999 0.364783796875 0.6689727375000001 0.364783796875