2 0.524446621875 0.5441594000000001 0.524446621875 0.5718872687500001 0.536144315625 0.5718872687500001 0.536144315625 0.5441594000000001 0.524446621875 0.5441594000000001
2 0.5127489265625 0.549358378125 0.5127489265625 0.5718872687500001 0.524446621875 0.5718872687500001 0.524446621875 0.549358378125 0.5127489265625 0.549358378125
2 0.4630337265625 0.549358378125 0.4630337265625 0.564955303125 0.4766810375 0.564955303125 0.4766810375 0.549358378125 0.4630337265625 0.549358378125
2 0.5887839406250001 0.54069341875 0.5887839406250001 0.5961491546875 0.6073052890625 0.5961491546875 0.6073052890625 0.54069341875 0.5887839406250001 0.54069341875
2 0.5332198906250001 0.5389604265625 0.5332198906250001 0.5805522265625 0.5585648953125 0.5805522265625 0.5585648953125 0.5389604265625 0.5332198906250001 0.5389604265625
2 0.5575900875 0.5441594000000001 0.5575900875 0.564955303125 0.58293509375 0.564955303125 0.58293509375 0.5441594000000001 0.5575900875 0.5441594000000001
2 0.481555075 0.5441594000000001 0.481555075 0.5822852187499999 0.5107993109375 0.5822852187499999 0.5107993109375 0.5441594000000001 0.481555075 0.5441594000000001
2 0.4133185265625 0.5441594000000001 0.4133185265625 0.5736202609375 0.455235265625 0.5736202609375 0.455235265625 0.5441594000000001 0.4133185265625 0.5441594000000001
2 0.3324094765625 0.549358378125 0.3324094765625 0.5788192343749999 0.3753010203125 0.5788192343749999 0.3753010203125 0.549358378125 0.3324094765625 0.549358378125
2 0.5829350921875001 0.4800387078125 0.5829350921875001 0.7815792687500001 0.8061660875 0.7815792687500001 0.8061660875 0.4800387078125 0.5829350921875001 0.4800387078125
2 0.1471959828125 0.54069341875 0.1471959828125 0.606547103125 0.24565157656249997 0.606547103125 0.24565157656249997 0.54069341875 0.1471959828125 0.54069341875
2 0.2573492703125 0.5545573515625 0.2573492703125 0.5874841921875 0.27879504375 0.5874841921875 0.27879504375 0.5545573515625 0.2573492703125 0.5545573515625