2 0.682028175 0.35395984375 0.682028175 0.38454896562499996 0.6934990953125 0.38454896562499996 0.6934990953125 0.35395984375 0.682028175 0.35395984375
2 0.687763634375 0.35599911875 0.687763634375 0.390666790625 0.712999659375 0.390666790625 0.712999659375 0.35599911875 0.687763634375 0.35599911875
2 0.7038229234375 0.372313315625 0.7038229234375 0.3947453390625 0.726764765625 0.3947453390625 0.726764765625 0.372313315625 0.7038229234375 0.372313315625
2 0.7244705812500001 0.36211694375 0.7244705812500001 0.40494171406249996 0.7474124234375 0.40494171406249996 0.7474124234375 0.36211694375 0.7244705812500001 0.36211694375
2 0.7336473171875 0.36415621875 0.7336473171875 0.40290243906249995 0.7669129875 0.40290243906249995 0.7669129875 0.36415621875 0.7336473171875 0.36415621875
2 0.7611775265625 0.36619549375 0.7611775265625 0.4130988125 0.79673738125 0.4130988125 0.79673738125 0.36619549375 0.7611775265625 0.36619549375
2 0.799850925 0.34784201875 0.799850925 0.429413009375 0.8698235421874999 0.429413009375 0.8698235421874999 0.34784201875 0.799850925 0.34784201875
2 0.8408184999999999 0.35599911875 0.8408184999999999 0.4375701109375 0.9062027484374999 0.4375701109375 0.9062027484374999 0.35599911875 0.8408184999999999 0.35599911875
2 0.9027614734375 0.3111350734375 0.9027614734375 0.4600021328125 0.9968230234375 0.4600021328125 0.9968230234375 0.3111350734375 0.9027614734375 0.3111350734375
2 0.6507835656250001 0.3636706796875 0.6507835656250001 0.3942598 0.6679899453125 0.3942598 0.6679899453125 0.3636706796875 0.6507835656250001 0.3636706796875
2 0.6117824328125 0.37046825625 0.6117824328125 0.41533230000000004 0.6427539203125 0.41533230000000004 0.6427539203125 0.37046825625 0.6117824328125 0.37046825625
2 0.7586102203125 0.3133685609375 0.7586102203125 0.3337613078125 0.76893405 0.3337613078125 0.76893405 0.3133685609375 0.7586102203125 0.3133685609375
2 0.42152525937499996 0.401036278125 0.42152525937499996 0.42435234062499994 0.44644430156250003 0.42435234062499994 0.44644430156250003 0.401036278125 0.42152525937499996 0.401036278125
2 0.6746502640625 0.363730578125 0.6746502640625 0.3847150328125 0.6838309640625 0.3847150328125 0.6838309640625 0.363730578125 0.6746502640625 0.363730578125
2 0.665469565625 0.3660621828125 0.665469565625 0.3847150328125 0.67596179375 0.3847150328125 0.67596179375 0.3660621828125 0.665469565625 0.3660621828125
2 0.6366159375 0.373057003125 0.6366159375 0.3940414578125 0.6523542796874999 0.3940414578125 0.6523542796874999 0.373057003125 0.6366159375 0.373057003125
2 0.594647025 0.3753886078125 0.594647025 0.396373065625 0.6130084250000001 0.396373065625 0.6130084250000001 0.3753886078125 0.594647025 0.3753886078125
2 0.43332901718750005 0.3940414578125 0.43332901718750005 0.41735752187499997 0.4595595859375 0.41735752187499997 0.4595595859375 0.3940414578125 0.43332901718750005 0.3940414578125
2 0.3121437890625 0.377720215625 0.3121437890625 0.42435234062499994 0.3659164578125 0.42435234062499994 0.3659164578125 0.377720215625 0.3121437890625 0.377720215625