2 0.5082615609375 0.48056839062499995 0.5082615609375 0.521089690625 0.52865550625 0.521089690625 0.52865550625 0.48056839062499995 0.5082615609375 0.48056839062499995
2 0.5226572859374999 0.47417029062499993 0.5226572859374999 0.5104261906249999 0.5490494484374999 0.5104261906249999 0.5490494484374999 0.47417029062499993 0.5226572859374999 0.47417029062499993
2 0.382298965625 0.49123189062500006 0.382298965625 0.531753190625 0.40989077187499995 0.531753190625 0.40989077187499995 0.49123189062500006 0.382298965625 0.49123189062500006
2 0.355906803125 0.4954972921875 0.355906803125 0.5445493906250001 0.383498609375 0.5445493906250001 0.383498609375 0.4954972921875 0.355906803125 0.4954972921875
2 0.3055217640625 0.493364590625 0.3055217640625 0.561610990625 0.360705378125 0.561610990625 0.360705378125 0.493364590625 0.3055217640625 0.493364590625
2 0.4278854296875 0.46990489062499996 0.4278854296875 0.6063976906249999 0.5262562171875 0.6063976906249999 0.5262562171875 0.46990489062499996 0.4278854296875 0.46990489062499996
2 0.5862384031250001 0.46990489062499996 0.5862384031250001 0.5104261906249999 0.6078319921875 0.5104261906249999 0.6078319921875 0.46990489062499996 0.5862384031250001 0.46990489062499996
2 0.6042330609375 0.46990489062499996 0.6042330609375 0.5189569890625 0.6438213046875 0.5189569890625 0.6438213046875 0.46990489062499996 0.6042330609375 0.46990489062499996
2 0.6378230859375 0.446445190625 0.6378230859375 0.5445493906250001 0.7050031359375 0.5445493906250001 0.7050031359375 0.446445190625 0.6378230859375 0.446445190625
2 0.7349942296875 0.42085279218749994 0.7349942296875 0.612795790625 0.8957464937499999 0.612795790625 0.8957464937499999 0.42085279218749994 0.7349942296875 0.42085279218749994
2 1 0.44857789062500003 0.8297660859375 0.44857789062500003 0.8297660859375 0.6831748921874999 1 0.6831748921874999 1 0.44857789062500003