2 0.42820297500000004 0.5168748125 0.42820297500000004 0.559999796875 0.45035140625 0.559999796875 0.45035140625 0.5168748125 0.42820297500000004 0.5168748125
2 0.4049998578125 0.5112498171875 0.4049998578125 0.5674997937499999 0.43453109687499997 0.5674997937499999 0.43453109687499997 0.5112498171875 0.4049998578125 0.5112498171875
2 0.382851428125 0.5168748125 0.382851428125 0.57312479375 0.4113279828125 0.57312479375 0.4113279828125 0.5168748125 0.382851428125 0.5168748125
2 0.3501561265625 0.5093748171875 0.3501561265625 0.5899997859375 0.3923436109375 0.5899997859375 0.3923436109375 0.5093748171875 0.3501561265625 0.5093748171875
2 0.31640613906250004 0.50749981875 0.31640613906250004 0.60499978125 0.3607029984375 0.60499978125 0.3607029984375 0.50749981875 0.31640613906250004 0.50749981875
2 0.288984275 0.5112498171875 0.288984275 0.6124997796875 0.3417186296875 0.6124997796875 0.3417186296875 0.5112498171875 0.288984275 0.5112498171875
2 0.1719140015625 0.4812498265625 0.1719140015625 0.64249976875 0.31640613906250004 0.64249976875 0.31640613906250004 0.4812498265625 0.1719140015625 0.4812498265625
2 0.43874984531249994 0.5099998203125 0.43874984531249994 0.6356247749999999 0.5336716874999999 0.6356247749999999 0.5336716874999999 0.5099998203125 0.43874984531249994 0.5099998203125
2 0.5336716874999999 0.5112498171875 0.5336716874999999 0.5468748046874999 0.5558201171875 0.5468748046874999 0.5558201171875 0.5112498171875 0.5336716874999999 0.5112498171875
2 0.544218559375 0.50562481875 0.544218559375 0.5637497953125 0.571640425 0.5637497953125 0.571640425 0.50562481875 0.544218559375 0.50562481875
2 0.5547654296875 0.50749981875 0.5547654296875 0.57874979375 0.593788853125 0.57874979375 0.593788853125 0.50749981875 0.5547654296875 0.50749981875
2 0.5695310499999999 0.48499982499999994 0.5695310499999999 0.60499978125 0.631757590625 0.60499978125 0.631757590625 0.48499982499999994 0.5695310499999999 0.48499982499999994
2 0.5916794796875 0.51937481875 0.5916794796875 0.65812476875 0.710859125 0.65812476875 0.710859125 0.51937481875 0.5916794796875 0.51937481875