4 0.3505887046875 0.5576486578125001 0.3505887046875 0.5881414609375 0.363063034375 0.5881414609375 0.363063034375 0.5576486578125001 0.3505887046875 0.5576486578125001
5 0.5462797234375001 0.5701229859375 0.5462797234375001 0.6033878609375 0.55563546875 0.6033878609375 0.55563546875 0.5701229859375 0.5462797234375001 0.5701229859375
0 0.545500078125 0.589527496875 0.545500078125 0.618634259375 0.5587540515625 0.618634259375 0.5587540515625 0.589527496875 0.545500078125 0.589527496875
2 0.43796585312499997 0.5620377703125 0.43796585312499997 0.5786702078125 0.4449826640625 0.5786702078125 0.4449826640625 0.5620377703125 0.43796585312499997 0.5620377703125
2 0.441084434375 0.5578796609375 0.441084434375 0.5842143562500001 0.45589769843749994 0.5842143562500001 0.45589769843749994 0.5578796609375 0.441084434375 0.5578796609375
2 0.42237294375 0.5551075890625 0.42237294375 0.5883724625 0.441084434375 0.5883724625 0.441084434375 0.5551075890625 0.42237294375 0.5551075890625
2 0.395864996875 0.5551075890625 0.395864996875 0.5842143531249999 0.41067826093750004 0.5842143531249999 0.41067826093750004 0.5551075890625 0.395864996875 0.5551075890625
2 0.38339066875 0.56619588125 0.38339066875 0.5869864265625 0.3935260625 0.5869864265625 0.3935260625 0.56619588125 0.38339066875 0.56619588125
2 0.313222575 0.552335515625 0.313222575 0.6036188640625 0.34518804062499997 0.6036188640625 0.34518804062499997 0.552335515625 0.313222575 0.552335515625
2 0.490981746875 0.5578796609375 0.490981746875 0.5898971015625001 0.5097322109375 0.5898971015625001 0.5097322109375 0.5578796609375 0.490981746875 0.5578796609375
2 0.36818758281249997 0.5703539890625 0.36818758281249997 0.593916609375 0.3853397828125 0.593916609375 0.3853397828125 0.5703539890625 0.36818758281249997 0.5703539890625
2 0.40716985625 0.560651734375 0.40716985625 0.593916609375 0.42977957499999997 0.593916609375 0.42977957499999997 0.560651734375 0.40716985625 0.560651734375
2 0.45160965 0.553721553125 0.45160965 0.600846790625 0.48201582500000006 0.600846790625 0.48201582500000006 0.553721553125 0.45160965 0.553721553125
2 0.11055372031249999 0.5483160078125 0.11055372031249999 0.621775940625 0.17448465 0.621775940625 0.17448465 0.5483160078125 0.11055372031249999 0.5483160078125
4 0.0934015203125 0.5483160078125 0.0934015203125 0.5926691734375 0.11289265625 0.5926691734375 0.11289265625 0.5483160078125 0.0934015203125 0.5483160078125
4 0.11445194843749999 0.5441578984375 0.11445194843749999 0.6591989234375 0.136282021875 0.6591989234375 0.136282021875 0.5441578984375 0.11445194843749999 0.5441578984375
6 0.5066136296875 0.52253573125 0.5066136296875 0.5904515171875 0.5354605125 0.5904515171875 0.5354605125 0.52253573125 0.5066136296875 0.52253573125
2 0.5565109421875001 0.41858300000000004 0.5565109421875001 0.680543884375 0.6867117375 0.680543884375 0.6867117375 0.41858300000000004 0.5565109421875001 0.41858300000000004
6 0.16045103125 0.3714577625 0.16045103125 0.659753340625 0.317939421875 0.659753340625 0.317939421875 0.3714577625 0.16045103125 0.3714577625
6 0.6438312359375 0 0.6438312359375 0.7756259812499999 0.9985699453124999 0.7756259812499999 0.9985699453124999 0 0.6438312359375 0
2 0 0.6874740671875 0.1269262765625 0.6874740671875 0.1269262765625 0.5377821328125 0 0.5377821328125 0 0.6874740671875
2 0 0.691632175 0.009199806250000001 0.691632175 0.009199806250000001 0.5807492625 0 0.5807492625 0 0.691632175