2 0.3789872359375 0.489486284375 0.3789872359375 0.50727285 0.38899218125 0.50727285 0.38899218125 0.489486284375 0.3789872359375 0.489486284375
2 0.370983284375 0.49304359687500005 0.370983284375 0.5054941937499999 0.3789872359375 0.5054941937499999 0.3789872359375 0.49304359687500005 0.370983284375 0.49304359687500005
2 0.361978834375 0.489486284375 0.361978834375 0.50727285 0.372984271875 0.50727285 0.372984271875 0.489486284375 0.361978834375 0.489486284375
2 0.3429694421875 0.484150315625 0.3429694421875 0.50905150625 0.360978340625 0.50905150625 0.360978340625 0.484150315625 0.3429694421875 0.484150315625
2 0.3259610375 0.487707628125 0.3259610375 0.5161661328125 0.3409684515625 0.5161661328125 0.3409684515625 0.487707628125 0.3259610375 0.487707628125
2 0.2949457140625 0.4805930015625 0.2949457140625 0.523280759375 0.32896252187499997 0.523280759375 0.32896252187499997 0.4805930015625 0.2949457140625 0.4805930015625
2 0.277937309375 0.473478375 0.277937309375 0.5303953859375 0.2959462109375 0.5303953859375 0.2959462109375 0.473478375 0.277937309375 0.473478375
2 0.2349160546875 0.473478375 0.2349160546875 0.5428459812499999 0.285941265625 0.5428459812499999 0.285941265625 0.473478375 0.2349160546875 0.473478375
2 0.1528755203125 0.4663637484375 0.1528755203125 0.55885389375 0.2379175375 0.55885389375 0.2379175375 0.4663637484375 0.1528755203125 0.4663637484375
2 0 0.59976299375 0.1398690953125 0.59976299375 0.1398690953125 0.459249121875 0 0.459249121875 0 0.59976299375
2 0.40399959531249996 0.49304359687500005 0.40399959531249996 0.5054941937499999 0.41200355 0.5054941937499999 0.41200355 0.49304359687500005 0.40399959531249996 0.49304359687500005
2 0.42100799999999994 0.4912649421875 0.42100799999999994 0.5054941921875 0.429011953125 0.5054941921875 0.429011953125 0.4912649421875 0.42100799999999994 0.4912649421875
2 0.42901195468750003 0.487707628125 0.42901195468750003 0.50905150625 0.44101788593749996 0.50905150625 0.44101788593749996 0.487707628125 0.42901195468750003 0.487707628125
2 0.4360154140625 0.48592897031250004 0.4360154140625 0.523280759375 0.461027771875 0.523280759375 0.461027771875 0.48592897031250004 0.4360154140625 0.48592897031250004
2 0.45602530156250004 0.4823716578125 0.45602530156250004 0.54996060625 0.481037659375 0.54996060625 0.481037659375 0.4823716578125 0.45602530156250004 0.4823716578125
2 0.4690317265625 0.4805930015625 0.4690317265625 0.5677471749999999 0.5110524875 0.5677471749999999 0.5110524875 0.4805930015625 0.4690317265625 0.4805930015625
2 0.49104260312500003 0.473478375 0.49104260312500003 0.6157709 0.5860895640625 0.6157709 0.5860895640625 0.473478375 0.49104260312500003 0.473478375