2 0.437265828125 0.4703226421875 0.437265828125 0.496451678125 0.4507386125 0.496451678125 0.4507386125 0.4703226421875 0.437265828125 0.4703226421875
2 0.4225682421875 0.4703226421875 0.4225682421875 0.47903232031250004 0.43236663281250004 0.47903232031250004 0.43236663281250004 0.4703226421875 0.4225682421875 0.4703226421875
2 0.40174666875 0.46596780156250006 0.40174666875 0.4855645796875 0.410320259375 0.4855645796875 0.410320259375 0.46596780156250006 0.40174666875 0.46596780156250006
2 0.39194828125000003 0.47903231875 0.39194828125000003 0.496451675 0.40542106406249995 0.496451675 0.40542106406249995 0.47903231875 0.39194828125000003 0.47903231875
2 0.37847549375 0.4725000625 0.37847549375 0.4877419984375 0.3894986828125 0.4877419984375 0.3894986828125 0.4725000625 0.37847549375 0.4725000625
2 0.3674523078125 0.4855645796875 0.3674523078125 0.49862909687499996 0.37847549375 0.49862909687499996 0.37847549375 0.4855645796875 0.3674523078125 0.4855645796875
2 0.3576539203125 0.4920968390625 0.3576539203125 0.511693615625 0.36990190625 0.511693615625 0.36990190625 0.4920968390625 0.3576539203125 0.4920968390625
2 0.340506740625 0.4942742578125 0.340506740625 0.5269355515624999 0.36377791406250004 0.5269355515624999 0.36377791406250004 0.4942742578125 0.340506740625 0.4942742578125
2 0.3245843609375 0.507338775 0.3245843609375 0.5312903921875 0.34908033125000004 0.5312903921875 0.34908033125000004 0.507338775 0.3245843609375 0.507338775
2 0.3135611734375 0.511693615625 0.3135611734375 0.5443549078125 0.33928194375 0.5443549078125 0.33928194375 0.511693615625 0.3135611734375 0.511693615625
2 0.3025379875 0.52040329375 0.3025379875 0.5530645875 0.331933153125 0.5530645875 0.331933153125 0.52040329375 0.3025379875 0.52040329375
2 0.4127698546875 0.47903231875 0.4127698546875 0.5008065171875 0.425017840625 0.5008065171875 0.425017840625 0.47903231875 0.4127698546875 0.47903231875
2 0.425017840625 0.483387159375 0.425017840625 0.50951619375 0.4421650203125 0.50951619375 0.4421650203125 0.483387159375 0.425017840625 0.483387159375
2 0.373576303125 0.5182258734375 0.373576303125 0.563951684375 0.40664586406250003 0.563951684375 0.40664586406250003 0.5182258734375 0.373576303125 0.5182258734375
2 0.4519634078125 0.511693615625 0.4519634078125 0.5835484640625 0.5548464875 0.5835484640625 0.5548464875 0.511693615625 0.4519634078125 0.511693615625
2 0.2719180234375 0.5269355515624999 0.2719180234375 0.5748387828125 0.31601076875 0.5748387828125 0.31601076875 0.5269355515624999 0.2719180234375 0.5269355515624999
2 0 0.6075000765625 0.04410549375 0.6075000765625 0.04410549375 0.5552420062500001 0 0.5552420062500001 0 0.6075000765625
2 0.000012745312499999999 0.5944355609375 0.000012745312499999999 0.6750000890625001 0.0110359328125 0.6750000890625001 0.0110359328125 0.5944355609375 0.000012745312499999999 0.5944355609375
2 0.014710328125 0.5378226500000001 0.014710328125 0.6401613734375 0.1531125640625 0.6401613734375 0.1531125640625 0.5378226500000001 0.014710328125 0.5378226500000001
2 0.5070793453125 0.5312903921875 0.5070793453125 0.65975815 0.6234352078125001 0.65975815 0.6234352078125001 0.5312903921875 0.5070793453125 0.5312903921875
2 0.6454815796875 0.511693615625 0.6454815796875 0.9450001234375 0.9994969890625001 0.9450001234375 0.9994969890625001 0.511693615625 0.6454815796875 0.511693615625
2 0.4470642171875 0.48120973749999996 0.4470642171875 0.5008065171875 0.4593122015625 0.5008065171875 0.4593122015625 0.48120973749999996 0.4470642171875 0.48120973749999996