2 0.5298139421875 0.51069079375 0.5298139421875 0.5284539515625 0.54480160625 0.5284539515625 0.54480160625 0.51069079375 0.5298139421875 0.51069079375
2 0.5158254546875 0.51779605625 0.5158254546875 0.53911184375 0.5298139421875 0.53911184375 0.5298139421875 0.51779605625 0.5158254546875 0.51779605625
2 0.49883943437499995 0.516019740625 0.49883943437499995 0.5426644781250001 0.517823809375 0.5426644781250001 0.517823809375 0.516019740625 0.49883943437499995 0.516019740625
2 0.3879307171875 0.5266776328125 0.3879307171875 0.59595395 0.436890421875 0.59595395 0.436890421875 0.5266776328125 0.3879307171875 0.5266776328125
2 0.3479636109375 0.5284539484375 0.3479636109375 0.6101644765625001 0.40191920625 0.6101644765625001 0.40191920625 0.5284539484375 0.3479636109375 0.5284539484375
2 0.2510433828125 0.5071381625 0.2510433828125 0.6421381640625 0.35995374375 0.6421381640625 0.35995374375 0.5071381625 0.2510433828125 0.5071381625
2 0.0695677265625 0.5199530125 0.0695677265625 0.70468985625 0.2793950328125 0.70468985625 0.2793950328125 0.5199530125 0.0695677265625 0.5199530125
2 0.477007403125 0.5186842140625 0.477007403125 0.550657896875 0.5039852 0.550657896875 0.5039852 0.5186842140625 0.477007403125 0.5186842140625
2 0.5849185875 0.5115789515625 0.5849185875 0.532894740625 0.5959095421875 0.532894740625 0.5959095421875 0.5115789515625 0.5849185875 0.5115789515625
2 0.5909136546875 0.5151315796875 0.5909136546875 0.5400000015625 0.6098980296875001 0.5400000015625 0.6098980296875001 0.5151315796875 0.5909136546875 0.5151315796875
2 0.60135273125 0.5186842140625 0.60135273125 0.5435526359375 0.6238865171875 0.5435526359375 0.6238865171875 0.5186842140625 0.60135273125 0.5186842140625
2 0.623886515625 0.5098026359375 0.623886515625 0.5755263203125 0.642870890625 0.5755263203125 0.642870890625 0.5098026359375 0.623886515625 0.5098026359375
2 0.62988158125 0.5009210562499999 0.62988158125 0.5701973703125 0.6628544453125 0.5701973703125 0.6628544453125 0.5009210562499999 0.62988158125 0.5009210562499999
2 0.642870890625 0.48671052968749995 0.642870890625 0.6039473703125 0.7178092140625 0.6039473703125 0.7178092140625 0.48671052968749995 0.642870890625 0.48671052968749995
2 0.66807513125 0.521729328125 0.66807513125 0.6194266953125 0.74301345625 0.6194266953125 0.74301345625 0.521729328125 0.66807513125 0.521729328125
2 0.7150885312499999 0.5026973703125 0.7150885312499999 0.687434215625 0.89294215 0.687434215625 0.89294215 0.5026973703125 0.7150885312499999 0.5026973703125
2 0 0.7780263203125 0.0756148453125 0.7780263203125 0.0756148453125 0.44052631875000003 0 0.44052631875000003 0 0.7780263203125