2 0.43671391562500006 0.42319657343749995 0.43671391562500006 0.4422594828125 0.456210071875 0.4422594828125 0.456210071875 0.42319657343749995 0.43671391562500006 0.42319657343749995
2 0.4269658359375 0.41973059062500007 0.4269658359375 0.44919145 0.43671391562500006 0.44919145 0.43671391562500006 0.41973059062500007 0.4269658359375 0.41973059062500007
2 0.403293125 0.42146358125 0.403293125 0.46232897968750003 0.42794064374999996 0.46232897968750003 0.42794064374999996 0.42146358125 0.403293125 0.42146358125
2 0.3197369734375 0.371206821875 0.3197369734375 0.5098461624999999 0.39382236875 0.5098461624999999 0.39382236875 0.371206821875 0.3197369734375 0.371206821875
2 0.12282578749999999 0.3313480125 0.12282578749999999 0.59996173125 0.3402079375 0.59996173125 0.3402079375 0.3313480125 0.12282578749999999 0.3313480125
2 0.0009748078125000001 0.28282424375000004 0.0009748078125000001 0.8009887703125 0.20665926406250001 0.8009887703125 0.20665926406250001 0.28282424375000004 0.0009748078125000001 0.28282424375000004
2 0.4737566125 0.41973059062500007 0.4737566125 0.44745845781250004 0.4883787296875 0.44745845781250004 0.4883787296875 0.41973059062500007 0.4737566125 0.41973059062500007
2 0.4874039234375 0.42666255781249995 0.4874039234375 0.45785640625 0.5000764249999999 0.45785640625 0.5000764249999999 0.42666255781249995 0.4874039234375 0.42666255781249995
2 0.5000764249999999 0.41973059062500007 0.5000764249999999 0.46825435937500004 0.5146985421875 0.46825435937500004 0.5146985421875 0.41973059062500007 0.5000764249999999 0.41973059062500007
2 0.5107993109375 0.42146358125 0.5107993109375 0.4855842765625 0.5624641265625 0.4855842765625 0.5624641265625 0.42146358125 0.5107993109375 0.42146358125
2 0.5917083625 0.40240067343749997 0.5917083625 0.55836993125 0.7077104953125 0.55836993125 0.7077104953125 0.40240067343749997 0.5917083625 0.40240067343749997
2 0.6482472171875 0.37467280625 0.6482472171875 0.6363545578124999 0.88122629375 0.6363545578124999 0.88122629375 0.37467280625 0.6482472171875 0.37467280625