2 0.0192203359375 0.34169485 0.0192203359375 0.4027117890625 0.0955868453125 0.4027117890625 0.0955868453125 0.34169485 0.0192203359375 0.34169485
2 0.1535910734375 0.3645762015625 0.1535910734375 0.4011863625 0.2024999609375 0.4011863625 0.2024999609375 0.3645762015625 0.1535910734375 0.3645762015625
2 0.2213770765625 0.3828812828125 0.2213770765625 0.41338975156249996 0.255699103125 0.41338975156249996 0.255699103125 0.3828812828125 0.2213770765625 0.3828812828125
2 0.27457621875 0.393559246875 0.27457621875 0.42254229375 0.302033840625 0.42254229375 0.302033840625 0.393559246875 0.27457621875 0.393559246875
2 0.362955440625 0.41338975156249996 0.362955440625 0.43627110468749997 0.3852647578125 0.43627110468749997 0.3852647578125 0.41338975156249996 0.362955440625 0.41338975156249996
2 0.6564087734374999 0.486610078125 0.6564087734374999 0.5659320937500001 0.7113240171874999 0.5659320937500001 0.7113240171874999 0.486610078125 0.6564087734374999 0.486610078125
2 0.7070337640625 0.4927117703125 0.7070337640625 0.5659320953125 0.7576587546875 0.5659320953125 0.7576587546875 0.4927117703125 0.7070337640625 0.4927117703125
6 0.370677896875 0.38440670625 0.370677896875 0.41033890624999997 0.3955613671875 0.41033890624999997 0.3955613671875 0.38440670625 0.370677896875 0.38440670625
2 0.371750459375 0.35466095000000003 0.371750459375 0.8702540734375 0.6677779453125 0.8702540734375 0.6677779453125 0.35466095000000003 0.371750459375 0.35466095000000003
4 0.8402461328124999 0.5236015953125001 0.8402461328124999 0.570889721875 0.8514007906250001 0.570889721875 0.8514007906250001 0.5236015953125001 0.8402461328124999 0.5236015953125001
2 0 0.39088975625 0.030031775 0.39088975625 0.030031775 0.3313982421875 0 0.3313982421875 0 0.39088975625
2 0.9792698515625 0.679528471875 0.9792698515625 0.7786809953125 0.9981469671875001 0.7786809953125 0.9981469671875001 0.679528471875 0.9792698515625 0.679528471875