2 0.39819851875 0.4408165265625 0.39819851875 0.46377571875 0.41541791562499997 0.46377571875 0.41541791562499997 0.4408165265625 0.39819851875 0.4408165265625
2 0.3792571859375 0.44387774999999996 0.3792571859375 0.46836755625000004 0.3999204609375 0.46836755625000004 0.3999204609375 0.44387774999999996 0.3792571859375 0.44387774999999996
2 0.366342640625 0.44387774999999996 0.366342640625 0.4714287828125 0.378396215625 0.4714287828125 0.378396215625 0.44387774999999996 0.366342640625 0.44387774999999996
2 0.3499842125 0.4408165265625 0.3499842125 0.4714287828125 0.369786515625 0.4714287828125 0.369786515625 0.4408165265625 0.3499842125 0.4408165265625
2 0.336208696875 0.44387774999999996 0.336208696875 0.47908184687500005 0.3560110015625 0.47908184687500005 0.3560110015625 0.44387774999999996 0.336208696875 0.44387774999999996
2 0.31726736093749996 0.44846959062499997 0.31726736093749996 0.48520430000000003 0.33879160625 0.48520430000000003 0.33879160625 0.44846959062499997 0.31726736093749996 0.44846959062499997
2 0.2768017828125 0.439285909375 0.2768017828125 0.4928573625 0.31726736093749996 0.4928573625 0.31726736093749996 0.439285909375 0.2768017828125 0.439285909375
2 0.183817046875 0.439285909375 0.183817046875 0.52570435 0.2664701453125 0.52570435 0.2664701453125 0.439285909375 0.183817046875 0.439285909375
2 0.5023758625 0.4454083625 0.5023758625 0.4852042984375 0.510124590625 0.4852042984375 0.510124590625 0.4454083625 0.5023758625 0.4454083625
2 0.5084026515625 0.4377552984375 0.5084026515625 0.49438797812499996 0.5393975625 0.49438797812499996 0.5393975625 0.4377552984375 0.5084026515625 0.4377552984375
2 0.5187342890625 0.4500002 0.5187342890625 0.498979809375 0.547146290625 0.498979809375 0.547146290625 0.4500002 0.5187342890625 0.4500002
2 0.5393975625 0.4362246859375 0.5393975625 0.5035716546875 0.5678095671875 0.5035716546875 0.5678095671875 0.4362246859375 0.5393975625 0.4362246859375
2 0.55919986875 0.434694071875 0.55919986875 0.5250002328125001 0.6315213328125 0.5250002328125001 0.6315213328125 0.434694071875 0.55919986875 0.434694071875
2 0.6177458140625001 0.410204265625 0.6177458140625001 0.609183946875 0.7727203734375 0.609183946875 0.7727203734375 0.410204265625 0.6177458140625001 0.410204265625
2 0.7064256999999999 0.42244916874999994 0.7064256999999999 0.7378805203125001 0.9965232328125 0.7378805203125001 0.9965232328125 0.42244916874999994 0.7064256999999999 0.42244916874999994
2 0.0013116328125 0.43477170625 0.0013116328125 0.6069717328124999 0.0876339640625 0.6069717328124999 0.0876339640625 0.43477170625 0.0013116328125 0.43477170625
2 0.46343379687499997 0.43244000624999995 0.46343379687499997 0.4875420734375 0.5021774359375 0.4875420734375 0.5021774359375 0.43244000624999995 0.46343379687499997 0.43244000624999995
2 0.42144470468749995 0.4423471359375 0.42144470468749995 0.47602061874999996 0.44296895000000003 0.47602061874999996 0.44296895000000003 0.4423471359375 0.42144470468749995 0.4423471359375
2 0.048288109375 0.423113675 0.048288109375 0.57000486875 0.19386777500000002 0.57000486875 0.19386777500000002 0.423113675 0.048288109375 0.423113675
2 0.446968925 0.43601037187499997 0.446968925 0.47098446562499996 0.46401879687500003 0.47098446562499996 0.46401879687500003 0.43601037187499997 0.446968925 0.43601037187499997