2 0.44087613125 0.5371655140625 0.44087613125 0.5562993781250001 0.45642239531250006 0.5562993781250001 0.45642239531250006 0.5371655140625 0.44087613125 0.5371655140625
2 0.42812019843750004 0.529370225 0.42812019843750004 0.5548820421875 0.44366646249999997 0.5548820421875 0.44366646249999997 0.529370225 0.42812019843750004 0.529370225
2 0.41496566718750005 0.5314962109375 0.41496566718750005 0.5570080296875 0.43290366406249997 0.5570080296875 0.43290366406249997 0.5314962109375 0.41496566718750005 0.5314962109375
2 0.38985247031250003 0.5357481796875 0.38985247031250003 0.5633859828125 0.4161615328125 0.5633859828125 0.4161615328125 0.5357481796875 0.38985247031250003 0.5357481796875
2 0.36234754062499996 0.5229922703125001 0.36234754062499996 0.571889921875 0.38985247031250003 0.571889921875 0.38985247031250003 0.5229922703125001 0.36234754062499996 0.5229922703125001
2 0.31570874843749996 0.5102363624999999 0.31570874843749996 0.57614189375 0.365935140625 0.57614189375 0.365935140625 0.5102363624999999 0.31570874843749996 0.5102363624999999
2 0.270265821875 0.48472454374999996 0.270265821875 0.5251182562500001 0.3420178109375 0.5251182562500001 0.3420178109375 0.48472454374999996 0.270265821875 0.48472454374999996
2 0.2523278265625 0.50385840625 0.2523278265625 0.5952757562500001 0.3192963484375 0.5952757562500001 0.3192963484375 0.50385840625 0.2523278265625 0.50385840625
2 0.16463095625 0.48685053125 0.16463095625 0.608031665625 0.2591044078125 0.608031665625 0.2591044078125 0.48685053125 0.16463095625 0.48685053125
2 0.5154184500000001 0.5357481796875 0.5154184500000001 0.567637953125 0.5309647125 0.567637953125 0.5309647125 0.5357481796875 0.5154184500000001 0.5357481796875
2 0.523789515625 0.5336221953125 0.523789515625 0.5761418921875 0.5417275109374999 0.5761418921875 0.5417275109374999 0.5336221953125 0.523789515625 0.5336221953125
2 0.5309647125 0.542126134375 0.5309647125 0.580393859375 0.54770684375 0.580393859375 0.54770684375 0.542126134375 0.5309647125 0.542126134375
2 0.5369440453125 0.5314962109375 0.5369440453125 0.5952757562500001 0.560861375 0.5952757562500001 0.560861375 0.5314962109375 0.5369440453125 0.5314962109375
2 0.5481054796875 0.5017324234375 0.5481054796875 0.61015765 0.6389913328125 0.61015765 0.6389913328125 0.5017324234375 0.5481054796875 0.5017324234375
2 0.568435209375 0.5187403015625 0.568435209375 0.6548033296875 0.6629086609375 0.6548033296875 0.6629086609375 0.5187403015625 0.568435209375 0.5187403015625
2 0 0.6519686796874999 0.178981346875 0.6519686796874999 0.178981346875 0.4138583765625 0 0.4138583765625 0 0.6519686796874999