6 0.35861981875 0.3129470328125 0.35861981875 0.4461159796875 0.386710146875 0.4461159796875 0.386710146875 0.3129470328125 0.35861981875 0.3129470328125
6 0.31086626562499997 0.2696671234375 0.31086626562499997 0.4710851609375 0.36891960468749996 0.4710851609375 0.36891960468749996 0.2696671234375 0.31086626562499997 0.2696671234375
6 0.45974498906249994 0.3379162109375 0.45974498906249994 0.42114680625 0.4765991859375 0.42114680625 0.4765991859375 0.3379162109375 0.45974498906249994 0.3379162109375
6 0.4681720875 0.322934703125 0.4681720875 0.42946986249999997 0.486898971875 0.42946986249999997 0.486898971875 0.322934703125 0.4681720875 0.322934703125
6 0.48128090625000003 0.3146116421875 0.48128090625000003 0.44112214375000003 0.5056258546875 0.44112214375000003 0.5056258546875 0.3146116421875 0.48128090625000003 0.3146116421875
6 0.500007790625 0.27965479531250004 0.500007790625 0.45776826406250004 0.542143278125 0.45776826406250004 0.542143278125 0.27965479531250004 0.500007790625 0.27965479531250004
6 0.534652525 0.2330456609375 0.534652525 0.519358903125 0.636714040625 0.519358903125 0.636714040625 0.2330456609375 0.534652525 0.2330456609375
6 0.5901916359375 0.0006658468750000001 0.5901916359375 0.722124978125 0.9996410484375 0.722124978125 0.9996410484375 0.0006658468750000001 0.5901916359375 0.0006658468750000001
6 0 0.6914797734375 0.09644345 0.6914797734375 0.09644345 0.103871784375 0 0.103871784375 0 0.6914797734375
6 0.073034846875 0.177114703125 0.073034846875 0.551652371875 0.34082928125 0.551652371875 0.34082928125 0.177114703125 0.073034846875 0.177114703125
2 0.4063733734375 0.3728730578125 0.4063733734375 0.4644267109375 0.46629940000000003 0.4644267109375 0.46629940000000003 0.3728730578125 0.4063733734375 0.3728730578125
1 0.39232821093750003 0.37453766875 0.39232821093750003 0.40949451875 0.4138641265625 0.40949451875 0.4138641265625 0.37453766875 0.39232821093750003 0.37453766875