2 0.31922402031249997 0.2835935546875 0.31922402031249997 0.31406228281250004 0.34031775625 0.31406228281250004 0.34031775625 0.2835935546875 0.31922402031249997 0.2835935546875
2 0.298130284375 0.2765623078125 0.298130284375 0.3328122703125 0.31922401875 0.3328122703125 0.31922401875 0.2765623078125 0.298130284375 0.2765623078125
2 0.2678080390625 0.269531065625 0.2678080390625 0.342187265625 0.3007670015625 0.342187265625 0.3007670015625 0.269531065625 0.2678080390625 0.269531065625
2 0.25198773750000003 0.2835935546875 0.25198773750000003 0.35390600625 0.2968119265625 0.35390600625 0.2968119265625 0.2835935546875 0.25198773750000003 0.2835935546875
2 0.216392059375 0.2882810515625 0.216392059375 0.3773434890625 0.2717631140625 0.3773434890625 0.2717631140625 0.2882810515625 0.216392059375 0.2882810515625
2 0.09114800468749999 0.269531065625 0.09114800468749999 0.43593719999999997 0.23484907812500003 0.43593719999999997 0.23484907812500003 0.269531065625 0.09114800468749999 0.269531065625
2 0 0.5460933765625 0.0924663625 0.5460933765625 0.0924663625 0.21796859999999998 0 0.21796859999999998 0 0.5460933765625
2 0.3877786609375 0.2765623078125 0.3877786609375 0.31874978125000003 0.41678254687500005 0.31874978125000003 0.41678254687500005 0.2765623078125 0.3877786609375 0.2765623078125
2 0.4022806046875 0.29296854843750003 0.4022806046875 0.3328122703125 0.42996613124999994 0.3328122703125 0.42996613124999994 0.29296854843750003 0.4022806046875 0.29296854843750003
2 0.524887940625 0.31406228281250004 0.524887940625 0.36562474843750004 0.5951878734375 0.36562474843750004 0.5951878734375 0.31406228281250004 0.524887940625 0.31406228281250004
2 0.42601105625 0.295312296875 0.42601105625 0.386718484375 0.4985207703125 0.386718484375 0.4985207703125 0.295312296875 0.42601105625 0.295312296875
2 0.588169146875 0.24374983125 0.588169146875 0.6515620531249999 0.9731298203125001 0.6515620531249999 0.9731298203125001 0.24374983125 0.588169146875 0.24374983125
2 0.921713840625 0.45234343906249996 0.921713840625 0.77343696875 0.9968602734375 0.77343696875 0.9968602734375 0.45234343906249996 0.921713840625 0.45234343906249996