2 0.7506687203125 0.4745121890625 0.7506687203125 0.4915086046875 0.761594990625 0.4915086046875 0.761594990625 0.4745121890625 0.7506687203125 0.4745121890625
2 0.76432655625 0.47936830625000004 0.76432655625 0.493936665625 0.775252825 0.493936665625 0.775252825 0.47936830625000004 0.76432655625 0.47936830625000004
2 0.75613185625 0.4890805453125 0.75613185625 0.5036489046875 0.7670581234375 0.5036489046875 0.7670581234375 0.4890805453125 0.75613185625 0.4890805453125
2 0.7342793203125 0.47694024687500003 0.7342793203125 0.50122084375 0.7479371546875 0.50122084375 0.7479371546875 0.47694024687500003 0.7342793203125 0.47694024687500003
2 0.720621484375 0.4745121890625 0.720621484375 0.49636472343750004 0.7329135359375 0.49636472343750004 0.7329135359375 0.4745121890625 0.720621484375 0.4745121890625
2 0.716524134375 0.4890805453125 0.716524134375 0.5085050203125 0.731547753125 0.5085050203125 0.731547753125 0.4890805453125 0.716524134375 0.4890805453125
2 0.701500515625 0.4939366625 0.701500515625 0.5085050203125 0.720621484375 0.5085050203125 0.720621484375 0.4939366625 0.701500515625 0.4939366625
2 0.7656923390625 0.4890805453125 0.7656923390625 0.5085050203125 0.7807159578125 0.5085050203125 0.7807159578125 0.4890805453125 0.7656923390625 0.4890805453125
2 0.6195535078125001 0.518217259375 0.6195535078125001 0.58134680625 0.642771825 0.58134680625 0.642771825 0.518217259375 0.6195535078125001 0.518217259375
2 0.6017983234375001 0.518217259375 0.6017983234375001 0.5692065109375 0.622285075 0.5692065109375 0.622285075 0.518217259375 0.6017983234375001 0.518217259375
2 0.58131156875 0.513361140625 0.58131156875 0.5327856171875001 0.6004325374999999 0.5327856171875001 0.6004325374999999 0.513361140625 0.58131156875 0.513361140625
2 0.6099930234375 0.5376417359375 0.6099930234375 0.595915165625 0.630479775 0.595915165625 0.630479775 0.5376417359375 0.6099930234375 0.5376417359375
2 0.5567274671875 0.53035755625 0.5567274671875 0.62262381875 0.6209192906250001 0.62262381875 0.6209192906250001 0.53035755625 0.5567274671875 0.53035755625
2 0.466585759375 0.53035755625 0.466585759375 0.5764906859375001 0.504827696875 0.5764906859375001 0.504827696875 0.53035755625 0.466585759375 0.53035755625
2 0.40239393593750006 0.5400697937500001 0.40239393593750006 0.588630984375 0.4693173265625 0.588630984375 0.4693173265625 0.5400697937500001 0.40239393593750006 0.5400697937500001
2 0.1729423125 0.5400697937500001 0.1729423125 0.629907996875 0.28903390625 0.629907996875 0.28903390625 0.5400697937500001 0.1729423125 0.5400697937500001
2 0.006316728125 0.518217259375 0.006316728125 0.6396202343749999 0.1592844765625 0.6396202343749999 0.1592844765625 0.518217259375 0.006316728125 0.518217259375
2 0.137431940625 0.5570662109375 0.137431940625 0.8217246984375001 0.42834382031249996 0.8217246984375001 0.42834382031249996 0.5570662109375 0.137431940625 0.5570662109375
2 0.4857067265625 0.5449259140625 0.4857067265625 0.66390083125 0.5854089203124999 0.66390083125 0.5854089203124999 0.5449259140625 0.4857067265625 0.5449259140625
2 0.00085359375 0.6982405359375 0.00085359375 0.9968918578125001 0.16611339375 0.9968918578125001 0.16611339375 0.6982405359375 0.00085359375 0.6982405359375
2 0.5676537359375 0.503995778125 0.5676537359375 0.9968918578125001 0.9978755296875 0.9968918578125001 0.9978755296875 0.503995778125 0.5676537359375 0.503995778125
2 0.9350494906250001 0.57163456875 0.9350494906250001 0.7488829140625 0.9978755312500001 0.7488829140625 0.9978755312500001 0.57163456875 0.9350494906250001 0.57163456875