2 0 0.5808988203125 0.0721357796875 0.5808988203125 0.0721357796875 0.41973059062500007 0 0.41973059062500007 0 0.5808988203125
2 0.0009748078125000001 0.39893469062500003 0.0009748078125000001 0.42839555 0.0214457734375 0.42839555 0.0214457734375 0.39893469062500003 0.0009748078125000001 0.39893469062500003
6 0.07506020468749999 0.39893469062500003 0.07506020468749999 0.5098461578125 0.2515004265625 0.5098461578125 0.2515004265625 0.39893469062500003 0.07506020468749999 0.39893469062500003
2 0.039967121875 0.3920027234375 0.039967121875 0.43186153281250006 0.08773270625 0.43186153281250006 0.08773270625 0.3920027234375 0.039967121875 0.3920027234375
2 0.08675789843750001 0.40240067343749997 0.08675789843750001 0.4249295625 0.14524636875000002 0.4249295625 0.14524636875000002 0.40240067343749997 0.08675789843750001 0.40240067343749997
2 0.20470964687499998 0.404133665625 0.20470964687499998 0.43879349999999995 0.25247523125 0.43879349999999995 0.25247523125 0.404133665625 0.20470964687499998 0.404133665625
2 0.24760119375 0.4127986234375 0.24760119375 0.47518632656250004 0.3450819765625 0.47518632656250004 0.3450819765625 0.4127986234375 0.24760119375 0.4127986234375
2 0.2982912015625 0.409332640625 0.2982912015625 0.46998735468749997 0.3723765984375 0.46998735468749997 0.3723765984375 0.409332640625 0.2982912015625 0.409332640625
2 0.3694521734375 0.433594525 0.3694521734375 0.4613223921875 0.3957719875 0.4613223921875 0.3957719875 0.433594525 0.3694521734375 0.433594525
2 0.25247523125 0.39893469062500003 0.25247523125 0.41453161562499996 0.281719465625 0.41453161562499996 0.281719465625 0.39893469062500003 0.25247523125 0.39893469062500003
2 0.3714017890625 0.40586665625 0.3714017890625 0.42666255781249995 0.399671215625 0.42666255781249995 0.399671215625 0.40586665625 0.3714017890625 0.40586665625
2 0.400646025 0.40759964843749996 0.400646025 0.42666255781249995 0.42989026093750005 0.42666255781249995 0.42989026093750005 0.40759964843749996 0.400646025 0.40759964843749996
2 0.4328146828125 0.39893469062500003 0.4328146828125 0.42666255625 0.45815968749999997 0.42666255625 0.45815968749999997 0.39893469062500003 0.4328146828125 0.39893469062500003
2 0.540043546875 0.4127986234375 0.540043546875 0.44745845781250004 0.571237396875 0.44745845781250004 0.571237396875 0.4127986234375 0.540043546875 0.4127986234375
2 0.9494628421875 0.4127986234375 0.9494628421875 0.49078325156249997 0.9991780421875 0.49078325156249997 0.9991780421875 0.4127986234375 0.9494628421875 0.4127986234375
4 0.8246874375000001 0.41973059062500007 0.8246874375000001 0.5202441109375 0.8510072515625 0.5202441109375 0.8510072515625 0.41973059062500007 0.8246874375000001 0.41973059062500007
2 0.566363359375 0.40066768125 0.566363359375 0.42666255625 0.5848847078125 0.42666255625 0.5848847078125 0.40066768125 0.566363359375 0.40066768125
2 0.574161821875 0.3920027234375 0.574161821875 0.40759964843749996 0.5897587468750001 0.40759964843749996 0.5897587468750001 0.3920027234375 0.574161821875 0.3920027234375
2 0.5858595156249999 0.38507075625 0.5858595156249999 0.404133665625 0.5985320171875 0.404133665625 0.5985320171875 0.38507075625 0.5858595156249999 0.38507075625
6 0.623877021875 0.3729398140625 0.623877021875 0.5583699296875 0.7798462765624999 0.5583699296875 0.7798462765624999 0.3729398140625 0.623877021875 0.3729398140625
4 0.74475319375 0.388536740625 0.74475319375 0.4665213640625 0.7622997359375 0.4665213640625 0.7622997359375 0.388536740625 0.74475319375 0.388536740625