2 0.37512005 0.48533910625 0.37512005 0.51608746875 0.3882979203125 0.51608746875 0.3882979203125 0.48533910625 0.37512005 0.48533910625
2 0.4574817359375 0.49266014374999995 0.4574817359375 0.5234085078125 0.48960279375000004 0.5234085078125 0.48960279375000004 0.49266014374999995 0.4574817359375 0.49266014374999995
2 0.536548953125 0.4619117828125 0.536548953125 0.5731915734374999 0.5942021328125 0.5731915734374999 0.5942021328125 0.4619117828125 0.536548953125 0.4619117828125
2 0.55631575625 0.45898336874999995 0.55631575625 0.606868353125 0.6732693484375 0.606868353125 0.6732693484375 0.45898336874999995 0.55631575625 0.45898336874999995
2 0.6238523390624999 0.45898336874999995 0.6238523390624999 0.67861453125 0.8371691046875 0.67861453125 0.8371691046875 0.45898336874999995 0.6238523390624999 0.45898336874999995
2 0.7745742234375 0.40334347499999995 0.7745742234375 0.8967814796875 0.997774390625 0.8967814796875 0.997774390625 0.40334347499999995 0.7745742234375 0.40334347499999995
2 0.2013368953125 0.46923282187500004 0.2013368953125 0.5556210796875 0.2828749640625 0.5556210796875 0.2828749640625 0.46923282187500004 0.2013368953125 0.46923282187500004
2 0.16097966875 0.47069703125 0.16097966875 0.5292653406250001 0.202984128125 0.5292653406250001 0.202984128125 0.47069703125 0.16097966875 0.47069703125
2 0.33970452500000003 0.48533910625 0.33970452500000003 0.5219443015625 0.371001965625 0.5219443015625 0.371001965625 0.48533910625 0.33970452500000003 0.48533910625
2 0.3817089828125 0.4824106921875 0.3817089828125 0.52780113125 0.419595359375 0.52780113125 0.419595359375 0.4824106921875 0.3817089828125 0.4824106921875
2 0.2013368953125 0.47508965468750003 0.2013368953125 0.5336579640625 0.225221784375 0.5336579640625 0.225221784375 0.47508965468750003 0.2013368953125 0.47508965468750003