2 0.4548336703125 0.47695279687500003 0.4548336703125 0.49101528749999995 0.4653805390625 0.49101528749999995 0.4653805390625 0.47695279687500003 0.4548336703125 0.47695279687500003
2 0.43505829374999994 0.47226529843750004 0.43505829374999994 0.49335903437499995 0.4548336703125 0.49335903437499995 0.4548336703125 0.47226529843750004 0.43505829374999994 0.47226529843750004
2 0.42714814375000004 0.4746090484375 0.42714814375000004 0.50039028125 0.4456051625 0.50039028125 0.4456051625 0.4746090484375 0.42714814375000004 0.4746090484375
2 0.3889157484375 0.46992155156250004 0.3889157484375 0.486327790625 0.40473605 0.486327790625 0.40473605 0.46992155156250004 0.3889157484375 0.46992155156250004
2 0.3638669390625 0.46523405625 0.3638669390625 0.50039028125 0.3902341078125 0.50039028125 0.3902341078125 0.46523405625 0.3638669390625 0.46523405625
2 0.33749976875 0.46523405625 0.33749976875 0.49101528906249997 0.377050521875 0.49101528906249997 0.377050521875 0.46523405625 0.33749976875 0.46523405625
2 0.3269529 0.46992155156250004 0.3269529 0.5050777765625 0.3572751453125 0.5050777765625 0.3572751453125 0.46992155156250004 0.3269529 0.46992155156250004
2 0.2663084109375 0.4605465578125 0.2663084109375 0.53320275625 0.358593503125 0.53320275625 0.358593503125 0.4605465578125 0.2663084109375 0.4605465578125
2 0.168749884375 0.451171565625 0.168749884375 0.4933590328125 0.20830063906250001 0.4933590328125 0.20830063906250001 0.451171565625 0.168749884375 0.451171565625
2 0.1608397328125 0.4605465578125 0.1608397328125 0.50039028125 0.1845701875 0.50039028125 0.1845701875 0.4605465578125 0.1608397328125 0.4605465578125
2 0.5235695812500001 0.476249665625 0.5235695812500001 0.5020308984375 0.5301613734374999 0.5020308984375 0.5301613734374999 0.476249665625 0.5235695812500001 0.476249665625
2 0.5275246578125 0.483280909375 0.5275246578125 0.50671839375 0.540708240625 0.50671839375 0.540708240625 0.483280909375 0.5275246578125 0.483280909375
2 0.5354348078125 0.483280909375 0.5354348078125 0.51140589375 0.5525734671875 0.51140589375 0.5525734671875 0.483280909375 0.5354348078125 0.483280909375
2 0.46292509375 0.45046843281250004 0.46292509375 0.5535933625 0.5103859984375 0.5535933625 0.5103859984375 0.45046843281250004 0.46292509375 0.45046843281250004
2 0.3825052265625 0.483280909375 0.3825052265625 0.5582808578125 0.4391946421875 0.5582808578125 0.4391946421875 0.483280909375 0.3825052265625 0.483280909375
2 0.6145363171875 0.5020308953125 0.6145363171875 0.541874621875 0.65013199375 0.541874621875 0.65013199375 0.5020308953125 0.6145363171875 0.5020308953125
2 0.6567237875 0.492655903125 0.6567237875 0.5723433515624999 0.7213233531250001 0.5723433515624999 0.7213233531250001 0.492655903125 0.6567237875 0.492655903125
6 0.0028179875 0.39421847187500003 0.0028179875 0.49563563281249995 0.1257502125 0.49563563281249995 0.1257502125 0.39421847187500003 0.0028179875 0.39421847187500003
6 0.0028179875 0.41765595624999996 0.0028179875 0.565312103125 0.11883353125 0.565312103125 0.11883353125 0.41765595624999996 0.0028179875 0.41765595624999996
6 0.7898779921875 0.45046843281250004 0.7898779921875 0.56062460625 0.8610693515625 0.56062460625 0.8610693515625 0.45046843281250004 0.7898779921875 0.45046843281250004
6 0.8162451624999999 0.47156216874999995 0.8162451624999999 0.5770308453124999 0.8623877078125 0.5770308453124999 0.8623877078125 0.47156216874999995 0.8162451624999999 0.47156216874999995
2 0.9639013109375 0.548905865625 0.9639013109375 0.612187071875 0.9994969875 0.612187071875 0.9994969875 0.548905865625 0.9639013109375 0.548905865625