2 0.306273584375 0.5560422703125 0.306273584375 0.59682776875 0.3280683328125 0.59682776875 0.3280683328125 0.5560422703125 0.306273584375 0.5560422703125
2 0.37142841875 0.551419925 0.37142841875 0.60851961875 0.394370259375 0.60851961875 0.394370259375 0.551419925 0.37142841875 0.551419925
2 0.585016959375 0.504516603125 0.585016959375 0.6758156859375 0.6848139703125 0.6758156859375 0.6848139703125 0.504516603125 0.585016959375 0.504516603125
2 0.3943702765625 0.5281721703125 0.3943702765625 0.648489384375 0.47122544531250005 0.648489384375 0.47122544531250005 0.5281721703125 0.3943702765625 0.5281721703125
2 0.3184327671875 0.5240936234375 0.3184327671875 0.6321751890625 0.3803757375 0.6321751890625 0.3803757375 0.5240936234375 0.3184327671875 0.5240936234375
2 0.20647657343749998 0.5077794250000001 0.20647657343749998 0.6607250359375 0.3200386890625 0.6607250359375 0.3200386890625 0.5077794250000001 0.20647657343749998 0.5077794250000001
2 0.62688581875 0.45781719374999996 0.62688581875 0.753512040625 0.8964524578124999 0.753512040625 0.8964524578124999 0.45781719374999996 0.62688581875 0.45781719374999996
2 0 0.6352341 0.0871789984375 0.6352341 0.0871789984375 0.5536631078124999 0 0.5536631078124999 0 0.6352341
2 0.9274239421875 0.6597053984375 0.9274239421875 0.9227718484375 0.9996907437500001 0.9227718484375 0.9996907437500001 0.6597053984375 0.9274239421875 0.6597053984375
4 0.94658039375 0.50655588125 0.94658039375 0.6574622156250001 0.9809931562499999 0.6574622156250001 0.9809931562499999 0.50655588125 0.94658039375 0.50655588125
2 0.58373748125 0.530468984375 0.58373748125 0.60853024375 0.6121494828125 0.60853024375 0.6121494828125 0.530468984375 0.58373748125 0.530468984375