2 0.2183007359375 0.7124227234375 0.2183007359375 0.81776149375 0.34226436875 0.81776149375 0.34226436875 0.7124227234375 0.2183007359375 0.7124227234375
2 0.7648322249999999 0.6140141359375 0.7648322249999999 0.8482542937499999 0.9995055171875 0.8482542937499999 0.9995055171875 0.6140141359375 0.7648322249999999 0.6140141359375
2 0.6416482390625 0.6957902859375 0.6416482390625 0.8413241109375 0.77886584375 0.8413241109375 0.77886584375 0.6957902859375 0.6416482390625 0.6957902859375
2 0.311858196875 0.6805438828125 0.311858196875 0.7941988703125 0.3843652265625 0.7941988703125 0.3843652265625 0.6805438828125 0.311858196875 0.6805438828125
2 0.374229834375 0.70410650625 0.374229834375 0.787268690625 0.4015174265625 0.787268690625 0.4015174265625 0.70410650625 0.374229834375 0.70410650625
2 0.3851448703125 0.68470199375 0.3851448703125 0.7747943625 0.4334828921875 0.7747943625 0.4334828921875 0.68470199375 0.3851448703125 0.68470199375
2 0.41477139999999996 0.6930182125 0.41477139999999996 0.758161925 0.46310942187500004 0.758161925 0.46310942187500004 0.6930182125 0.41477139999999996 0.6930182125
2 0.5870730546875 0.68608803125 0.5870730546875 0.8053119437499999 0.6685890140625 0.8053119437499999 0.6685890140625 0.68608803125 0.5870730546875 0.68608803125
2 0.572348846875 0.708264615625 0.572348846875 0.7803385078125 0.5987677359375 0.7803385078125 0.5987677359375 0.708264615625 0.572348846875 0.708264615625
2 0.5488704249999999 0.7151947937500001 0.5488704249999999 0.7803385078125 0.5823951796875 0.7803385078125 0.5823951796875 0.7151947937500001 0.5488704249999999 0.7151947937500001
2 0.534057159375 0.7138087609375 0.534057159375 0.758161925 0.559005815625 0.758161925 0.559005815625 0.7138087609375 0.534057159375 0.7138087609375
2 0.527819996875 0.711036684375 0.527819996875 0.75123174375 0.54341290625 0.75123174375 0.54341290625 0.711036684375 0.527819996875 0.711036684375
2 0.45765190312500004 0.70272046875 0.45765190312500004 0.74845966875 0.47870233124999995 0.74845966875 0.47870233124999995 0.70272046875 0.45765190312500004 0.70272046875
2 0.4942952390625 0.7207389421875 0.4942952390625 0.7470736328124999 0.5075492140625 0.7470736328124999 0.5075492140625 0.7207389421875 0.4942952390625 0.7207389421875
2 0.50988815 0.711036684375 0.50988815 0.744301559375 0.5223624765625 0.744301559375 0.5223624765625 0.711036684375 0.50988815 0.711036684375