2 0.9563350734375 0.5631801984375 0.9563350734375 0.603990359375 0.9958189015625001 0.603990359375 0.9958189015625001 0.5631801984375 0.9563350734375 0.5631801984375
2 0.8837950140625 0.5762394484375 0.8837950140625 0.6007255453125 0.8966502140625 0.6007255453125 0.8966502140625 0.5762394484375 0.8837950140625 0.5762394484375
2 0.9214423859374999 0.5354292890625 0.9214423859374999 0.5566505734375 0.9535803843749999 0.5566505734375 0.9535803843749999 0.5354292890625 0.9214423859374999 0.5354292890625
2 0.8829277859375001 0.5412617375 0.8829277859375001 0.56574783125 0.9095564156249999 0.56574783125 0.9095564156249999 0.5412617375 0.8829277859375001 0.5412617375
2 0.6853046093749999 0.55229750625 0.6853046093749999 0.5669891671875 0.6981598109375 0.5669891671875 0.6981598109375 0.55229750625 0.6853046093749999 0.55229750625
2 0.67269426875 0.5588271312499999 0.67269426875 0.5703628000000001 0.682549925 0.5703628000000001 0.682549925 0.5588271312499999 0.67269426875 0.5588271312499999
2 0.65708438125 0.557303553125 0.65708438125 0.5768924296875 0.6717760390625 0.5768924296875 0.6717760390625 0.557303553125 0.65708438125 0.557303553125
2 0 0.9713136765625 0.2601061796875 0.9713136765625 0.2601061796875 0.49791582968750003 0 0.49791582968750003 0 0.9713136765625
1 0.778657840625 0.5430471953125 0.778657840625 0.5822249484375 0.8392609265625 0.5822249484375 0.8392609265625 0.5430471953125 0.778657840625 0.5430471953125
2 0.6721433234374999 0.56562880625 0.6721433234374999 0.5884824984375 0.7134636109375 0.5884824984375 0.7134636109375 0.56562880625 0.6721433234374999 0.56562880625
2 0.6501058390625001 0.562363996875 0.6501058390625001 0.5901149046875 0.679489153125 0.5901149046875 0.679489153125 0.562363996875 0.6501058390625001 0.562363996875
2 0.5270632078124999 0.5721584359375 0.5270632078124999 0.59990934375 0.55828298125 0.59990934375 0.55828298125 0.5721584359375 0.5270632078124999 0.5721584359375
2 0.5022710359375 0.5721584359375 0.5022710359375 0.6243954406250001 0.533490809375 0.6243954406250001 0.533490809375 0.5721584359375 0.5022710359375 0.5721584359375
2 0.46737835 0.5721584359375 0.46737835 0.5901149046875 0.488497609375 0.5901149046875 0.488497609375 0.5721584359375 0.46737835 0.5721584359375
2 0.477478865625 0.5737908421875 0.477478865625 0.6146010015625001 0.5022710375 0.6146010015625001 0.5022710375 0.5737908421875 0.477478865625 0.5737908421875
2 0.4637054359375 0.581952871875 0.4637054359375 0.61296859375 0.48298823593750007 0.61296859375 0.48298823593750007 0.581952871875 0.4637054359375 0.581952871875
2 0.45176846406250004 0.581952871875 0.45176846406250004 0.61296859375 0.4710512640625 0.61296859375 0.4710512640625 0.581952871875 0.45176846406250004 0.581952871875
2 0.40952995000000003 0.58032046875 0.40952995000000003 0.6243954406250001 0.427894521875 0.6243954406250001 0.427894521875 0.58032046875 0.40952995000000003 0.58032046875
6 0.3562726921875 0.5378779 0.3562726921875 0.6374546875 0.4076934921875 0.6374546875 0.4076934921875 0.5378779 0.3562726921875 0.5378779
2 0.4191713484375 0.578688059375 0.4191713484375 0.6439843140625 0.46416455 0.6439843140625 0.46416455 0.578688059375 0.4191713484375 0.578688059375
2 0.48344734999999994 0.58032046875 0.48344734999999994 0.6390870953125 0.527522321875 0.6390870953125 0.527522321875 0.58032046875 0.48344734999999994 0.58032046875
2 0.8250283843749999 0.5558343703124999 0.8250283843749999 0.6276602515625 0.8782856421874999 0.6276602515625 0.8782856421874999 0.5558343703124999 0.8250283843749999 0.5558343703124999
2 0.2355256328125 0.5664450125 0.2355256328125 0.72152361875 0.3457130625 0.72152361875 0.3457130625 0.5664450125 0.2355256328125 0.5664450125