4 0.17280930625 0.400589165625 0.17280930625 0.5696613578124999 0.208762921875 0.5696613578124999 0.208762921875 0.400589165625 0.17280930625 0.400589165625
4 0.12757734062499998 0.37584689375 0.12757734062499998 0.58409435 0.1902062171875 0.58409435 0.1902062171875 0.37584689375 0.12757734062499998 0.37584689375
4 0.409407284375 0.39690728124999997 0.409407284375 0.44432996874999997 0.4175258421875 0.44432996874999997 0.4175258421875 0.39690728124999997 0.409407284375 0.39690728124999997
4 0.3989691390625 0.40309285 0.3989691390625 0.4463918265625 0.408247490625 0.4463918265625 0.408247490625 0.40309285 0.3989691390625 0.40309285
4 0.49059286406249997 0.39690728124999997 0.49059286406249997 0.41134027343749996 0.5010310109375 0.41134027343749996 0.5010310109375 0.39690728124999997 0.49059286406249997 0.39690728124999997
4 0.5010310109375 0.3886598578125 0.5010310109375 0.427835121875 0.51146915625 0.427835121875 0.51146915625 0.3886598578125 0.5010310109375 0.3886598578125
4 0.51146915625 0.3907217140625 0.51146915625 0.434020690625 0.5195877140625 0.434020690625 0.5195877140625 0.3907217140625 0.51146915625 0.3907217140625
4 0.5184279203125 0.3907217140625 0.5184279203125 0.434020690625 0.5300258609374999 0.434020690625 0.5300258609374999 0.3907217140625 0.5184279203125 0.3907217140625
4 0.5288660671875001 0.39278356875 0.5288660671875001 0.43195883437499993 0.53582483125 0.43195883437499993 0.53582483125 0.39278356875 0.5288660671875001 0.39278356875
4 0.5358248296875 0.39278356875 0.5358248296875 0.43195883437499993 0.5439433874999999 0.43195883437499993 0.5439433874999999 0.39278356875 0.5358248296875 0.39278356875
4 0.5462629765625 0.3989691359375 0.5462629765625 0.43195883437499993 0.557860915625 0.43195883437499993 0.557860915625 0.3989691359375 0.5462629765625 0.3989691359375
4 0.557860915625 0.39278356875 0.557860915625 0.42989697812500005 0.56945885625 0.42989697812500005 0.56945885625 0.39278356875 0.557860915625 0.39278356875
4 0.4476804859375 0.376288721875 0.4476804859375 0.5813267953125 0.517268128125 0.5813267953125 0.517268128125 0.376288721875 0.4476804859375 0.376288721875
4 0.57177844375 0.35773201875 0.57177844375 0.5767349562499999 0.6198982375 0.5767349562499999 0.6198982375 0.35773201875 0.57177844375 0.35773201875
4 0.8773841656249999 0.372165009375 0.8773841656249999 0.60721659375 0.933054278125 0.60721659375 0.933054278125 0.372165009375 0.8773841656249999 0.372165009375
4 0.43492275312500006 0.39690728124999997 0.43492275312500006 0.438144403125 0.444201103125 0.438144403125 0.444201103125 0.39690728124999997 0.43492275312500006 0.39690728124999997
4 0.3606959359375 0.40103099374999995 0.3606959359375 0.4443299703125 0.37345366874999997 0.4443299703125 0.37345366874999997 0.40103099374999995 0.3606959359375 0.40103099374999995
4 0.0684278453125 0.3989691359375 0.0684278453125 0.47731966562499994 0.08350516875 0.47731966562499994 0.08350516875 0.3989691359375 0.0684278453125 0.3989691359375
0 0.3003866484375 0.42371140937499996 0.3003866484375 0.479381521875 0.352577378125 0.479381521875 0.352577378125 0.42371140937499996 0.3003866484375 0.42371140937499996
2 0.9678480984375 0.32886603281250004 0.9678480984375 0.36804129531249996 0.9817656265625001 0.36804129531249996 0.9817656265625001 0.32886603281250004 0.9678480984375 0.32886603281250004
2 0.8715851953125 0.3144330421875 0.8715851953125 0.5185567843750001 0.9806058328124999 0.5185567843750001 0.9806058328124999 0.3144330421875 0.8715851953125 0.3144330421875
2 0.608891853125 0.378350578125 0.608891853125 0.4917526578125 0.6935568156249999 0.4917526578125 0.6935568156249999 0.378350578125 0.608891853125 0.378350578125
1 0.6860181546875 0.25051550625 0.6860181546875 0.50412379375 0.9504511875 0.50412379375 0.9504511875 0.25051550625 0.6860181546875 0.25051550625