2 0.47414653749999996 0.5008346078125 0.47414653749999996 0.5129655515625 0.48389461718750004 0.5129655515625 0.48389461718750004 0.5008346078125 0.47414653749999996 0.5008346078125
6 0.48584423125000004 0.49043665625 0.48584423125000004 0.5233635 0.5072900046875 0.5233635 0.5072900046875 0.49043665625 0.48584423125000004 0.49043665625
6 0.5033907734375 0.507766578125 0.5033907734375 0.54589239375 0.518012890625 0.54589239375 0.518012890625 0.507766578125 0.5033907734375 0.507766578125
2 0.41551184374999994 0.5051670859375 0.41551184374999994 0.5190310203124999 0.42428511562500004 0.5190310203124999 0.42428511562500004 0.5051670859375 0.41551184374999994 0.5051670859375
2 0.413562228125 0.5103660640625 0.413562228125 0.524229996875 0.4252599234375 0.524229996875 0.4252599234375 0.5103660640625 0.413562228125 0.5103660640625
2 0.4028393421875 0.520764015625 0.4028393421875 0.5380939296875 0.41551184374999994 0.5380939296875 0.41551184374999994 0.520764015625 0.4028393421875 0.520764015625
2 0.3852928 0.5155650374999999 0.3852928 0.5328949546875 0.3960156875 0.5328949546875 0.3960156875 0.5155650374999999 0.3852928 0.5155650374999999
2 0.382368378125 0.5259629890624999 0.382368378125 0.545025896875 0.394066071875 0.545025896875 0.394066071875 0.5259629890624999 0.382368378125 0.5259629890624999
2 0.36579664375 0.5276959812500001 0.36579664375 0.5467588890624999 0.3804187609375 0.5467588890624999 0.3804187609375 0.5276959812500001 0.36579664375 0.5276959812500001
2 0.191306040625 0.529428971875 0.191306040625 0.5727537671875 0.220550275 0.5727537671875 0.220550275 0.529428971875 0.191306040625 0.529428971875
2 0.311623725 0.5337614515625 0.311623725 0.5788192375000001 0.335993921875 0.5788192375000001 0.335993921875 0.5337614515625 0.311623725 0.5337614515625
2 0.9627953640625 0.5614893203125 0.9627953640625 0.599615140625 0.9959388312499999 0.599615140625 0.9959388312499999 0.5614893203125 0.9627953640625 0.5614893203125
2 0.7346903296875 0.5458923921875 0.7346903296875 0.5892171859374999 0.76588418125 0.5892171859374999 0.76588418125 0.5458923921875 0.7346903296875 0.5458923921875
2 0.5894439593749999 0.55629034375 0.5894439593749999 0.5805522265625 0.6060156937500001 0.5805522265625 0.6060156937500001 0.55629034375 0.5894439593749999 0.55629034375