2 0.3304763109375 0.469441734375 0.3304763109375 0.53914671875 0.396891646875 0.53914671875 0.396891646875 0.469441734375 0.3304763109375 0.469441734375
2 0.49851511249999997 0.42676521406249995 0.49851511249999997 0.61738700625 0.6073402406249999 0.61738700625 0.6073402406249999 0.42676521406249995 0.49851511249999997 0.42676521406249995
2 0.63614689375 0.41538480624999996 0.63614689375 0.6401478171874999 0.8217897609374999 0.6401478171874999 0.8217897609374999 0.41538480624999996 0.63614689375 0.41538480624999996
2 0.888205096875 0.433877965625 0.888205096875 0.6700213828125 0.9994307796875 0.6700213828125 0.9994307796875 0.433877965625 0.888205096875 0.433877965625
2 0.4328999609375 0.46517408125 0.4328999609375 0.5092731546875 0.4745095703125 0.5092731546875 0.4745095703125 0.46517408125 0.4328999609375 0.46517408125
2 0.4160960796875 0.46801918125 0.4160960796875 0.507850603125 0.44010162499999994 0.507850603125 0.44010162499999994 0.46801918125 0.4160960796875 0.46801918125
2 0.6601524375000001 0.4594838765625 0.6601524375000001 0.5050055 0.686558534375 0.5050055 0.686558534375 0.4594838765625 0.6601524375000001 0.4594838765625
2 0.6081404265625 0.45094857343749994 0.6081404265625 0.5249212109375 0.666553915625 0.5249212109375 0.666553915625 0.45094857343749994 0.6081404265625 0.45094857343749994
2 0.4729092 0.47513193593749997 0.4729092 0.50358295 0.49131345 0.50358295 0.49131345 0.47513193593749997 0.4729092 0.47513193593749997
2 0.49291382031250003 0.46517408125 0.49291382031250003 0.49647019531250003 0.503316221875 0.49647019531250003 0.503316221875 0.46517408125 0.49291382031250003 0.46517408125
2 0.5953374703125001 0.45094857343749994 0.5953374703125001 0.5092731546875 0.6097407968749999 0.5092731546875 0.6097407968749999 0.45094857343749994 0.5953374703125001 0.45094857343749994