2 0.4179297421875 0.3769562390625 0.4179297421875 0.48136279843749996 0.49031626875 0.48136279843749996 0.49031626875 0.3769562390625 0.4179297421875 0.3769562390625
2 0.274522478125 0.39723054062499996 0.274522478125 0.4142269578125 0.289546096875 0.4142269578125 0.289546096875 0.39723054062499996 0.274522478125 0.39723054062499996
2 0.24857259062499998 0.392374421875 0.24857259062499998 0.41665501718750003 0.27998561093749996 0.41665501718750003 0.27998561093749996 0.392374421875 0.24857259062499998 0.392374421875
2 0.24720680781249998 0.39723054062499996 0.24720680781249998 0.4215111359375 0.281351396875 0.4215111359375 0.281351396875 0.39723054062499996 0.24720680781249998 0.39723054062499996
2 0.2007701703125 0.392374421875 0.2007701703125 0.4336514359375 0.2540357265625 0.4336514359375 0.2540357265625 0.392374421875 0.2007701703125 0.392374421875
2 0.1024337609375 0.3462412921875 0.1024337609375 0.3680938265625 0.12974943125 0.3680938265625 0.12974943125 0.3462412921875 0.1024337609375 0.3462412921875
2 0.092873278125 0.3462412921875 0.092873278125 0.3680938265625 0.116091596875 0.3680938265625 0.116091596875 0.3462412921875 0.092873278125 0.3462412921875
2 0.062826040625 0.3316729328125 0.062826040625 0.3583815859375 0.09560484375 0.3583815859375 0.09560484375 0.3316729328125 0.062826040625 0.3316729328125
2 0.0341445859375 0.32438875624999997 0.0341445859375 0.3389571125 0.05463133906249999 0.3389571125 0.05463133906249999 0.32438875624999997 0.0341445859375 0.32438875624999997
2 0.0040973500000000005 0.3049642796875 0.0040973500000000005 0.3268168125 0.0355103703125 0.3268168125 0.0355103703125 0.3049642796875 0.0040973500000000005 0.3049642796875
2 0 0.32616933124999997 0.01912096875 0.32616933124999997 0.01912096875 0.30253621875 0 0.30253621875 0 0.32616933124999997