1 0.10436159375000001 0.2869770859375 0.10436159375000001 0.36653509375 0.17009018125 0.36653509375 0.17009018125 0.2869770859375 0.10436159375000001 0.2869770859375
1 0.1798795453125 0.2869770859375 0.1798795453125 0.4734411640625 0.3435017765625 0.4734411640625 0.3435017765625 0.2869770859375 0.1798795453125 0.2869770859375
2 0.0666026171875 0.359076528125 0.0666026171875 0.5132201656250001 0.220435484375 0.5132201656250001 0.220435484375 0.359076528125 0.0666026171875 0.359076528125
2 0 0.5654301109375 0.0721965390625 0.5654301109375 0.0721965390625 0.3018942109375 0 0.3018942109375 0 0.5654301109375
2 0.3462987375 0.36404890624999997 0.3462987375 0.39388315937499996 0.3644789828125 0.39388315937499996 0.3644789828125 0.36404890624999997 0.3462987375 0.36404890624999997
2 0.3700729078125 0.36404890624999997 0.3700729078125 0.39388315937499996 0.38825315312500003 0.39388315937499996 0.38825315312500003 0.36404890624999997 0.3700729078125 0.36404890624999997
2 0.40083948124999996 0.3516179671875 0.40083948124999996 0.3889107828125 0.4148242875 0.3889107828125 0.4148242875 0.3516179671875 0.40083948124999996 0.3516179671875
2 0.41342580624999997 0.36404890624999997 0.41342580624999997 0.39139696874999996 0.4344030140625 0.39139696874999996 0.4344030140625 0.36404890624999997 0.41342580624999997 0.36404890624999997
6 0.44746479062500005 0.34825309375 0.44746479062500005 0.40382790625 0.480552875 0.40382790625 0.480552875 0.34825309375 0.44746479062500005 0.34825309375
2 0.47635743281250004 0.37896603125 0.47635743281250004 0.418745034375 0.5071240078125 0.418745034375 0.5071240078125 0.37896603125 0.47635743281250004 0.37896603125
2 0.7280839421875 0.361562715625 0.7280839421875 0.4013417203125 0.7560535546875 0.4013417203125 0.7560535546875 0.361562715625 0.7280839421875 0.361562715625