4 0.063362509375 0.162901221875 0.063362509375 0.27381269375 0.0809090515625 0.27381269375 0.0809090515625 0.162901221875 0.063362509375 0.162901221875
2 0.5166481593750001 0.211424990625 0.5166481593750001 0.221822940625 0.5254214296875 0.221822940625 0.5254214296875 0.211424990625 0.5166481593750001 0.211424990625
2 0.5634389343749999 0.21489097343750002 0.5634389343749999 0.23048790000000002 0.56928778125 0.23048790000000002 0.56928778125 0.21489097343750002 0.5634389343749999 0.21489097343750002
2 0.5673381671875 0.21489097343750002 0.5673381671875 0.23395388281249999 0.57708624375 0.23395388281249999 0.57708624375 0.21489097343750002 0.5673381671875 0.21489097343750002
2 0.571237396875 0.21835695624999998 0.571237396875 0.24261884218750002 0.58780913125 0.24261884218750002 0.58780913125 0.21835695624999998 0.571237396875 0.21835695624999998
2 0.579035859375 0.225288925 0.579035859375 0.2512837984375 0.6004816328125 0.2512837984375 0.6004816328125 0.225288925 0.579035859375 0.225288925
2 0.5946327859375 0.2200899484375 0.5946327859375 0.2616817484375 0.6131541359375 0.2616817484375 0.6131541359375 0.2200899484375 0.5946327859375 0.2200899484375
2 0.60340605625 0.21489097343750002 0.60340605625 0.2703467109375 0.64532279375 0.2703467109375 0.64532279375 0.21489097343750002 0.60340605625 0.21489097343750002
2 0.61412894375 0.2270219171875 0.61412894375 0.280744659375 0.6414235625 0.280744659375 0.6414235625 0.2270219171875 0.61412894375 0.2270219171875
2 0.635574715625 0.20795900625 0.635574715625 0.2980745765625 0.666768565625 0.2980745765625 0.666768565625 0.20795900625 0.635574715625 0.20795900625
2 0.6482472171875 0.195828065625 0.6482472171875 0.324069453125 0.7233074234375 0.324069453125 0.7233074234375 0.195828065625 0.6482472171875 0.195828065625
6 0.6804158765625 0.19756105625 0.6804158765625 0.3569962953125 0.7983676265625 0.3569962953125 0.7983676265625 0.19756105625 0.6804158765625 0.19756105625
2 0.7437783875 0.21835695624999998 0.7437783875 0.44017989843749994 0.9523872656249999 0.44017989843749994 0.9523872656249999 0.21835695624999998 0.7437783875 0.21835695624999998
2 0.9738330375 0.3673942453125 0.9738330375 0.5510913687500001 0.9982032343749999 0.5510913687500001 0.9982032343749999 0.3673942453125 0.9738330375 0.3673942453125
2 0.48350469062499996 0.21662396562500003 0.48350469062499996 0.23741986874999998 0.4952023859375 0.23741986874999998 0.4952023859375 0.21662396562500003 0.48350469062499996 0.21662396562500003
2 0.4737566125 0.21489097343750002 0.4737566125 0.24261884218750002 0.4883787296875 0.24261884218750002 0.4883787296875 0.21489097343750002 0.4737566125 0.21489097343750002
2 0.45523526406250003 0.21489097343750002 0.45523526406250003 0.24261884218750002 0.4737566125 0.24261884218750002 0.4737566125 0.21489097343750002 0.45523526406250003 0.21489097343750002
2 0.41429333437500004 0.19236208125 0.41429333437500004 0.2512838 0.43671391562500006 0.2512838 0.43671391562500006 0.19236208125 0.41429333437500004 0.19236208125
2 0.37725063593749997 0.19756105625 0.37725063593749997 0.25994875781250004 0.4191673734375 0.25994875781250004 0.4191673734375 0.19756105625 0.37725063593749997 0.19756105625
2 0.34703159375000003 0.1992940484375 0.34703159375000003 0.27381269375 0.383099484375 0.27381269375 0.383099484375 0.1992940484375 0.34703159375000003 0.1992940484375
2 0.2797698515625 0.19756105625 0.2797698515625 0.29460859375 0.3587292875 0.29460859375 0.3587292875 0.19756105625 0.2797698515625 0.19756105625
2 0.47083219062500004 0.21835695624999998 0.47083219062500004 0.377792196875 0.5848847078125 0.377792196875 0.5848847078125 0.21835695624999998 0.47083219062500004 0.21835695624999998
2 0.0809090515625 0.168100196875 0.0809090515625 0.2824776515625 0.199835609375 0.2824776515625 0.199835609375 0.168100196875 0.0809090515625 0.168100196875