4 0.9019384625000001 0.5137496406250001 0.9019384625000001 0.680155775 0.950717728125 0.680155775 0.950717728125 0.5137496406250001 0.9019384625000001 0.5137496406250001
4 0.9744481781250001 0.502030896875 0.9744481781250001 0.6590620406250001 0.9994969890625001 0.6590620406250001 0.9994969890625001 0.502030896875 0.9744481781250001 0.502030896875
4 0.7463721624999999 0.5184371359375 0.7463721624999999 0.567655853125 0.766147540625 0.567655853125 0.766147540625 0.5184371359375 0.7463721624999999 0.5184371359375
4 0.71209484375 0.5371871234375 0.71209484375 0.6239058140625 0.7345069375 0.6239058140625 0.7345069375 0.5371871234375 0.71209484375 0.5371871234375
2 0.5378902546875 0.5800777265625 0.5378902546875 0.6199214484375 0.54975548125 0.6199214484375 0.54975548125 0.5800777265625 0.5378902546875 0.5800777265625
2 0.5458004062499999 0.577733978125 0.5458004062499999 0.6199214468750001 0.5668941421875 0.6199214468750001 0.5668941421875 0.577733978125 0.5458004062499999 0.577733978125
2 0.43110322031250004 0.5941402171875 0.43110322031250004 0.6152339515625 0.44165008749999995 0.6152339515625 0.44165008749999995 0.5941402171875 0.43110322031250004 0.5941402171875
2 0.42319307031250003 0.596483965625 0.42319307031250003 0.6199214484375 0.43373993750000006 0.6199214484375 0.43373993750000006 0.596483965625 0.42319307031250003 0.596483965625
2 0.408691125 0.5941402171875 0.408691125 0.6199214484375 0.4218747109375 0.6199214484375 0.4218747109375 0.5941402171875 0.408691125 0.5941402171875
2 0.3203611078125 0.622265196875 0.3203611078125 0.6554605296875 0.34409156093750004 0.6554605296875 0.34409156093750004 0.622265196875 0.3203611078125 0.622265196875
2 0.29926737187499997 0.6246089453125 0.29926737187499997 0.657421425 0.3137693171875 0.657421425 0.3137693171875 0.6246089453125 0.29926737187499997 0.6246089453125
2 0.264990053125 0.6363276859375 0.264990053125 0.6714839125000001 0.283447071875 0.6714839125000001 0.283447071875 0.6363276859375 0.264990053125 0.6363276859375
2 0.24916975 0.6386714359375001 0.24916975 0.676171409375 0.26894512656249997 0.676171409375 0.26894512656249997 0.6386714359375001 0.24916975 0.6386714359375001
2 0.4917477078125 0.5929683421874999 0.4917477078125 0.621093325 0.5141598046875 0.621093325 0.5141598046875 0.5929683421874999 0.4917477078125 0.5929683421874999
2 0.4521969546875 0.5929683421874999 0.4521969546875 0.6304683171875001 0.478564125 0.6304683171875001 0.478564125 0.5929683421874999 0.4521969546875 0.5929683421874999
2 0.39550754062500004 0.5953120890625 0.39550754062500004 0.62343706875 0.413964559375 0.62343706875 0.413964559375 0.5953120890625 0.39550754062500004 0.5953120890625
2 0.3401364859375 0.5835933484375 0.3401364859375 0.667968290625 0.38627903125 0.667968290625 0.38627903125 0.5835933484375 0.3401364859375 0.5835933484375
2 0.19643541250000002 0.6328120640625 0.19643541250000002 0.6867182781250001 0.2518064671875 0.6867182781250001 0.2518064671875 0.6328120640625 0.19643541250000002 0.6328120640625
2 0.080419865625 0.64687455625 0.080419865625 0.705468265625 0.1740233171875 0.705468265625 0.1740233171875 0.64687455625 0.080419865625 0.64687455625
6 0.5591652609375 0.4645309234375 0.5591652609375 0.64499955 0.665952296875 0.64499955 0.665952296875 0.4645309234375 0.5591652609375 0.4645309234375