2 0.295366778125 0.4055200640625 0.295366778125 0.44017989843749994 0.30998889531249996 0.44017989843749994 0.30998889531249996 0.4055200640625 0.295366778125 0.4055200640625
2 0.2748958125 0.4107190390625 0.2748958125 0.44017989843749994 0.29439197031250003 0.44017989843749994 0.29439197031250003 0.4107190390625 0.2748958125 0.4107190390625
6 0.3080392796875 0.37387360625 0.3080392796875 0.45231083906249997 0.3449704328125 0.45231083906249997 0.3449704328125 0.37387360625 0.3080392796875 0.37387360625
6 0.157918871875 0.370860228125 0.157918871875 0.5372274328125 0.287568315625 0.5372274328125 0.287568315625 0.370860228125 0.157918871875 0.370860228125
4 0.1403723296875 0.3899231390625 0.1403723296875 0.42804895624999995 0.157918871875 0.42804895624999995 0.157918871875 0.3899231390625 0.1403723296875 0.3899231390625
2 0.1491456015625 0.41765100625 0.1491456015625 0.6013481296875 0.2378531125 0.6013481296875 0.2378531125 0.41765100625 0.1491456015625 0.41765100625
2 0.30998889531249996 0.38819014687500003 0.30998889531249996 0.49216965 0.3714017890625 0.49216965 0.3714017890625 0.38819014687500003 0.30998889531249996 0.38819014687500003
2 0.3636033265625 0.3829911703125 0.3636033265625 0.5788192359375001 0.4737566125 0.5788192359375001 0.4737566125 0.3829911703125 0.3636033265625 0.3829911703125
2 0 0.7521184078125 0.1930119515625 0.7521184078125 0.1930119515625 0.37387360625 0 0.37387360625 0 0.7521184078125
4 0.4766810375 0.42804895624999995 0.4766810375 0.4887036671875 0.48545430781250004 0.4887036671875 0.48545430781250004 0.42804895624999995 0.4766810375 0.42804895624999995
4 0.5410183546875 0.43324793125000005 0.5410183546875 0.46790776562499997 0.551741240625 0.46790776562499997 0.551741240625 0.43324793125000005 0.5410183546875 0.43324793125000005
4 0.555640471875 0.42804895624999995 0.555640471875 0.47137375 0.5673381671875 0.47137375 0.5673381671875 0.42804895624999995 0.555640471875 0.42804895624999995
4 0.566363359375 0.43844690625 0.566363359375 0.50603358125 0.5780610515625 0.50603358125 0.5780610515625 0.43844690625 0.566363359375 0.43844690625
4 0.599506825 0.43844690625 0.599506825 0.5233635015625 0.61412894375 0.5233635015625 0.61412894375 0.43844690625 0.599506825 0.43844690625
4 0.5829350921875001 0.43844690625 0.5829350921875001 0.5285624765625 0.5956075937499999 0.5285624765625 0.5956075937499999 0.43844690625 0.5829350921875001 0.43844690625
4 0.6180281734374999 0.441912890625 0.6180281734374999 0.5372274328125 0.6375243312500001 0.5372274328125 0.6375243312500001 0.441912890625 0.6180281734374999 0.441912890625
4 0.6336250999999999 0.43151494062499995 0.6336250999999999 0.514698540625 0.6511716421875 0.514698540625 0.6511716421875 0.43151494062499995 0.6336250999999999 0.43151494062499995
4 0.6570204890625 0.4349809234375 0.6570204890625 0.500834609375 0.6765166453125 0.500834609375 0.6765166453125 0.4349809234375 0.6570204890625 0.4349809234375
3 0.5127489265625 0.47137375 0.5127489265625 0.5528243609375 0.540043546875 0.5528243609375 0.540043546875 0.47137375 0.5127489265625 0.47137375
5 0.5185977734375 0.44017989843749994 0.5185977734375 0.537227434375 0.543942778125 0.537227434375 0.543942778125 0.44017989843749994 0.5185977734375 0.44017989843749994
3 0.5860895640625 0.4540438328125 0.5860895640625 0.695810446875 0.6843151093750001 0.695810446875 0.6843151093750001 0.4540438328125 0.5860895640625 0.4540438328125
2 0.6102297109375 0.37779219531249997 0.6102297109375 0.8387679968749999 0.99917804375 0.8387679968749999 0.99917804375 0.37779219531249997 0.6102297109375 0.37779219531249997