2 0.4720488921875 0.411382640625 0.4720488921875 0.48422442656250003 0.5307775828125 0.48422442656250003 0.5307775828125 0.411382640625 0.4720488921875 0.411382640625
2 0.42834382031249996 0.41866681874999995 0.42834382031249996 0.452659653125 0.4542937078125 0.452659653125 0.4542937078125 0.41866681874999995 0.42834382031249996 0.41866681874999995
2 0.5854089203124999 0.4162387609375 0.5854089203124999 0.457515771875 0.6058956734375001 0.457515771875 0.6058956734375001 0.4162387609375 0.5854089203124999 0.4162387609375
2 0.5731168703125 0.40895458125 0.5731168703125 0.46237189062499995 0.589506271875 0.46237189062499995 0.589506271875 0.40895458125 0.5731168703125 0.40895458125
2 0.5621906015625 0.4210948796875 0.5621906015625 0.4478035328125 0.5758484359375 0.4478035328125 0.5758484359375 0.4210948796875 0.5621906015625 0.4210948796875
2 0.5471669828125 0.4162387609375 0.5471669828125 0.4453754734375 0.56492216875 0.4453754734375 0.56492216875 0.4162387609375 0.5471669828125 0.4162387609375
2 0.51438818125 0.3992423421875 0.51438818125 0.43566323437500004 0.5376064984375 0.43566323437500004 0.5376064984375 0.3992423421875 0.51438818125 0.3992423421875
2 0.5376064984375 0.3943862265625 0.5376064984375 0.433235178125 0.5526301171875 0.433235178125 0.5526301171875 0.3943862265625 0.5376064984375 0.3943862265625
6 0.81486054375 0.355537271875 0.81486054375 0.5376417359375 0.9883150453124999 0.5376417359375 0.9883150453124999 0.355537271875 0.81486054375 0.355537271875
6 0.5922378390625 0.214709821875 0.5922378390625 0.5279294984375 0.8175921109375001 0.5279294984375 0.8175921109375001 0.214709821875 0.5922378390625 0.214709821875
4 0.040461315625 0.4210948796875 0.040461315625 0.5449259125 0.0896295203125 0.5449259125 0.0896295203125 0.4210948796875 0.040461315625 0.4210948796875
2 0.4660736109375 0.40791399687499996 0.4660736109375 0.42976653281250005 0.4797314453125 0.42976653281250005 0.4797314453125 0.40791399687499996 0.4660736109375 0.40791399687499996
2 0.2929154546875 0.41479486874999993 0.2929154546875 0.45698236562499994 0.34213419843750004 0.45698236562499994 0.34213419843750004 0.41479486874999993 0.2929154546875 0.41479486874999993
2 0.24633342812499998 0.43198236874999996 0.24633342812499998 0.4788573625 0.2929154546875 0.4788573625 0.2929154546875 0.43198236874999996 0.24633342812499998 0.43198236874999996