2 0 0.41765100625 0.0341182734375 0.41765100625 0.0341182734375 0.3933891234375 0 0.3933891234375 0 0.41765100625
2 0.0701861640625 0.3951221140625 0.0701861640625 0.426315965625 0.162792909375 0.426315965625 0.162792909375 0.3951221140625 0.0701861640625 0.3951221140625
2 0.2056844546875 0.42284998125 0.2056844546875 0.44017989999999996 0.2489659234375 0.44017989999999996 0.2489659234375 0.42284998125 0.2056844546875 0.42284998125
2 0.3051148546875 0.43151494062499995 0.3051148546875 0.44884485625000003 0.33630870625 0.44884485625000003 0.33630870625 0.43151494062499995 0.3051148546875 0.43151494062499995
2 0.3411827453125 0.44364588281249995 0.3411827453125 0.454043834375 0.356779671875 0.454043834375 0.356779671875 0.44364588281249995 0.3411827453125 0.44364588281249995
2 0.363603328125 0.44711186718749996 0.363603328125 0.45404383125000003 0.3840742921875 0.45404383125000003 0.3840742921875 0.44711186718749996 0.363603328125 0.44711186718749996
2 0.386998715625 0.44711186718749996 0.386998715625 0.45404383125000003 0.4016208328125 0.45404383125000003 0.4016208328125 0.44711186718749996 0.386998715625 0.44711186718749996
2 0.41136891093749994 0.4505778484375 0.41136891093749994 0.4817717 0.4318398765625 0.4817717 0.4318398765625 0.4505778484375 0.41136891093749994 0.4505778484375
2 0.5283458515625 0.466174775 0.5283458515625 0.4852376828125 0.536144315625 0.4852376828125 0.536144315625 0.466174775 0.5283458515625 0.466174775
2 0.5517412421875 0.46790776718749993 0.5517412421875 0.47830571875 0.56148931875 0.47830571875 0.56148931875 0.46790776718749993 0.5517412421875 0.46790776718749993
2 0.536144315625 0.460975796875 0.536144315625 0.473106740625 0.543942778125 0.473106740625 0.543942778125 0.460975796875 0.536144315625 0.460975796875
2 0.428915453125 0.4540438296875 0.428915453125 0.49563562968749997 0.4630337265625 0.49563562968749997 0.4630337265625 0.4540438296875 0.428915453125 0.4540438296875
2 0.4737566125 0.460975796875 0.4737566125 0.4800387078125 0.4893535375 0.4800387078125 0.4893535375 0.460975796875 0.4737566125 0.460975796875
2 0.4985167328125 0.4627087890625 0.4985167328125 0.47483973125 0.5107993109375 0.47483973125 0.5107993109375 0.4627087890625 0.4985167328125 0.4627087890625
2 0.5088496953125 0.46444178281250004 0.5088496953125 0.490436659375 0.529320659375 0.490436659375 0.529320659375 0.46444178281250004 0.5088496953125 0.46444178281250004
2 0.539728759375 0.46444178281250004 0.539728759375 0.47830571875 0.5533760703125 0.47830571875 0.5533760703125 0.46444178281250004 0.539728759375 0.46444178281250004