2 0.3882971859375 0.3931276921875 0.3882971859375 0.4101892921875 0.395495046875 0.4101892921875 0.395495046875 0.3931276921875 0.3882971859375 0.3931276921875
2 0.395495046875 0.3931276921875 0.395495046875 0.4123219921875 0.405092196875 0.4123219921875 0.405092196875 0.3931276921875 0.395495046875 0.3931276921875
2 0.3763007484375 0.3931276921875 0.3763007484375 0.4101892921875 0.3858978984375 0.4101892921875 0.3858978984375 0.3931276921875 0.3763007484375 0.3931276921875
2 0.36430431093750004 0.397393090625 0.36430431093750004 0.412321990625 0.3739014609375 0.412321990625 0.3739014609375 0.397393090625 0.36430431093750004 0.397393090625
2 0.355906803125 0.3931276921875 0.355906803125 0.4101892921875 0.36430430937499997 0.4101892921875 0.36430430937499997 0.3931276921875 0.355906803125 0.3931276921875
2 0.325915709375 0.3931276921875 0.325915709375 0.425118190625 0.3499085859375 0.425118190625 0.3499085859375 0.3931276921875 0.325915709375 0.3931276921875
2 0.311519984375 0.3995257890625 0.311519984375 0.422985490625 0.325915709375 0.422985490625 0.325915709375 0.3995257890625 0.311519984375 0.3995257890625
2 0.301922834375 0.3995257890625 0.301922834375 0.42085278906249995 0.312719628125 0.42085278906249995 0.312719628125 0.3995257890625 0.301922834375 0.3995257890625
2 0.28272853593749997 0.397393090625 0.28272853593749997 0.425118190625 0.3043221234375 0.425118190625 0.3043221234375 0.397393090625 0.28272853593749997 0.397393090625
2 0.2695324546875 0.3931276921875 0.2695324546875 0.431516290625 0.28272853593749997 0.431516290625 0.28272853593749997 0.3931276921875 0.2695324546875 0.3931276921875
2 0.2479388640625 0.390994990625 0.2479388640625 0.431516290625 0.2731313859375 0.431516290625 0.2731313859375 0.390994990625 0.2479388640625 0.390994990625
2 0.2371420734375 0.390994990625 0.2371420734375 0.43364899218749997 0.253937084375 0.43364899218749997 0.253937084375 0.390994990625 0.2371420734375 0.390994990625
2 0.168762378125 0.397393090625 0.168762378125 0.44857789062500003 0.19635418437500002 0.44857789062500003 0.19635418437500002 0.397393090625 0.168762378125 0.397393090625
2 0.1867570328125 0.378198790625 0.1867570328125 0.44857789062500003 0.24913850937499998 0.44857789062500003 0.24913850937499998 0.378198790625 0.1867570328125 0.378198790625
2 0.008010115625 0.397393090625 0.008010115625 0.482701090625 0.085986959375 0.482701090625 0.085986959375 0.397393090625 0.008010115625 0.397393090625
2 0.055995865624999995 0.3824641890625 0.055995865624999995 0.48696649062499997 0.1771598859375 0.48696649062499997 0.1771598859375 0.3824641890625 0.055995865624999995 0.3824641890625
6 0.438682221875 0.371800690625 0.438682221875 0.41018928906249996 0.457876521875 0.41018928906249996 0.457876521875 0.371800690625 0.438682221875 0.371800690625
2 0.451878303125 0.397393090625 0.451878303125 0.41872009062500004 0.467473671875 0.41872009062500004 0.467473671875 0.397393090625 0.451878303125 0.397393090625
2 0.4638747421875 0.39526039062499996 0.4638747421875 0.422985490625 0.4830690421875 0.422985490625 0.4830690421875 0.39526039062499996 0.4638747421875 0.39526039062499996
2 0.4734718921875 0.397393090625 0.4734718921875 0.45710869218749994 0.51425978125 0.45710869218749994 0.51425978125 0.397393090625 0.4734718921875 0.397393090625
2 0.395495046875 0.388862290625 0.395495046875 0.46777218906250007 0.4482793734375 0.46777218906250007 0.4482793734375 0.388862290625 0.395495046875 0.388862290625
2 0.51066085 0.367535290625 0.51066085 0.525355090625 0.62702629375 0.525355090625 0.62702629375 0.367535290625 0.51066085 0.367535290625
2 0.7289960109375 0.397393090625 0.7289960109375 0.5296204921875 0.8633561125 0.5296204921875 0.8633561125 0.397393090625 0.7289960109375 0.397393090625
2 1 0.384596890625 0.8321653734375 0.384596890625 0.8321653734375 0.5850706906250001 1 0.5850706906250001 1 0.384596890625