2 0.4521457890625 0.373706528125 0.4521457890625 0.4359303 0.49512931875 0.4359303 0.49512931875 0.373706528125 0.4521457890625 0.373706528125
2 0.294539515625 0.39699496875 0.294539515625 0.43774971875 0.3131657109375 0.43774971875 0.3131657109375 0.39699496875 0.294539515625 0.39699496875
6 0.2400937125 0.35369304375 0.2400937125 0.44029689375 0.297405084375 0.44029689375 0.297405084375 0.35369304375 0.2400937125 0.35369304375
6 0.21716916406250003 0.36752054375 0.21716916406250003 0.4439357046875 0.255854340625 0.4439357046875 0.255854340625 0.36752054375 0.21716916406250003 0.36752054375
6 0.124038184375 0.3471431640625 0.124038184375 0.47195459843750004 0.22290030156250001 0.47195459843750004 0.22290030156250001 0.3471431640625 0.124038184375 0.3471431640625
6 0.47507033906249996 0.3700677125 0.47507033906249996 0.466860253125 0.5467095546875 0.466860253125 0.5467095546875 0.3700677125 0.47507033906249996 0.3700677125
2 0.28880837812500004 0.346051521875 0.28880837812500004 0.6272020859375 0.477658684375 0.6272020859375 0.477658684375 0.346051521875 0.28880837812500004 0.346051521875
4 0.7444337875 0.3358628375 0.7444337875 0.4581270953125 0.78168618125 0.4581270953125 0.78168618125 0.3358628375 0.7444337875 0.3358628375
4 0.7086141796875001 0.3231269734375 0.7086141796875001 0.4606742671875 0.7472993578125 0.4606742671875 0.7472993578125 0.3231269734375 0.7086141796875001 0.3231269734375
4 0.6154832 0.3587873875 0.6154832 0.4581270984375 0.6369749640625 0.4581270984375 0.6369749640625 0.3587873875 0.6154832 0.3587873875
4 0.60688649375 0.356240215625 0.60688649375 0.4683157890625 0.6283782578125 0.4683157890625 0.6283782578125 0.356240215625 0.60688649375 0.356240215625
4 0.5696341031250001 0.3587873875 0.5696341031250001 0.4708629609375 0.5982897890625 0.4708629609375 0.5982897890625 0.3587873875 0.5696341031250001 0.3587873875
4 0.585394728125 0.3613345609375 0.585394728125 0.45303275625 0.61261763125 0.45303275625 0.61261763125 0.3613345609375 0.585394728125 0.3613345609375
4 0.8991744921875 0.32785743125 0.8991744921875 0.43738583125 0.933561315625 0.43738583125 0.933561315625 0.32785743125 0.8991744921875 0.32785743125
4 0.9536202953125 0.3274935484375 0.9536202953125 0.43447477812499996 0.9794104140625001 0.43447477812499996 0.9794104140625001 0.3274935484375 0.9536202953125 0.3274935484375
5 0.5194866515625 0.3533291515625 0.5194866515625 0.44248017656250005 0.5438439859375 0.44248017656250005 0.5438439859375 0.3533291515625 0.5194866515625 0.3533291515625
0 0.5180538671875 0.4060920046875 0.5180538671875 0.466321253125 0.5461204703125 0.466321253125 0.5461204703125 0.4060920046875 0.5180538671875 0.4060920046875
2 0.47363755625000004 0.3780731125 0.47363755625000004 0.457035446875 0.5538734765625 0.457035446875 0.5538734765625 0.3780731125 0.47363755625000004 0.3780731125
4 0.039503909375 0.39845048906249997 0.039503909375 0.47741282343749997 0.062428459375 0.47741282343749997 0.062428459375 0.39845048906249997 0.039503909375 0.39845048906249997
4 0.0036843015625 0.407183653125 0.0036843015625 0.4683157828125 0.02660885 0.4683157828125 0.02660885 0.407183653125 0.0036843015625 0.407183653125
4 0.1049222828125 0.40463648281250003 0.1049222828125 0.47098446562499996 0.1193490953125 0.47098446562499996 0.1193490953125 0.40463648281250003 0.1049222828125 0.40463648281250003