4 0.0101527890625 0.354314571875 0.0101527890625 0.504083553125 0.03940454375 0.504083553125 0.03940454375 0.354314571875 0.0101527890625 0.354314571875
4 0.769528328125 0.3896766921875 0.769528328125 0.526964921875 0.8022902921874999 0.526964921875 0.8022902921874999 0.3896766921875 0.769528328125 0.3896766921875
4 0.0709964375 0.3709555671875 0.0709964375 0.5082438 0.1049284734375 0.5082438 0.1049284734375 0.3709555671875 0.0709964375 0.3709555671875
4 0.495731909375 0.4083978140625 0.495731909375 0.45832080781249995 0.5097727515625 0.45832080781249995 0.5097727515625 0.4083978140625 0.495731909375 0.4083978140625
2 0.4606298046875 0.41671831406250004 0.4606298046875 0.4375195609375 0.469990365625 0.4375195609375 0.469990365625 0.41671831406250004 0.4606298046875 0.41671831406250004
2 0.45126924218750003 0.41671831406250004 0.45126924218750003 0.4416798078125 0.46531008281249997 0.4416798078125 0.46531008281249997 0.41671831406250004 0.45126924218750003 0.41671831406250004
2 0.439568540625 0.412558065625 0.439568540625 0.45000031093750004 0.4582896640625 0.45000031093750004 0.4582896640625 0.412558065625 0.439568540625 0.412558065625
2 0.42084741875000004 0.4000773171875 0.42084741875000004 0.45832080781249995 0.4489291015625 0.45832080781249995 0.4489291015625 0.4000773171875 0.42084741875000004 0.4000773171875
6 0.36351398125 0.3709555671875 0.36351398125 0.47496180312499997 0.43020797968749996 0.47496180312499997 0.43020797968749996 0.3709555671875 0.36351398125 0.3709555671875
2 0.48403120624999996 0.4208785609375 0.48403120624999996 0.4416798078125 0.4992421203125 0.4416798078125 0.4992421203125 0.4208785609375 0.48403120624999996 0.4208785609375
2 0.5062625421875 0.412558065625 0.5062625421875 0.44375993906250005 0.5167931734375 0.44375993906250005 0.5167931734375 0.412558065625 0.5062625421875 0.412558065625
2 0.5109428203124999 0.41463818750000003 0.5109428203124999 0.450000309375 0.5249836625000001 0.450000309375 0.5249836625000001 0.41463818750000003 0.5109428203124999 0.41463818750000003
2 0.5167931734375 0.412558065625 0.5167931734375 0.45624068281249996 0.5355142953125 0.45624068281249996 0.5355142953125 0.412558065625 0.5167931734375 0.412558065625
2 0.5261537328125 0.4083978140625 0.5261537328125 0.46664130625 0.5589156984375 0.46664130625 0.5589156984375 0.4083978140625 0.5261537328125 0.4083978140625
2 0.536684365625 0.41671831406250004 0.536684365625 0.47496180624999995 0.577636821875 0.47496180624999995 0.577636821875 0.41671831406250004 0.536684365625 0.41671831406250004
2 0.330752015625 0.39175681562500003 0.330752015625 0.495763053125 0.4044664359375 0.495763053125 0.4044664359375 0.39175681562500003 0.330752015625 0.39175681562500003
2 0.9649300453125 0.45832080781249995 0.9649300453125 0.541525796875 0.9988620828125001 0.541525796875 0.9988620828125001 0.45832080781249995 0.9649300453125 0.45832080781249995