2 0.3411827453125 0.5718872687500001 0.3411827453125 0.5926831703125 0.3538552484375 0.5926831703125 0.3538552484375 0.5718872687500001 0.3411827453125 0.5718872687500001
2 0.379200253125 0.5840182109375001 0.379200253125 0.6048141140625 0.38992313749999996 0.6048141140625 0.38992313749999996 0.5840182109375001 0.379200253125 0.5840182109375001
2 0.509824503125 0.5822852187499999 0.509824503125 0.5996151375000001 0.524446621875 0.5996151375000001 0.524446621875 0.5822852187499999 0.509824503125 0.5822852187499999
2 0.524446621875 0.5822852187499999 0.524446621875 0.5996151375000001 0.5410183546875 0.5996151375000001 0.5410183546875 0.5822852187499999 0.524446621875 0.5822852187499999
2 0.4649833421875 0.5822852187499999 0.4649833421875 0.6204110375 0.5254214296875 0.6204110375 0.5254214296875 0.5822852187499999 0.4649833421875 0.5822852187499999
2 0.2592988875 0.580552228125 0.2592988875 0.6152120625 0.3051148546875 0.6152120625 0.3051148546875 0.580552228125 0.2592988875 0.580552228125
2 0.403570446875 0.564955303125 0.403570446875 0.5961491546875 0.42989026093750005 0.5961491546875 0.42989026093750005 0.564955303125 0.403570446875 0.564955303125
2 0.5156733499999999 0.5718872687500001 0.5156733499999999 0.6394739453125 0.609254903125 0.6394739453125 0.609254903125 0.5718872687500001 0.5156733499999999 0.5718872687500001
2 0.441587953125 0.5840182109375001 0.441587953125 0.6065471062500001 0.45815968749999997 0.6065471062500001 0.45815968749999997 0.5840182109375001 0.441587953125 0.5840182109375001
2 0.4328146828125 0.585751203125 0.4328146828125 0.6048141140625 0.4406131453125 0.6048141140625 0.4406131453125 0.585751203125 0.4328146828125 0.585751203125
2 0.406494871875 0.5788192359375001 0.406494871875 0.6186780453125 0.433789490625 0.6186780453125 0.433789490625 0.5788192359375001 0.406494871875 0.5788192359375001
2 0.356779671875 0.5788192359375001 0.356779671875 0.6186780453125 0.3840742921875 0.6186780453125 0.3840742921875 0.5788192359375001 0.356779671875 0.5788192359375001
2 0.3216865890625 0.5909501796875001 0.3216865890625 0.6204110359375 0.34703159375000003 0.6204110359375 0.34703159375000003 0.5909501796875001 0.3216865890625 0.5909501796875001
2 0 0.76598234375 0.043866353125 0.76598234375 0.043866353125 0.5822852187499999 0 0.5822852187499999 0 0.76598234375