2 0.3113228640625 0.433421265625 0.3113228640625 0.44837972031250006 0.331306425 0.44837972031250006 0.331306425 0.433421265625 0.3113228640625 0.433421265625
2 0.347082921875 0.4016345453125 0.347082921875 0.45024952812499996 0.403878309375 0.45024952812499996 0.403878309375 0.4016345453125 0.347082921875 0.4016345453125
2 0.40913714062500006 0.42220242187499996 0.40913714062500006 0.45024952812499996 0.4385866015625 0.45024952812499996 0.4385866015625 0.42220242187499996 0.40913714062500006 0.42220242187499996
2 0.6163351265625 0.42220242187499996 0.6163351265625 0.49325509062500006 0.6794411124999999 0.49325509062500006 0.6794411124999999 0.42220242187499996 0.6163351265625 0.42220242187499996
2 0.67418228125 0.4072439671875 0.67418228125 0.5082135437499999 0.7961871859375 0.5082135437499999 0.7961871859375 0.4072439671875 0.67418228125 0.4072439671875
2 0.7867212890624999 0.386676090625 0.7867212890624999 0.47455701875 0.885587334375 0.47455701875 0.885587334375 0.386676090625 0.7867212890624999 0.386676090625
2 0.4838125578125 0.4165930015625 0.4838125578125 0.44464010624999994 0.51010671875 0.44464010624999994 0.51010671875 0.4165930015625 0.4838125578125 0.4165930015625
2 0.1398849359375 0.4072439671875 0.1398849359375 0.49325508906250004 0.2145603515625 0.49325508906250004 0.2145603515625 0.4072439671875 0.1398849359375 0.4072439671875
2 0.0357600578125 0.4184628078125 0.0357600578125 0.5082135437499999 0.1241084375 0.5082135437499999 0.1241084375 0.4184628078125 0.0357600578125 0.4184628078125
2 0.8868303359375 0.4068158171875 0.8868303359375 0.58818709375 0.9983175765625001 0.58818709375 0.9983175765625001 0.4068158171875 0.8868303359375 0.4068158171875
0 0.8983997671875 0.42976344843750003 0.8983997671875 0.4839878515625 0.9551951546874999 0.4839878515625 0.9551951546874999 0.42976344843750003 0.8983997671875 0.42976344843750003
5 0.91207273125 0.383018275 0.91207273125 0.472769009375 0.943625721875 0.472769009375 0.943625721875 0.383018275 0.91207273125 0.383018275