4 0.8993017453125001 0.258281065625 0.8993017453125001 0.6051725421875 0.9938347468750001 0.6051725421875 0.9938347468750001 0.258281065625 0.8993017453125001 0.258281065625
2 0.1583842875 0.2793748015625 0.1583842875 0.3004685359375 0.1794780203125 0.3004685359375 0.1794780203125 0.2793748015625 0.1583842875 0.2793748015625
2 0.21507369999999998 0.28640604375 0.21507369999999998 0.3004685359375 0.2506693796875 0.3004685359375 0.2506693796875 0.28640604375 0.21507369999999998 0.28640604375
2 0.3680032828125 0.277031053125 0.3680032828125 0.29109354375 0.39041537656249997 0.29109354375 0.39041537656249997 0.277031053125 0.3680032828125 0.277031053125
2 0.298130284375 0.2793748015625 0.298130284375 0.29343729218750003 0.3297708875 0.29343729218750003 0.3297708875 0.2793748015625 0.298130284375 0.2793748015625
2 0.5301613749999999 0.26765605625 0.5301613749999999 0.2817185484375 0.551255109375 0.2817185484375 0.551255109375 0.26765605625 0.5301613749999999 0.26765605625
2 0.1043315890625 0.28640604375 0.1043315890625 0.30515603125 0.1175151734375 0.30515603125 0.1175151734375 0.28640604375 0.1043315890625 0.28640604375
2 0.43260284687499995 0.389530975 0.43260284687499995 0.4457809359375 0.4616067359375 0.4457809359375 0.4616067359375 0.389530975 0.43260284687499995 0.389530975
2 0.4550149421875 0.3965622203125 0.4550149421875 0.4645309234375 0.5011574875 0.4645309234375 0.5011574875 0.3965622203125 0.4550149421875 0.3965622203125
2 0.3416361140625 0.4082809625 0.3416361140625 0.4457809359375 0.3614114921875 0.4457809359375 0.3614114921875 0.4082809625 0.3416361140625 0.4082809625
2 0.4985207703125 0.3778122328125 0.4985207703125 0.49031215625 0.572348846875 0.49031215625 0.572348846875 0.3778122328125 0.4985207703125 0.3778122328125
1 0.4220559796875 0.368437240625 0.4220559796875 0.41531220625 0.44710479062499997 0.41531220625 0.44710479062499997 0.368437240625 0.4220559796875 0.368437240625
2 0.1293804 0.41531220625 0.1293804 0.47390591718749997 0.20848190937500002 0.47390591718749997 0.20848190937500002 0.41531220625 0.1293804 0.41531220625
6 0.0001812703125 0.34968725312500004 0.0001812703125 0.4785934140625 0.149155778125 0.4785934140625 0.149155778125 0.34968725312500004 0.0001812703125 0.34968725312500004
2 0.0001812703125 0.39890596875 0.0001812703125 0.567655853125 0.12410696562500001 0.567655853125 0.12410696562500001 0.39890596875 0.0001812703125 0.39890596875
2 0.3548196984375 0.37546848437499997 0.3548196984375 0.50203089375 0.44051299843749997 0.50203089375 0.44051299843749997 0.37546848437499997 0.3548196984375 0.37546848437499997
2 0.5459816765625 0.24890607187499997 0.5459816765625 0.6449995484375 0.8663427859375 0.6449995484375 0.8663427859375 0.24890607187499997 0.5459816765625 0.24890607187499997