2 0.1156968 0.5215538359375 0.1156968 0.639087096875 0.2497581734375 0.639087096875 0.2497581734375 0.5215538359375 0.1156968 0.5215538359375
2 0.268122746875 0.52971586875 0.268122746875 0.63908709375 0.3682096625 0.63908709375 0.3682096625 0.52971586875 0.268122746875 0.52971586875
2 0.34066280625 0.5150242125 0.34066280625 0.5313482734375 0.3590273796875 0.5313482734375 0.3590273796875 0.5150242125 0.34066280625 0.5150242125
2 0.3645367484375 0.5182890234374999 0.3645367484375 0.5346130859375 0.38749246406250004 0.5346130859375 0.38749246406250004 0.5182890234374999 0.3645367484375 0.5182890234374999
2 0.7281552687499999 0.50033255625 0.7281552687499999 0.585217684375 0.8016135546875001 0.585217684375 0.8016135546875001 0.50033255625 0.7281552687499999 0.50033255625
2 0.634495953125 0.5035973671875 0.634495953125 0.518289021875 0.6418417828125 0.518289021875 0.6418417828125 0.5035973671875 0.634495953125 0.5035973671875
2 0.6106220078125 0.50033255625 0.6106220078125 0.5231862453125 0.6225589796875 0.5231862453125 0.6225589796875 0.50033255625 0.6106220078125 0.50033255625
2 0.5592012093750001 0.510126990625 0.5592012093750001 0.52318624375 0.572056409375 0.52318624375 0.572056409375 0.510126990625 0.5592012093750001 0.510126990625
2 0.5068621796875 0.506862178125 0.5068621796875 0.52318624375 0.51971738125 0.52318624375 0.51971738125 0.506862178125 0.5068621796875 0.506862178125
2 0.4985981234375 0.506862178125 0.4985981234375 0.5460399312499999 0.51879915 0.5460399312499999 0.51879915 0.506862178125 0.4985981234375 0.506862178125
2 0.46646012031249995 0.513391803125 0.46646012031249995 0.5754232453125 0.5041074937500001 0.5754232453125 0.5041074937500001 0.513391803125 0.46646012031249995 0.513391803125
2 0.51971738125 0.510126990625 0.51971738125 0.53298068125 0.5380819531250001 0.53298068125 0.5380819531250001 0.510126990625 0.51971738125 0.510126990625