2 0.6113080625 0.37029783437499997 0.6113080625 0.47161711874999995 0.711044228125 0.47161711874999995 0.711044228125 0.37029783437499997 0.6113080625 0.37029783437499997
2 0.43676977343749995 0.35341128906249997 0.43676977343749995 0.40196011093750006 0.4700151625 0.40196011093750006 0.4700151625 0.35341128906249997 0.43676977343749995 0.35341128906249997
2 0.36196765000000003 0.349189653125 0.36196765000000003 0.3871843828125 0.38927636250000003 0.3871843828125 0.38927636250000003 0.349189653125 0.36196765000000003 0.349189653125
2 0.47832650781249997 0.357632925 0.47832650781249997 0.38718438125 0.498511209375 0.38718438125 0.498511209375 0.357632925 0.47832650781249997 0.357632925
2 0.50778373125 0.36024633281249996 0.50778373125 0.3893578859375 0.5279684328124999 0.3893578859375 0.5279684328124999 0.36024633281249996 0.50778373125 0.36024633281249996
2 0.41160957500000006 0.351952325 0.41160957500000006 0.36868960624999997 0.42463813124999994 0.36868960624999997 0.42463813124999994 0.351952325 0.41160957500000006 0.351952325
2 0.472163675 0.358135515625 0.472163675 0.3750220609375 0.48489083906249997 0.3750220609375 0.48489083906249997 0.358135515625 0.472163675 0.358135515625
2 0.5250593109375 0.353652578125 0.5250593109375 0.38346533437499997 0.545143546875 0.38346533437499997 0.545143546875 0.353652578125 0.5250593109375 0.353652578125
2 0.53509244375 0.36235715156250003 0.53509244375 0.3813545171875 0.5410291203125001 0.3813545171875 0.5410291203125001 0.36235715156250003 0.53509244375 0.36235715156250003
2 0.5374671156249999 0.3644679703125 0.5374671156249999 0.38979779375 0.5529024734375 0.38979779375 0.5529024734375 0.3644679703125 0.5374671156249999 0.3644679703125
2 0.552902475 0.3644679703125 0.552902475 0.39401942968750003 0.5671504984375 0.39401942968750003 0.5671504984375 0.3644679703125 0.552902475 0.3644679703125
2 0.5659631625 0.36024633281249996 0.5659631625 0.3982410625 0.5825858562499999 0.3982410625 0.5825858562499999 0.36024633281249996 0.5659631625 0.36024633281249996
2 0.5861478625000001 0.36235715156250003 0.5861478625000001 0.40668433437499996 0.614643909375 0.40668433437499996 0.614643909375 0.36235715156250003 0.5861478625000001 0.36235715156250003
4 0.878924421875 0.34423729375 0.878924421875 0.45399984375 0.9018778328125 0.45399984375 0.9018778328125 0.34423729375 0.878924421875 0.34423729375
4 0.772199703125 0.3584373421875 0.772199703125 0.4371132953125 0.7875271203125 0.4371132953125 0.7875271203125 0.3584373421875 0.772199703125 0.3584373421875
4 0.7938524203124999 0.3521048859375 0.7938524203124999 0.43186420625000005 0.8177153203125 0.43186420625000005 0.8177153203125 0.3521048859375 0.7938524203124999 0.3521048859375
4 0.0949868234375 0.324362390625 0.0949868234375 0.3876869375 0.11754619375 0.3876869375 0.11754619375 0.324362390625 0.0949868234375 0.324362390625
0 0.01068601875 0.3757256578125 0.01068601875 0.44546622812500003 0.0841625125 0.44546622812500003 0.0841625125 0.3757256578125 0.01068601875 0.3757256578125
0 0 0.4538259359375 0.0379947296875 0.4538259359375 0.0379947296875 0.37994729375 0 0.37994729375 0 0.4538259359375