4 0.0225933640625 0.45281218125 0.0225933640625 0.5676558546875 0.0502788921875 0.5676558546875 0.0502788921875 0.45281218125 0.0225933640625 0.45281218125
4 0.41414583125000004 0.476249665625 0.41414583125000004 0.5301558796875 0.42996613124999994 0.5301558796875 0.42996613124999994 0.476249665625 0.41414583125000004 0.476249665625
4 0.461606734375 0.48093716249999996 0.461606734375 0.52546838125 0.4734719625 0.52546838125 0.4734719625 0.48093716249999996 0.461606734375 0.48093716249999996
4 0.476108678125 0.4832809109375 0.476108678125 0.5137496406250001 0.48270046874999994 0.5137496406250001 0.48270046874999994 0.4832809109375 0.476108678125 0.4832809109375
4 0.47874539374999997 0.48093716249999996 0.47874539374999997 0.5207808828125 0.49061062031249997 0.5207808828125 0.49061062031249997 0.48093716249999996 0.47874539374999997 0.48093716249999996
4 0.5011574875 0.4832809109375 0.5011574875 0.5042383921875 0.5117043578125 0.5042383921875 0.5117043578125 0.4832809109375 0.5011574875 0.4832809109375
2 0.6488136359375 0.497343403125 0.6488136359375 0.5207808843749999 0.66727065625 0.5207808843749999 0.66727065625 0.497343403125 0.6488136359375 0.497343403125
2 0.5327980906249999 0.4856246609375 0.5327980906249999 0.534843375 0.5763039203125 0.534843375 0.5763039203125 0.4856246609375 0.5327980906249999 0.4856246609375
2 0.31131386875 0.45515593125000003 0.31131386875 0.5699996015625 0.4154641875 0.5699996015625 0.4154641875 0.45515593125000003 0.31131386875 0.45515593125000003
2 0.70550305 0.4856246609375 0.70550305 0.53015588125 0.7279151453125 0.53015588125 0.7279151453125 0.4856246609375 0.70550305 0.4856246609375
2 0.6738624468750001 0.4926559046875 0.6738624468750001 0.5465621171875 0.7094581265625 0.5465621171875 0.7094581265625 0.4926559046875 0.6738624468750001 0.4926559046875
1 0.5922118859375 0.47920528124999995 0.5922118859375 0.5231246328125 0.625083184375 0.5231246328125 0.625083184375 0.47920528124999995 0.5922118859375 0.47920528124999995