4 0.1504741359375 0.45749967812500003 0.1504741359375 0.5535933625 0.175522946875 0.5535933625 0.175522946875 0.45749967812500003 0.1504741359375 0.45749967812500003
4 0.17684130625 0.4785934140625 0.17684130625 0.5465621171875 0.18870653125 0.5465621171875 0.18870653125 0.4785934140625 0.17684130625 0.4785934140625
4 0.3587747734375 0.448124684375 0.3587747734375 0.558280859375 0.3772317921875 0.558280859375 0.3772317921875 0.448124684375 0.3587747734375 0.448124684375
4 0.3442728296875 0.494999653125 0.3442728296875 0.558280859375 0.361411490625 0.558280859375 0.361411490625 0.494999653125 0.3442728296875 0.494999653125
3 0.0687359109375 0.4645309234375 0.0687359109375 0.5137496421875001 0.09773979687499999 0.5137496421875001 0.09773979687499999 0.4645309234375 0.0687359109375 0.4645309234375
2 0.3073587953125 0.43640594374999997 0.3073587953125 0.5207808843749999 0.3548196984375 0.5207808843749999 0.3548196984375 0.43640594374999997 0.3073587953125 0.43640594374999997
2 0.29285685 0.466874671875 0.29285685 0.5301558796875 0.33504432031250003 0.5301558796875 0.33504432031250003 0.466874671875 0.29285685 0.466874671875
2 0.43787628125 0.47390591718749997 0.43787628125 0.494999653125 0.452378225 0.494999653125 0.452378225 0.47390591718749997 0.43787628125 0.47390591718749997
2 0.42469269687500005 0.46921842031249994 0.42469269687500005 0.492655903125 0.4391946390625 0.492655903125 0.4391946390625 0.46921842031249994 0.42469269687500005 0.46921842031249994
2 0.412827471875 0.466874671875 0.412827471875 0.5020308984375 0.42996613124999994 0.5020308984375 0.42996613124999994 0.466874671875 0.412827471875 0.466874671875
2 0.524887940625 0.476249665625 0.524887940625 0.52546838125 0.5407082421875 0.52546838125 0.5407082421875 0.476249665625 0.524887940625 0.476249665625
2 0.53411645 0.47390591718749997 0.53411645 0.539530871875 0.5683937703125 0.539530871875 0.5683937703125 0.47390591718749997 0.53411645 0.47390591718749997
2 0.452378225 0.45749967812500003 0.452378225 0.5207808843749999 0.5301613765625001 0.5207808843749999 0.5301613765625001 0.45749967812500003 0.452378225 0.45749967812500003
6 0.3548196984375 0.4457809359375 0.3548196984375 0.5442183703125 0.42337433906250005 0.5442183703125 0.42337433906250005 0.4457809359375 0.3548196984375 0.4457809359375
2 0.2229838515625 0.45515593125000003 0.2229838515625 0.5465621171875 0.3060404359375 0.5465621171875 0.3060404359375 0.45515593125000003 0.2229838515625 0.45515593125000003
2 0.5552101859375 0.476249665625 0.5552101859375 0.58171834375 0.62640154375 0.58171834375 0.62640154375 0.476249665625 0.5552101859375 0.476249665625
2 0.966538028125 0.5653121062500001 0.966538028125 0.6262495640625 0.9994969906250001 0.6262495640625 0.9994969906250001 0.5653121062500001 0.966538028125 0.5653121062500001