2 0.5061934796875 0.45265965625 0.5061934796875 0.4696560703125 0.51848553125 0.4696560703125 0.51848553125 0.45265965625 0.5061934796875 0.45265965625
2 0.4979987796875 0.45751576875 0.4979987796875 0.47694024687500003 0.5116566140625001 0.47694024687500003 0.5116566140625001 0.45751576875 0.4979987796875 0.45751576875
2 0.5376065 0.45994383125000005 0.5376065 0.48665248749999995 0.5526301171875 0.48665248749999995 0.5526301171875 0.45994383125000005 0.5376065 0.45994383125000005
2 0.4037597203125 0.44294741875000004 0.4037597203125 0.45751577499999996 0.41468598593749995 0.45751577499999996 0.41468598593749995 0.44294741875000004 0.4037597203125 0.44294741875000004
2 0.38190718437500004 0.43809129531249996 0.38190718437500004 0.45994383125000005 0.3996623703125 0.45994383125000005 0.3996623703125 0.43809129531249996 0.38190718437500004 0.43809129531249996
2 0.3641519984375 0.433235175 0.3641519984375 0.452659653125 0.37644405000000003 0.452659653125 0.37644405000000003 0.433235175 0.3641519984375 0.433235175
2 0.355957296875 0.43080711718750003 0.355957296875 0.45508771093749995 0.3723466984375 0.45508771093749995 0.3723466984375 0.43080711718750003 0.355957296875 0.43080711718750003
2 0.343665246875 0.4283790578125 0.343665246875 0.45023159375 0.360054646875 0.45023159375 0.360054646875 0.4283790578125 0.343665246875 0.4283790578125
2 0.31908114374999996 0.425950996875 0.31908114374999996 0.44294741249999997 0.3382021140625 0.44294741249999997 0.3382021140625 0.425950996875 0.31908114374999996 0.425950996875
2 0.31908114374999996 0.43080711718750003 0.31908114374999996 0.45508771093749995 0.339567896875 0.45508771093749995 0.339567896875 0.43080711718750003 0.31908114374999996 0.43080711718750003
2 0.224842084375 0.41138264218750004 0.224842084375 0.45023159375 0.252157753125 0.45023159375 0.252157753125 0.41138264218750004 0.224842084375 0.41138264218750004
2 0.5157539640625 0.45508771093749995 0.5157539640625 0.4939366609375 0.54170385 0.4939366609375 0.54170385 0.45508771093749995 0.5157539640625 0.45508771093749995
2 0.5539959015625 0.45508771093749995 0.5539959015625 0.5036489000000001 0.5840431374999999 0.5036489000000001 0.5840431374999999 0.45508771093749995 0.5539959015625 0.45508771093749995
2 0.4037597203125 0.425950996875 0.4037597203125 0.588630984375 0.51438818125 0.588630984375 0.51438818125 0.425950996875 0.4037597203125 0.425950996875
2 0.1743080953125 0.3943862265625 0.1743080953125 0.46237189375 0.233036784375 0.46237189375 0.233036784375 0.3943862265625 0.1743080953125 0.3943862265625
2 0.00085359375 0.3433969765625 0.00085359375 0.48179636718749996 0.0595822828125 0.48179636718749996 0.0595822828125 0.3433969765625 0.00085359375 0.3433969765625