2 0.1192975765625 0.46189574375 0.1192975765625 0.5149168875 0.20877075781249999 0.5149168875 0.20877075781249999 0.46189574375 0.1192975765625 0.46189574375
2 0.1766521796875 0.46250753125 0.1766521796875 0.515528678125 0.275302096875 0.515528678125 0.275302096875 0.46250753125 0.1766521796875 0.46250753125
2 0.30283230781250003 0.45638970624999997 0.30283230781250003 0.50941085 0.36706946406249996 0.50941085 0.36706946406249996 0.45638970624999997 0.30283230781250003 0.45638970624999997
2 0.45539555312499996 0.45027188125000006 0.45539555312499996 0.554274896875 0.5230739859375 0.554274896875 0.5230739859375 0.45027188125000006 0.45539555312499996 0.45027188125000006
2 0.26153699375 0.45231115781250003 0.26153699375 0.509410853125 0.3085677703125 0.509410853125 0.3085677703125 0.45231115781250003 0.26153699375 0.45231115781250003
1 0.3211857828125 0.431918409375 0.3211857828125 0.45842898437499996 0.365922371875 0.45842898437499996 0.365922371875 0.431918409375 0.3211857828125 0.431918409375
2 0.546474675 0.47270390625 0.546474675 0.5073715812499999 0.568269425 0.5073715812499999 0.568269425 0.47270390625 0.546474675 0.47270390625
2 0.3475689078125 0.454466965625 0.3475689078125 0.642080246875 0.4829257734375 0.642080246875 0.4829257734375 0.454466965625 0.3475689078125 0.454466965625
2 0.5666634937499999 0.454466965625 0.5666634937499999 0.623726775 0.702020359375 0.623726775 0.702020359375 0.454466965625 0.5666634937499999 0.454466965625
2 0 0.519607225 0.1170033921875 0.519607225 0.1170033921875 0.45027188125000006 0 0.45027188125000006 0 0.519607225
2 0 0.48493955624999996 0.0309714875 0.48493955624999996 0.0309714875 0.45231115781250003 0 0.45231115781250003 0 0.48493955624999996
4 0.7178710890625 0.4251250671875 0.7178710890625 0.614777625 0.7752256921875 0.614777625 0.7752256921875 0.4251250671875 0.7178710890625 0.4251250671875
5 0.7178710890625 0.49853896249999996 0.7178710890625 0.6412881984375 0.7694902328125 0.6412881984375 0.7694902328125 0.49853896249999996 0.7178710890625 0.49853896249999996
4 0.8107855468749999 0.44551781874999996 0.8107855468749999 0.573992128125 0.8383157562499999 0.573992128125 0.8383157562499999 0.44551781874999996 0.8107855468749999 0.44551781874999996