1 0.46147567343749996 0.3898153765625 0.46147567343749996 0.45013899375 0.49774784843750003 0.45013899375 0.49774784843750003 0.3898153765625 0.46147567343749996 0.3898153765625
2 0.43339398906250004 0.42517749531250004 0.43339398906250004 0.4959017375 0.4848770765625 0.4959017375 0.4848770765625 0.42517749531250004 0.43339398906250004 0.42517749531250004
2 0.4193531484375 0.42309737187499996 0.4193531484375 0.4667799921875 0.42988378125000004 0.4667799921875 0.42988378125000004 0.42309737187499996 0.4193531484375 0.42309737187499996
6 0.289475359375 0.3024501359375 0.289475359375 0.5000619890625 0.42169328906250003 0.5000619890625 0.42169328906250003 0.3024501359375 0.289475359375 0.3024501359375
2 0.2801147984375 0.42517749531250004 0.2801147984375 0.485501115625 0.2918155 0.485501115625 0.2918155 0.42517749531250004 0.2801147984375 0.42517749531250004
2 0.5819929015625 0.41893712031249997 0.5819929015625 0.477180615625 0.61124465625 0.477180615625 0.61124465625 0.41893712031249997 0.5819929015625 0.41893712031249997
2 0.6065643734374999 0.3773346265625 0.6065643734374999 0.5250234828125 0.6978298484375001 0.5250234828125 0.6978298484375001 0.3773346265625 0.6065643734374999 0.3773346265625
2 0.6545372515625 0.387735253125 0.6545372515625 0.56038560625 0.718891109375 0.56038560625 0.718891109375 0.387735253125 0.6545372515625 0.387735253125
2 0.46381581406250005 0.4126967453125 0.46381581406250005 0.6227893453125 0.6124147265625 0.6227893453125 0.6124147265625 0.4126967453125 0.46381581406250005 0.4126967453125
6 0.7179842890625 0.00416025 0.7179842890625 0.805305434375 0.9988011296874999 0.805305434375 0.9988011296874999 0.00416025 0.7179842890625 0.00416025
6 0.1205357421875 0.3732338 0.1205357421875 0.4672355375 0.255806571875 0.4672355375 0.255806571875 0.3732338 0.1205357421875 0.3732338