2 0 0.472573653125 0.04651896875 0.472573653125 0.04651896875 0.38649773593750003 0 0.38649773593750003 0 0.472573653125
4 0.7310123625 0.37805891875 0.7310123625 0.502953384375 0.7575946296875 0.502953384375 0.7575946296875 0.37805891875 0.7310123625 0.37805891875
4 0.6721516249999999 0.3999998359375 0.6721516249999999 0.48101246093750005 0.686392128125 0.48101246093750005 0.686392128125 0.3999998359375 0.6721516249999999 0.3999998359375
4 0.654113659375 0.3898732625 0.654113659375 0.4995778609375 0.6645566921875 0.4995778609375 0.6645566921875 0.3898732625 0.654113659375 0.3898732625
0 0.637025059375 0.43544286093749995 0.637025059375 0.48945127812500006 0.6550630265625 0.48945127812500006 0.6550630265625 0.43544286093749995 0.637025059375 0.43544286093749995
6 0.37974668125 0.3679323421875 0.37974668125 0.3966243125 0.4101264171875 0.3966243125 0.4101264171875 0.3679323421875 0.37974668125 0.3679323421875
2 0.39398718125 0.394936546875 0.39398718125 0.44219391718749995 0.40917705 0.44219391718749995 0.40917705 0.394936546875 0.39398718125 0.394936546875
6 0.3161391140625 0.33755260625 0.3161391140625 0.3746833953125 0.3626580828125 0.3746833953125 0.3626580828125 0.33755260625 0.3161391140625 0.33755260625
6 0.3294302453125 0.37805891875 0.3294302453125 0.5333331218749999 0.407278315625 0.5333331218749999 0.407278315625 0.37805891875 0.3294302453125 0.37805891875
1 0.407278315625 0.33586484375 0.407278315625 0.48776351562500003 0.47848081875000004 0.48776351562500003 0.47848081875000004 0.33586484375 0.407278315625 0.33586484375
6 0.043670867187500004 0.21940919375 0.043670867187500004 0.5097044375 0.2050632078125 0.5097044375 0.2050632078125 0.21940919375 0.043670867187500004 0.21940919375
2 0.151898671875 0.344303659375 0.151898671875 0.6497887687499999 0.369303646875 0.6497887687499999 0.369303646875 0.344303659375 0.151898671875 0.344303659375
2 0.4889238515625 0.3392403703125 0.4889238515625 0.49789009375 0.589556725 0.49789009375 0.589556725 0.3392403703125 0.4889238515625 0.3392403703125
2 0.7468684046875 0.13918770625000002 0.7468684046875 0.69446174375 0.99655185 0.69446174375 0.99655185 0.13918770625000002 0.7468684046875 0.13918770625000002