4 0.647495278125 0.48796840625 0.647495278125 0.532499625 0.6685890140625 0.532499625 0.6685890140625 0.48796840625 0.647495278125 0.48796840625
4 0.6356300515625 0.46921842031249994 0.6356300515625 0.5278121312499999 0.6554054296875 0.5278121312499999 0.6554054296875 0.46921842031249994 0.6356300515625 0.46921842031249994
4 0.38514194375 0.47156216874999995 0.38514194375 0.59578083125 0.4115091125 0.59578083125 0.4115091125 0.47156216874999995 0.38514194375 0.47156216874999995
2 0.11487845625 0.43171844375 0.11487845625 0.4551559296875 0.12674368281249998 0.4551559296875 0.12674368281249998 0.43171844375 0.11487845625 0.43171844375
2 0.1662944375 0.4457809359375 0.1662944375 0.47390591718749997 0.1821147390625 0.47390591718749997 0.1821147390625 0.4457809359375 0.1662944375 0.4457809359375
2 0.32054237812499997 0.4785934140625 0.32054237812499997 0.5043746453125 0.3403177546875 0.5043746453125 0.3403177546875 0.4785934140625 0.32054237812499997 0.4785934140625
2 0.34559118906249997 0.483280909375 0.34559118906249997 0.50906214375 0.3693216390625 0.50906214375 0.3693216390625 0.483280909375 0.34559118906249997 0.483280909375
2 0.12147025 0.43640594374999997 0.12147025 0.4645309234375 0.1452007015625 0.4645309234375 0.1452007015625 0.43640594374999997 0.12147025 0.43640594374999997
2 0.1452007015625 0.43640594374999997 0.1452007015625 0.466874671875 0.1662944375 0.466874671875 0.1662944375 0.43640594374999997 0.1452007015625 0.43640594374999997
2 0.060825759374999996 0.43406219375 0.060825759374999996 0.5020309000000001 0.09773979687499999 0.5020309000000001 0.09773979687499999 0.43406219375 0.060825759374999996 0.43406219375
2 0.296811925 0.45984342656250005 0.296811925 0.5114058921875 0.3244974546875 0.5114058921875 0.3244974546875 0.45984342656250005 0.296811925 0.45984342656250005
2 0.487973903125 0.5207808843749999 0.487973903125 0.820780678125 0.825473671875 0.820780678125 0.825473671875 0.5207808843749999 0.487973903125 0.5207808843749999
2 0.1597026453125 0.40593721406250005 0.1597026453125 0.6285933109374999 0.30340371875 0.6285933109374999 0.30340371875 0.40593721406250005 0.1597026453125 0.40593721406250005
6 0 0.5207808843749999 0.0674175515625 0.5207808843749999 0.0674175515625 0.32390602031250004 0 0.32390602031250004 0 0.5207808843749999
2 0.7186866359375 0.6098433234375 0.7186866359375 0.952030590625 0.9994969890625001 0.952030590625 0.9994969890625001 0.6098433234375 0.7186866359375 0.6098433234375