2 0.0624374953125 0.70424994375 0.0624374953125 0.7544759062499999 0.11263362031249999 0.7544759062499999 0.11263362031249999 0.70424994375 0.0624374953125 0.70424994375
2 0.117281240625 0.6922499453125 0.117281240625 0.7522499421875 0.1881562359375 0.7522499421875 0.1881562359375 0.6922499453125 0.117281240625 0.6922499453125
2 0.47123433906249995 0.6727499453125 0.47123433906249995 0.70724994375 0.4923280859375 0.70724994375 0.4923280859375 0.6727499453125 0.47123433906249995 0.6727499453125
2 0.519328084375 0.6622499453125 0.519328084375 0.681749946875 0.5387343312499999 0.681749946875 0.5387343312499999 0.6622499453125 0.519328084375 0.6622499453125
2 0.3720937265625 0.66064280625 0.3720937265625 0.8136427968750001 0.4809374671875 0.8136427968750001 0.4809374671875 0.66064280625 0.3720937265625 0.66064280625
2 0.740812440625 0.638142809375 0.740812440625 0.7026428046875 0.8508615546874999 0.7026428046875 0.8508615546874999 0.638142809375 0.740812440625 0.638142809375
1 0.430312465625 0.61874995 0.430312465625 0.6892499453125 0.4750312109375 0.6892499453125 0.4750312109375 0.61874995 0.430312465625 0.61874995
6 0.30459372500000004 0.5932499546875001 0.30459372500000004 0.7657499390625 0.38559371875 0.7657499390625 0.38559371875 0.5932499546875001 0.30459372500000004 0.5932499546875001
4 0.5848874625 0.650699975 0.5848874625 0.71669996875 0.6000749640625 0.71669996875 0.6000749640625 0.650699975 0.5848874625 0.650699975
4 0.6439499578125 0.6521999734375 0.6439499578125 0.697199971875 0.6549187078125 0.697199971875 0.6549187078125 0.6521999734375 0.6439499578125 0.6521999734375
4 0.71617493125 0.629699978125 0.71617493125 0.7091999703125 0.72967493125 0.7091999703125 0.72967493125 0.629699978125 0.71617493125 0.629699978125
4 0.8926874281250001 0.622199978125 0.8926874281250001 0.6866999703125 0.9078749281249999 0.6866999703125 0.9078749281249999 0.622199978125 0.8926874281250001 0.622199978125
4 0.5669999546875 0.6464999484375 0.5669999546875 0.7049999437500001 0.577968703125 0.7049999437500001 0.577968703125 0.6464999484375 0.5669999546875 0.6464999484375
4 0.5627812046875 0.6434999484375 0.5627812046875 0.70799994375 0.5695312046875001 0.70799994375 0.5695312046875001 0.6434999484375 0.5627812046875 0.6434999484375
4 0.6655075796875 0.6359999484375 0.6655075796875 0.8129997265625001 0.706640378125 0.8129997265625001 0.706640378125 0.6359999484375 0.6655075796875 0.6359999484375
4 0.728437475 0.6449999484375 0.728437475 0.70349994375 0.7402499734375 0.70349994375 0.7402499734375 0.6449999484375 0.728437475 0.6449999484375
4 0.8457187156250001 0.6299999515625 0.8457187156250001 0.68999994375 0.8566874656250001 0.68999994375 0.8566874656250001 0.6299999515625 0.8457187156250001 0.6299999515625
4 0.8507812156250001 0.6284999499999999 0.8507812156250001 0.68999994375 0.8693437140625001 0.68999994375 0.8693437140625001 0.6284999499999999 0.8507812156250001 0.6284999499999999
4 0.860062465625 0.6269999484375 0.860062465625 0.68999994375 0.8718749640624999 0.68999994375 0.8718749640624999 0.6269999484375 0.860062465625 0.6269999484375
4 0.8701874640625 0.62399995 0.8701874640625 0.68849994375 0.8819999624999999 0.68849994375 0.8819999624999999 0.62399995 0.8701874640625 0.62399995
4 0.8811562140625 0.6284999499999999 0.8811562140625 0.68849994375 0.8904374625000001 0.68849994375 0.8904374625000001 0.6284999499999999 0.8811562140625 0.6284999499999999
4 0.925593675 0.6254999484375 0.925593675 0.6809999453125 0.9424686765624999 0.6809999453125 0.9424686765624999 0.6254999484375 0.925593675 0.6254999484375
2 0.958499684375 0.6328122796875 0.958499684375 0.6846428046875 0.9982613703125001 0.6846428046875 0.9982613703125001 0.6328122796875 0.958499684375 0.6328122796875