2 0.486429115625 0.37962060000000003 0.486429115625 0.398588096875 0.5017509984374999 0.398588096875 0.5017509984374999 0.37962060000000003 0.486429115625 0.37962060000000003
2 0.4477670296875 0.3689571015625 0.4477670296875 0.3945495015625 0.48375634375 0.3945495015625 0.48375634375 0.3689571015625 0.4477670296875 0.3689571015625
2 0.37098983125 0.3668244015625 0.37098983125 0.3902841015625 0.3889844890625 0.3902841015625 0.3889844890625 0.3668244015625 0.37098983125 0.3668244015625
2 0.2642215375 0.3604263 0.2642215375 0.42120825 0.3757884078125 0.42120825 0.3757884078125 0.3604263 0.2642215375 0.3604263
6 0.5293428078125 0.3721561515625 0.5293428078125 0.39135045156250003 0.5401396 0.39135045156250003 0.5401396 0.3721561515625 0.5293428078125 0.3721561515625
2 0.5185460125 0.38281965156250003 0.5185460125 0.3998812515625 0.53414138125 0.3998812515625 0.53414138125 0.38281965156250003 0.5185460125 0.38281965156250003
2 0.54613781875 0.3870850515625 0.54613781875 0.414810146875 0.56053354375 0.414810146875 0.56053354375 0.3870850515625 0.54613781875 0.3870850515625
2 0.554535325 0.3785542515625 0.554535325 0.431871753125 0.58212713125 0.431871753125 0.58212713125 0.3785542515625 0.554535325 0.3785542515625
2 0.564132475 0.391350453125 0.564132475 0.42973905312499994 0.5773285546875 0.42973905312499994 0.5773285546875 0.391350453125 0.564132475 0.391350453125
2 0.573729625 0.3849523515625 0.573729625 0.438269853125 0.6001217875 0.438269853125 0.6001217875 0.3849523515625 0.573729625 0.3849523515625
2 0.5905246375 0.3721561515625 0.5905246375 0.44253525312499997 0.6373107453125 0.44253525312499997 0.6373107453125 0.3721561515625 0.5905246375 0.3721561515625