2 0.43748257968750004 0.381753303125 0.43748257968750004 0.4094784015625 0.4482793734375 0.4094784015625 0.4482793734375 0.381753303125 0.43748257968750004 0.381753303125
2 0.3930957609375 0.381753303125 0.3930957609375 0.428672703125 0.43628293593749995 0.428672703125 0.43628293593749995 0.381753303125 0.3930957609375 0.381753303125
6 0.299523546875 0.3284358015625 0.299523546875 0.44573429999999997 0.3882971859375 0.44573429999999997 0.3882971859375 0.3284358015625 0.299523546875 0.3284358015625
6 0.2755306734375 0.364691703125 0.2755306734375 0.432938103125 0.33071428593749996 0.432938103125 0.33071428593749996 0.364691703125 0.2755306734375 0.364691703125
2 0.2647338796875 0.392416803125 0.2647338796875 0.44786700156250003 0.3019228359375 0.44786700156250003 0.3019228359375 0.392416803125 0.2647338796875 0.392416803125
6 0.44348079843750005 0.3497628015625 0.44348079843750005 0.4350708015625 0.49626512343750007 0.4350708015625 0.49626512343750007 0.3497628015625 0.44348079843750005 0.3497628015625
2 0.48906726093749997 0.38388600156249997 0.48906726093749997 0.4606632015625 0.54305123125 0.4606632015625 0.54305123125 0.38388600156249997 0.48906726093749997 0.38388600156249997
4 0.553848021875 0.37108979999999997 0.553848021875 0.3945495 0.563445171875 0.3945495 0.563445171875 0.37108979999999997 0.553848021875 0.37108979999999997
2 0.5130601359375 0.392416803125 0.5130601359375 0.48625560312499994 0.5670441046875 0.48625560312499994 0.5670441046875 0.392416803125 0.5130601359375 0.392416803125
2 0.547849803125 0.3796206015625 0.547849803125 0.5310423 0.6798106171875 0.5310423 0.6798106171875 0.3796206015625 0.547849803125 0.3796206015625
2 0.7098017109375 0.1407582 0.7098017109375 0.7997625015625001 0.9994969890625001 0.7997625015625001 0.9994969890625001 0.1407582 0.7098017109375 0.1407582
2 0.352307871875 0.3902841015625 0.352307871875 0.5075826 0.44228115468749996 0.5075826 0.44228115468749996 0.3902841015625 0.352307871875 0.3902841015625
6 0 0.5800944015625 0.135172353125 0.5800944015625 0.135172353125 0.1962084015625 0 0.1962084015625 0 0.5800944015625
6 0.02918515625 0.32390602031250004 0.02918515625 0.612187071875 0.2823099828125 0.612187071875 0.2823099828125 0.32390602031250004 0.02918515625 0.32390602031250004