2 0.2218829875 0.3987092765625 0.2218829875 0.4361148375 0.24674918437499999 0.4361148375 0.24674918437499999 0.3987092765625 0.2218829875 0.3987092765625
2 0.2151882421875 0.4140115515625 0.2151882421875 0.4429158484375 0.23527247812500002 0.4429158484375 0.23527247812500002 0.4140115515625 0.2151882421875 0.4140115515625
2 0.189365653125 0.41571180312499995 0.189365653125 0.4463163546875 0.2161446328125 0.4463163546875 0.2161446328125 0.41571180312499995 0.189365653125 0.41571180312499995
2 0.1654558484375 0.41231129843750003 0.1654558484375 0.4514171125 0.1912784375 0.4514171125 0.1912784375 0.41231129843750003 0.1654558484375 0.41231129843750003
2 0.11859263125 0.40721054062500006 0.11859263125 0.44971685937499994 0.1606738875 0.44971685937499994 0.1606738875 0.40721054062500006 0.11859263125 0.40721054062500006
2 0.3596034625 0.40891079374999995 0.3596034625 0.42591332031249995 0.3682109921875 0.42591332031249995 0.3682109921875 0.40891079374999995 0.3596034625 0.40891079374999995
2 0.5049750765625001 0.40721054062500006 0.5049750765625001 0.47011989375 0.5279284890625 0.47011989375 0.5279284890625 0.40721054062500006 0.5049750765625001 0.40721054062500006
2 0.7488550828125 0.3987092765625 0.7488550828125 0.4463163546875 0.8012653921874999 0.4463163546875 0.8012653921874999 0.3987092765625 0.7488550828125 0.3987092765625
2 0.082249728125 0.419112309375 0.082249728125 0.458218121875 0.125287375 0.458218121875 0.125287375 0.419112309375 0.082249728125 0.419112309375
2 0.135807690625 0.41571180312499995 0.135807690625 0.4548176171875 0.1731069859375 0.4548176171875 0.1731069859375 0.41571180312499995 0.135807690625 0.41571180312499995
2 0.3643854234375 0.3511021984375 0.3643854234375 0.601039359375 0.5202773515625 0.601039359375 0.5202773515625 0.3511021984375 0.3643854234375 0.3511021984375
2 0.5422743703124999 0.376605990625 0.5422743703124999 0.548331521875 0.679038453125 0.548331521875 0.679038453125 0.376605990625 0.5422743703124999 0.376605990625
2 0.7455077109375 0.3357999234375 0.7455077109375 0.83737449375 0.9999080328125001 0.83737449375 0.9999080328125001 0.3357999234375 0.7455077109375 0.3357999234375
0 0.0487760015625 0.426763446875 0.0487760015625 0.45906824999999996 0.063121884375 0.45906824999999996 0.063121884375 0.426763446875 0.0487760015625 0.426763446875
0 0.032517334375 0.42336294218750004 0.032517334375 0.44546622812500003 0.047819609375 0.44546622812500003 0.047819609375 0.42336294218750004 0.032517334375 0.42336294218750004
5 0.036342903125 0.399559403125 0.036342903125 0.426763446875 0.045906825 0.426763446875 0.045906825 0.399559403125 0.036342903125 0.399559403125
5 0.0487760015625 0.40976091875 0.0487760015625 0.44716648125 0.063121884375 0.44716648125 0.063121884375 0.40976091875 0.0487760015625 0.40976091875
4 0.0047819609375 0.40432011718750005 0.0047819609375 0.44852669062499995 0.014345884375000001 0.44852669062499995 0.014345884375000001 0.40432011718750005 0.0047819609375 0.40432011718750005
4 0.0679038453125 0.409420875 0.0679038453125 0.43832517187500003 0.0745985921875 0.43832517187500003 0.0745985921875 0.409420875 0.0679038453125 0.409420875
4 0.800309 0.4046601609375 0.800309 0.4505669859375 0.826131590625 0.4505669859375 0.826131590625 0.4046601609375 0.800309 0.4046601609375