2 0.4884848796875 0.33120896875 0.4884848796875 0.34707798125 0.5012367656250001 0.34707798125 0.5012367656250001 0.33120896875 0.4884848796875 0.33120896875
2 0.47955856093750004 0.33347596875 0.47955856093750004 0.34821148125 0.4865720953125 0.34821148125 0.4865720953125 0.33347596875 0.47955856093750004 0.33347596875
2 0.464893890625 0.33347596875 0.464893890625 0.3572794890625 0.47828337187500003 0.3572794890625 0.47828337187500003 0.33347596875 0.464893890625 0.33347596875
2 0.447041253125 0.3357429703125 0.447041253125 0.3708815015625 0.46999464687500003 0.3708815015625 0.46999464687500003 0.3357429703125 0.447041253125 0.3357429703125
2 0.41962469843749994 0.3425439765625 0.41962469843749994 0.40488652812500003 0.45532997656249996 0.40488652812500003 0.45532997656249996 0.3425439765625 0.41962469843749994 0.3425439765625
2 0.39284573906250003 0.343677478125 0.39284573906250003 0.4264230453125 0.43620215 0.4264230453125 0.43620215 0.343677478125 0.39284573906250003 0.343677478125
2 0.554794684375 0.3074054484375 0.554794684375 0.34821148125 0.5688217578125 0.34821148125 0.5688217578125 0.3074054484375 0.554794684375 0.3074054484375
2 0.5656337875 0.3074054484375 0.5656337875 0.3538789859375 0.5841240203125 0.3538789859375 0.5841240203125 0.3074054484375 0.5656337875 0.3074054484375
2 0.5777480781250001 0.31420645468749997 0.5777480781250001 0.35161198437499996 0.586674396875 0.35161198437499996 0.586674396875 0.31420645468749997 0.5777480781250001 0.31420645468749997
2 0.5822112374999999 0.30060444375 0.5822112374999999 0.365213996875 0.6045270375 0.365213996875 0.6045270375 0.30060444375 0.5822112374999999 0.30060444375
2 0.6013390656250001 0.30627194687500003 0.6013390656250001 0.3720150015625 0.6153661406250001 0.3720150015625 0.6153661406250001 0.30627194687500003 0.6013390656250001 0.30627194687500003
2 0.608352603125 0.2745339203125 0.608352603125 0.3878840140625 0.6446954765624999 0.3878840140625 0.6446954765624999 0.2745339203125 0.608352603125 0.2745339203125
2 0.6338563734375 0.25526440625 0.6338563734375 0.412821034375 0.732045890625 0.412821034375 0.732045890625 0.25526440625 0.6338563734375 0.25526440625
2 0.7023390640625 0.2537270984375 0.7023390640625 0.45549026562500006 0.8126428734375001 0.45549026562500006 0.8126428734375001 0.2537270984375 0.7023390640625 0.2537270984375
2 0.7704396890625 0.048740540625 0.7704396890625 0.58828698125 0.99806084375 0.58828698125 0.99806084375 0.048740540625 0.7704396890625 0.048740540625
2 0.326674075 0.3525187890625 0.326674075 0.46700238125000004 0.41338689687499997 0.46700238125000004 0.41338689687499997 0.3525187890625 0.326674075 0.3525187890625
2 0.5035577828125 0.300672925 0.5035577828125 0.3924865015625 0.5609412671875 0.3924865015625 0.5609412671875 0.300672925 0.5035577828125 0.300672925