2 0.5015069609375 0.5315449703125 0.5015069609375 0.5467913703125 0.5132016421875 0.5467913703125 0.5132016421875 0.5315449703125 0.5015069609375 0.5315449703125
2 0.4874733421875 0.5315449703125 0.4874733421875 0.5467913703125 0.50228660625 0.5467913703125 0.50228660625 0.5315449703125 0.4874733421875 0.5315449703125
2 0.45784681406249994 0.53293100625 0.45784681406249994 0.550949478125 0.464083978125 0.550949478125 0.464083978125 0.53293100625 0.45784681406249994 0.53293100625
2 0.4512198265625 0.5346635484375 0.4512198265625 0.551295990625 0.45979592656249996 0.551295990625 0.45979592656249996 0.5346635484375 0.4512198265625 0.5346635484375
2 0.4449826640625 0.528772896875 0.4449826640625 0.54817740625 0.45277911875 0.54817740625 0.45277911875 0.528772896875 0.4449826640625 0.528772896875
2 0.4387455 0.5260008234375 0.4387455 0.5523355171875 0.44810124531250006 0.5523355171875 0.44810124531250006 0.5260008234375 0.4387455 0.5260008234375
2 0.43016940000000004 0.5218427140624999 0.43016940000000004 0.55372155625 0.44186408125 0.55372155625 0.44186408125 0.5218427140624999 0.43016940000000004 0.5218427140624999
2 0.417695071875 0.51768460625 0.417695071875 0.5592656984375 0.432508334375 0.5592656984375 0.432508334375 0.51768460625 0.417695071875 0.51768460625
2 0.40600038906249997 0.5162985703125 0.40600038906249997 0.5551075937500001 0.420813653125 0.5551075937500001 0.420813653125 0.5162985703125 0.40600038906249997 0.5162985703125
2 0.37637386093749997 0.510754425 0.37637386093749997 0.557879659375 0.40755967968749995 0.557879659375 0.40755967968749995 0.510754425 0.37637386093749997 0.510754425
2 0.001307525 0.420431053125 0.001307525 0.55764865625 0.12137292968749999 0.55764865625 0.12137292968749999 0.420431053125 0.001307525 0.420431053125
2 0.18296492656250002 0.479568603125 0.18296492656250002 0.559958715625 0.27262415624999997 0.559958715625 0.27262415624999997 0.479568603125 0.18296492656250002 0.479568603125
2 0.3303179234375 0.504517259375 0.3303179234375 0.5571866421875 0.37475771562500004 0.5571866421875 0.37475771562500004 0.504517259375 0.3303179234375 0.504517259375
2 0.2671666375 0.4975870765625 0.2671666375 0.5585726765625 0.3131657234375 0.5585726765625 0.3131657234375 0.4975870765625 0.2671666375 0.4975870765625
2 0.5696690875 0.5571866437499999 0.5696690875 0.5932235859375 0.5899398703125 0.5932235859375 0.5899398703125 0.5571866437499999 0.5696690875 0.5571866437499999
2 0.5683615609375 0.5466527578125 0.5683615609375 0.556355009375 0.5753783703125 0.556355009375 0.5753783703125 0.5466527578125 0.5683615609375 0.5466527578125
2 0.5753783703125 0.548038796875 0.5753783703125 0.5577410484375 0.584734115625 0.5577410484375 0.584734115625 0.548038796875 0.5753783703125 0.548038796875
2 0.55900581875 0.5438806859375 0.55900581875 0.554968978125 0.5683615625 0.554968978125 0.5683615625 0.5438806859375 0.55900581875 0.5438806859375
2 0.6220011609375 0.5688293390625 0.6220011609375 0.6104104312499999 0.64461088125 0.6104104312499999 0.64461088125 0.5688293390625 0.6220011609375 0.5688293390625
2 0.6429476640625 0.5641168249999999 0.6429476640625 0.622330353125 0.674913128125 0.622330353125 0.674913128125 0.5641168249999999 0.6429476640625 0.5641168249999999
2 0.66165915625 0.5821353 0.66165915625 0.6417348671875 0.702980365625 0.6417348671875 0.702980365625 0.5821353 0.66165915625 0.5821353
2 0.6858281640625 0.578901240625 0.6858281640625 0.66483549375 0.736505121875 0.66483549375 0.736505121875 0.578901240625 0.6858281640625 0.578901240625
2 0.7138954015625 0.603849896875 0.7138954015625 0.6856260484375001 0.78328385 0.6856260484375001 0.78328385 0.603849896875 0.7138954015625 0.603849896875
2 0.7528776781250001 0.5983057515625 0.7528776781250001 0.7272071375 0.8924342203125001 0.7272071375 0.8924342203125001 0.5983057515625 0.7528776781250001 0.5983057515625
2 0.8479944265625001 0.6426589203125 0.8479944265625001 0.8214380796875 0.9984660062499999 0.8214380796875 0.9984660062499999 0.6426589203125 0.8479944265625001 0.6426589203125
4 0.5936579765625 0.544159403125 0.5936579765625 0.5857512046875 0.6063304796875 0.5857512046875 0.6063304796875 0.544159403125 0.5936579765625 0.544159403125
4 0.5166481593750001 0.49216964843750005 0.5166481593750001 0.5753532515625001 0.525421428125 0.5753532515625001 0.525421428125 0.49216964843750005 0.5166481593750001 0.49216964843750005
4 0.5302954671875 0.50949956875 0.5302954671875 0.5632223109375001 0.5400435453125 0.5632223109375001 0.5400435453125 0.50949956875 0.5302954671875 0.50949956875