4 0.9131962031249999 0.33890251718750003 0.9131962031249999 0.366949621875 0.9279209328125001 0.366949621875 0.9279209328125001 0.33890251718750003 0.9131962031249999 0.33890251718750003
4 0.3986194765625 0.33329309375 0.3986194765625 0.39686653125000004 0.414395971875 0.39686653125000004 0.414395971875 0.33329309375 0.3986194765625 0.33329309375
4 0.5048478859375 0.26971965625 0.5048478859375 0.29028753281249997 0.5122102515625 0.29028753281249997 0.5122102515625 0.26971965625 0.5048478859375 0.26971965625
4 0.48907138906250003 0.351991165625 0.48907138906250003 0.37442885000000004 0.5016925875 0.37442885000000004 0.5016925875 0.351991165625 0.48907138906250003 0.351991165625
4 0.478553725 0.29963656875 0.478553725 0.32955348125 0.48696785625 0.32955348125 0.48696785625 0.29963656875 0.478553725 0.29963656875
4 0.5826786015625001 0.31646483281250004 0.5826786015625001 0.430523059375 0.6142315953125 0.430523059375 0.6142315953125 0.31646483281250004 0.5826786015625001 0.31646483281250004
4 0.6279045578125 0.320204446875 0.6279045578125 0.4342626734375 0.6636646171875 0.4342626734375 0.6636646171875 0.320204446875 0.6279045578125 0.320204446875
4 0.7551682953125 0.33890251718750003 0.7551682953125 0.3949967234375 0.7667377281250001 0.3949967234375 0.7667377281250001 0.33890251718750003 0.7551682953125 0.33890251718750003
4 0.77094479375 0.3407723234375 0.77094479375 0.43613248125000004 0.7951354203125 0.43613248125000004 0.7951354203125 0.3407723234375 0.77094479375 0.3407723234375
4 0.8308954796875 0.34638174374999997 0.8308954796875 0.452960740625 0.8613967046875001 0.452960740625 0.8613967046875001 0.34638174374999997 0.8308954796875 0.34638174374999997
2 0.4882825640625 0.3576005859375 0.4882825640625 0.40995518124999997 0.5640097468749999 0.40995518124999997 0.5640097468749999 0.3576005859375 0.4882825640625 0.3576005859375
2 0.3912571109375 0.36321000625 0.3912571109375 0.40247595468749997 0.41860303749999994 0.40247595468749997 0.41860303749999994 0.36321000625 0.3912571109375 0.36321000625
2 0.2881840015625 0.307115796875 0.2881840015625 0.4847474625 0.40282654375 0.4847474625 0.40282654375 0.307115796875 0.2881840015625 0.307115796875
2 0.5995068640625 0.2641102375 0.5995068640625 0.288417728125 0.625801025 0.288417728125 0.625801025 0.2641102375 0.5995068640625 0.2641102375
2 0.5732127046875 0.26971965625 0.5732127046875 0.2846781109375 0.5868856671875 0.2846781109375 0.5868856671875 0.26971965625 0.5732127046875 0.26971965625
2 0.55743620625 0.273459271875 0.55743620625 0.2846781140625 0.5690056390625 0.2846781140625 0.5690056390625 0.273459271875 0.55743620625 0.273459271875
2 0.56059150625 0.2603706234375 0.56059150625 0.2771988859375 0.5700574046875 0.2771988859375 0.5700574046875 0.2603706234375 0.56059150625 0.2603706234375
2 0.8673567156249999 0.3527702453125 0.8673567156249999 0.498615190625 0.99882751875 0.498615190625 0.99882751875 0.3527702453125 0.8673567156249999 0.3527702453125
2 0.07432482812499999 0.2742383546875 0.07432482812499999 0.5808867 0.3425252671875 0.5808867 0.3425252671875 0.2742383546875 0.07432482812499999 0.2742383546875
4 0.49503139531249996 0.2867037265625 0.49503139531249996 0.312881025 0.5013419953125 0.312881025 0.5013419953125 0.2867037265625 0.49503139531249996 0.2867037265625