2 0.4589700171875 0.43640594374999997 0.4589700171875 0.4785934140625 0.48401882656249995 0.4785934140625 0.48401882656249995 0.43640594374999997 0.4589700171875 0.43640594374999997
2 0.4774270359375 0.43640594374999997 0.4774270359375 0.5043746453125 0.50379420625 0.5043746453125 0.50379420625 0.43640594374999997 0.4774270359375 0.43640594374999997
2 0.4932473375 0.41531220625 0.4932473375 0.5114058921875 0.551255109375 0.5114058921875 0.551255109375 0.41531220625 0.4932473375 0.41531220625
2 0.3007670015625 0.4434371875 0.3007670015625 0.49265590625 0.3244974546875 0.49265590625 0.3244974546875 0.4434371875 0.3007670015625 0.4434371875
2 0.4049173203125 0.4387496921875 0.4049173203125 0.4645309234375 0.42337433906250005 0.4645309234375 0.42337433906250005 0.4387496921875 0.4049173203125 0.4387496921875
2 0.42732941562500004 0.43640594374999997 0.42732941562500004 0.45515593125000003 0.44446807499999996 0.45515593125000003 0.44446807499999996 0.43640594374999997 0.42732941562500004 0.43640594374999997
2 0.3772317921875 0.4387496921875 0.3772317921875 0.476249665625 0.4049173203125 0.476249665625 0.4049173203125 0.4387496921875 0.3772317921875 0.4387496921875
2 0.3284525296875 0.43171844375 0.3284525296875 0.50671839375 0.3772317921875 0.50671839375 0.3772317921875 0.43171844375 0.3284525296875 0.43171844375
2 0.2493510203125 0.4434371875 0.2493510203125 0.51140589375 0.30735879375 0.51140589375 0.30735879375 0.4434371875 0.2493510203125 0.4434371875
2 0.5327980906249999 0.42703094999999996 0.5327980906249999 0.539530871875 0.615854675 0.539530871875 0.615854675 0.42703094999999996 0.5327980906249999 0.42703094999999996
2 0.717368278125 0.3309372671875 0.717368278125 0.738749484375 0.9994969890625001 0.738749484375 0.9994969890625001 0.3309372671875 0.717368278125 0.3309372671875