2 0.4475915453125 0.5240179015625 0.4475915453125 0.5410204296875001 0.4561990734375 0.5410204296875001 0.4561990734375 0.5240179015625 0.4475915453125 0.5240179015625
2 0.43802762343749996 0.5189171421875 0.43802762343749996 0.5410204281250001 0.45141711406249996 0.5410204281250001 0.45141711406249996 0.5189171421875 0.43802762343749996 0.5189171421875
2 0.430376484375 0.5189171421875 0.430376484375 0.54272068125 0.44567875937499996 0.54272068125 0.44567875937499996 0.5189171421875 0.430376484375 0.5189171421875
2 0.41889977968750003 0.5257181546874999 0.41889977968750003 0.55802295625 0.43994040781250005 0.55802295625 0.43994040781250005 0.5257181546874999 0.41889977968750003 0.5257181546874999
2 0.3959463671875 0.52741840625 0.3959463671875 0.5750254828125 0.425594525 0.5750254828125 0.425594525 0.52741840625 0.3959463671875 0.52741840625
2 0.39212079843750003 0.53591966875 0.39212079843750003 0.5852269999999999 0.41411781718749996 0.5852269999999999 0.41411781718749996 0.53591966875 0.39212079843750003 0.53591966875
2 0.351952325 0.5189171421875 0.351952325 0.6022295296875 0.40168471875 0.6022295296875 0.40168471875 0.5189171421875 0.351952325 0.5189171421875
2 0.331868090625 0.5393201750000001 0.331868090625 0.6158315515624999 0.38351327031250004 0.6158315515624999 0.38351327031250004 0.5393201750000001 0.331868090625 0.5393201750000001
2 0.31560942187499996 0.5444209328125 0.31560942187499996 0.6413353421875 0.3710801703125 0.6413353421875 0.3710801703125 0.5444209328125 0.31560942187499996 0.5444209328125
2 0.4695885640625 0.5223176484375001 0.4695885640625 0.5376199234375 0.476283309375 0.5376199234375 0.476283309375 0.5223176484375001 0.4695885640625 0.5223176484375001
2 0.473414134375 0.5206173953125 0.473414134375 0.54952169375 0.4896728 0.54952169375 0.4896728 0.5206173953125 0.473414134375 0.5206173953125
2 0.47915248593750004 0.5257181546874999 0.47915248593750004 0.5563227046875 0.49541115312499995 0.5563227046875 0.49541115312499995 0.5257181546874999 0.47915248593750004 0.5257181546874999
2 0.484890840625 0.5291186609375 0.484890840625 0.5665242203124999 0.500193115625 0.5665242203124999 0.500193115625 0.5291186609375 0.484890840625 0.5291186609375
2 0.4934983703125 0.52741840625 0.4934983703125 0.5784259890625 0.5260157046875 0.5784259890625 0.5260157046875 0.52741840625 0.4934983703125 0.52741840625
2 0.517408175 0.5410204296875001 0.517408175 0.6107307921875 0.5738353140625 0.6107307921875 0.5738353140625 0.5410204296875001 0.517408175 0.5410204296875001
2 0.5680969609375001 0.5104158812499999 0.5680969609375001 0.7059449515625 0.7316400265625 0.7059449515625 0.7316400265625 0.5104158812499999 0.5680969609375001 0.5104158812499999
2 0.20275514375 0.5410204296875001 0.20275514375 0.6872421671875 0.3414320125 0.6872421671875 0.3414320125 0.5410204296875001 0.20275514375 0.5410204296875001
4 0.64652111875 0.539660246875 0.64652111875 0.679080975 0.6914715515625 0.679080975 0.6914715515625 0.539660246875 0.64652111875 0.539660246875
2 0.4561990734375 0.5250380640625 0.4561990734375 0.5386400859375 0.464806603125 0.5386400859375 0.464806603125 0.5250380640625 0.4561990734375 0.5250380640625