2 0.00136029375 0.27637802968749997 0.00136029375 0.3805512859375 0.075504015625 0.3805512859375 0.075504015625 0.27637802968749997 0.00136029375 0.27637802968749997
2 0.0001644265625 0.23385833125 0.0001644265625 0.8036222687500001 0.363707834375 0.8036222687500001 0.363707834375 0.23385833125 0.0001644265625 0.23385833125
2 0.26867133125 0.3706300125 0.26867133125 0.5215749375 0.36314478125 0.5215749375 0.36314478125 0.3706300125 0.26867133125 0.3706300125
2 0.35414090468750004 0.34440954375 0.35414090468750004 0.522992271875 0.495253146875 0.522992271875 0.495253146875 0.34440954375 0.35414090468750004 0.34440954375
2 0.4785110171875 0.39543318125 0.4785110171875 0.4677166640625 0.515582878125 0.4677166640625 0.515582878125 0.39543318125 0.4785110171875 0.39543318125
2 0.5060159468750001 0.3826772703125 0.5060159468750001 0.542126134375 0.6052728625 0.542126134375 0.6052728625 0.3826772703125 0.5060159468750001 0.3826772703125
6 0.594510065625 0.37204734687499996 0.594510065625 0.480472575 0.6614785875 0.480472575 0.6614785875 0.37204734687499996 0.594510065625 0.37204734687499996
2 0.6076645968750001 0.4188190140625 0.6076645968750001 0.4783465890625 0.6339736578124999 0.4783465890625 0.6339736578124999 0.4188190140625 0.6076645968750001 0.4188190140625
2 0.6136439296875 0.41244105937500003 0.6136439296875 0.501732421875 0.6806124515625 0.501732421875 0.6806124515625 0.41244105937500003 0.6136439296875 0.41244105937500003
2 0.653107521875 0.3699213625 0.653107521875 0.5612599984375 0.7822611015625001 0.5612599984375 0.7822611015625001 0.3699213625 0.653107521875 0.3699213625
6 0.673437253125 0.2912599234375 0.673437253125 0.527244240625 0.820528828125 0.527244240625 0.820528828125 0.2912599234375 0.673437253125 0.2912599234375
4 0.938919609375 0.4294489375 0.938919609375 0.4868505296875 0.95685760625 0.4868505296875 0.95685760625 0.4294489375 0.938919609375 0.4294489375
4 0.9580534734375 0.42094499843750005 0.9580534734375 0.50385840625 0.9735997375000001 0.50385840625 0.9735997375000001 0.42094499843750005 0.9580534734375 0.42094499843750005
4 0.9759914703125 0.43582689375 0.9759914703125 0.51448833125 0.9939294671875001 0.51448833125 0.9939294671875001 0.43582689375 0.9759914703125 0.43582689375
4 0.9735997375000001 0.4294489375 0.9735997375000001 0.5059843921875 0.991537734375 0.5059843921875 0.991537734375 0.4294489375 0.9735997375000001 0.4294489375