5 0.911405578125 0.34096495937500004 0.911405578125 0.5738190796875 0.9729975718749999 0.5738190796875 0.9729975718749999 0.34096495937500004 0.911405578125 0.34096495937500004
0 0.89113479375 0.45046183749999996 0.89113479375 0.59045151875 0.9995055171875 0.59045151875 0.9995055171875 0.45046183749999996 0.89113479375 0.45046183749999996
4 0.6198181640625 0.383932090625 0.6198181640625 0.4684803125 0.63619071875 0.4684803125 0.63619071875 0.383932090625 0.6198181640625 0.383932090625
4 0.637750009375 0.3825460546875 0.637750009375 0.4684803125 0.6510039828124999 0.4684803125 0.6510039828124999 0.3825460546875 0.637750009375 0.3825460546875
4 0.665037603125 0.3922483078125 0.665037603125 0.4601640921875 0.6767322859375 0.4601640921875 0.6767322859375 0.3922483078125 0.665037603125 0.3922483078125
4 0.6884269671875 0.38116001875 0.6884269671875 0.45877805625 0.7040198765625 0.45877805625 0.7040198765625 0.38116001875 0.6884269671875 0.38116001875
4 0.7851030078125001 0.3880901984375 0.7851030078125001 0.4975870765625 0.80927201875 0.4975870765625 0.80927201875 0.3880901984375 0.7851030078125001 0.3880901984375
4 0.718053496875 0.3964064171875 0.718053496875 0.46986634687500006 0.7391039265625 0.46986634687500006 0.7391039265625 0.3964064171875 0.718053496875 0.3964064171875
4 0.756256125 0.38116001875 0.756256125 0.479568603125 0.7773065546875 0.479568603125 0.7773065546875 0.38116001875 0.756256125 0.38116001875
4 0.7359853421875 0.3977924546875 0.7359853421875 0.47402445625 0.7500189609375 0.47402445625 0.7500189609375 0.3977924546875 0.7359853421875 0.3977924546875
4 0.7687304515625 0.39502038281249996 0.7687304515625 0.479568603125 0.7819844265625 0.479568603125 0.7819844265625 0.39502038281249996 0.7687304515625 0.39502038281249996
4 0.8053737921874999 0.4047226359375 0.8053737921874999 0.4892708578125 0.82018705625 0.4892708578125 0.82018705625 0.4047226359375 0.8053737921874999 0.4047226359375
4 0.8147295359375001 0.4047226359375 0.8147295359375001 0.4754104953125 0.8303224468750001 0.4754104953125 0.8303224468750001 0.4047226359375 0.8147295359375001 0.4047226359375
4 0.64944469375 0.3908622703125 0.64944469375 0.4657082375 0.659580084375 0.4657082375 0.659580084375 0.3908622703125 0.64944469375 0.3908622703125
4 0.5784969531249999 0.38116001875 0.5784969531249999 0.42689922031250005 0.5855137640625 0.42689922031250005 0.5855137640625 0.38116001875 0.5784969531249999 0.38116001875
4 0.567581915625 0.37977398125 0.567581915625 0.43521543906250004 0.574598725 0.43521543906250004 0.574598725 0.37977398125 0.567581915625 0.37977398125
4 0.5847341171875 0.37838794375 0.5847341171875 0.4379875109375 0.5987677359375 0.4379875109375 0.5987677359375 0.37838794375 0.5847341171875 0.37838794375
4 0.5987677359375 0.385318128125 0.5987677359375 0.4310573296875 0.6112420640625 0.4310573296875 0.6112420640625 0.385318128125 0.5987677359375 0.385318128125
2 0.852932165625 0.4209372109375 0.852932165625 0.503131221875 0.9994969890625001 0.503131221875 0.9994969890625001 0.4209372109375 0.852932165625 0.4209372109375
4 0.335044321875 0.36452758125 0.335044321875 0.427030946875 0.3523997609375 0.427030946875 0.3523997609375 0.36452758125 0.335044321875 0.36452758125
4 0.353959053125 0.365913615625 0.353959053125 0.44075958125000003 0.3695519625 0.44075958125000003 0.3695519625 0.365913615625 0.353959053125 0.365913615625
6 0.368772315625 0.2827514296875 0.368772315625 0.4296712921875 0.43738111875 0.4296712921875 0.43738111875 0.2827514296875 0.368772315625 0.2827514296875
6 0.45297402968749995 0.2300820484375 0.45297402968749995 0.42689922031250005 0.5543279421875 0.42689922031250005 0.5543279421875 0.2300820484375 0.45297402968749995 0.2300820484375
1 0.5504297140625 0.34512306875 0.5504297140625 0.4296712921875 0.5691412062500001 0.4296712921875 0.5691412062500001 0.34512306875 0.5504297140625 0.34512306875
2 0.3508404703125 0.36175550625 0.3508404703125 0.6777718109374999 0.5722597890625 0.6777718109374999 0.5722597890625 0.36175550625 0.3508404703125 0.36175550625
0 0.11772646875 0.3894762375 0.11772646875 0.4629361671875 0.1582680328125 0.4629361671875 0.1582680328125 0.3894762375 0.11772646875 0.3894762375
5 0.1255229234375 0.3964064171875 0.1255229234375 0.4573920203125 0.147352996875 0.4573920203125 0.147352996875 0.3964064171875 0.1255229234375 0.3964064171875