2 0 0.5916879671874999 0.1692814171875 0.5916879671874999 0.1692814171875 0.4522672375 0 0.4522672375 0 0.5916879671874999
2 0.158761103125 0.47267027187500005 0.158761103125 0.55258215625 0.21710102656250002 0.55258215625 0.21710102656250002 0.47267027187500005 0.158761103125 0.47267027187500005
2 0.20466792812499998 0.47267027187500005 0.20466792812499998 0.5406803859375 0.2639642453125 0.5406803859375 0.2639642453125 0.47267027187500005 0.20466792812499998 0.47267027187500005
2 0.25631310625000003 0.47777103125 0.25631310625000003 0.530478865625 0.2821356953125 0.530478865625 0.2821356953125 0.47777103125 0.25631310625000003 0.47777103125
2 0.3443011875 0.47097001875 0.3443011875 0.5270783625 0.385426053125 0.5270783625 0.385426053125 0.47097001875 0.3443011875 0.47097001875
2 0.381600484375 0.47267027187500005 0.381600484375 0.504975075 0.4026411125 0.504975075 0.4026411125 0.47267027187500005 0.381600484375 0.47267027187500005
2 0.3997719359375 0.47097001875 0.3997719359375 0.50157456875 0.41698699375 0.50157456875 0.41698699375 0.47097001875 0.3997719359375 0.47097001875
2 0.41698699375 0.47267027187500005 0.41698699375 0.4964738125 0.438027621875 0.4964738125 0.438027621875 0.47267027187500005 0.41698699375 0.47267027187500005
2 0.5068878609375 0.47097001875 0.5068878609375 0.4913730546875 0.51645178125 0.4913730546875 0.51645178125 0.47097001875 0.5068878609375 0.47097001875
2 0.5327104484375 0.4658692609375 0.5327104484375 0.48967280156250004 0.5470563328125 0.48967280156250004 0.5470563328125 0.4658692609375 0.5327104484375 0.4658692609375
2 0.5470563328125 0.4658692609375 0.5470563328125 0.49307330625 0.5633149984375 0.49307330625 0.5633149984375 0.4658692609375 0.5470563328125 0.4658692609375
2 0.5680969609375001 0.47097001875 0.5680969609375001 0.4913730546875 0.5747917046875 0.4913730546875 0.5747917046875 0.47097001875 0.5680969609375001 0.47097001875
2 0.51358260625 0.47097001875 0.51358260625 0.5066753312500001 0.5374924109375 0.5066753312500001 0.5374924109375 0.47097001875 0.51358260625 0.47097001875
2 0.47437052656249995 0.47097001875 0.47437052656249995 0.5100758328125 0.5126262140625 0.5100758328125 0.5126262140625 0.47097001875 0.47437052656249995 0.47097001875
2 0.46671938749999997 0.47267027187500005 0.46671938749999997 0.4964738125 0.4801088765625 0.4964738125 0.4801088765625 0.47267027187500005 0.46671938749999997 0.47267027187500005
5 0.4552426828125 0.4752206515625 0.4552426828125 0.48882267500000004 0.46002464375 0.48882267500000004 0.46002464375 0.4752206515625 0.4552426828125 0.4752206515625
3 0.45332989843749993 0.47862115625 0.45332989843749993 0.49052292499999994 0.46098103593750006 0.49052292499999994 0.46098103593750006 0.47862115625 0.45332989843749993 0.47862115625
2 0.2716149671875 0.453032753125 0.2716149671875 0.5472781203125 0.34611975 0.5472781203125 0.34611975 0.453032753125 0.2716149671875 0.453032753125