2 0.5389722828125 0.48422442656250003 0.5389722828125 0.5182172578124999 0.551264334375 0.5182172578124999 0.551264334375 0.48422442656250003 0.5389722828125 0.48422442656250003
2 0.5458012015625 0.493936665625 0.5458012015625 0.52064531875 0.5608248203125 0.52064531875 0.5608248203125 0.493936665625 0.5458012015625 0.493936665625
2 0.5580932515625 0.48665248437499997 0.5580932515625 0.5230733765625 0.5772142203125 0.5230733765625 0.5772142203125 0.48665248437499997 0.5580932515625 0.48665248437499997
2 0.5676537359375 0.489080546875 0.5676537359375 0.5400697937500001 0.5895062734375001 0.5400697937500001 0.5895062734375001 0.489080546875 0.5676537359375 0.489080546875
2 0.578580003125 0.4915086046875 0.578580003125 0.5497820328125 0.5990667546874999 0.5497820328125 0.5990667546874999 0.4915086046875 0.578580003125 0.4915086046875
2 0.5881404890625 0.44294741562500006 0.5881404890625 0.5764906875 0.6728190640625 0.5764906875 0.6728190640625 0.44294741562500006 0.5881404890625 0.44294741562500006
2 0.6113588078125 0.45994383125000005 0.6113588078125 0.6056274015625001 0.7015005171875 0.6056274015625001 0.7015005171875 0.45994383125000005 0.6113588078125 0.45994383125000005
2 0.6823795484375 0.40652652187499994 0.6823795484375 0.7173181390625001 0.944609975 0.7173181390625001 0.944609975 0.40652652187499994 0.6823795484375 0.40652652187499994
2 0.521217096875 0.4915086046875 0.521217096875 0.5109330812499999 0.536240715625 0.5109330812499999 0.536240715625 0.4915086046875 0.521217096875 0.4915086046875
2 0.5020961296875 0.48422442656250003 0.5020961296875 0.5060769625 0.5102908312500001 0.5060769625 0.5102908312500001 0.48422442656250003 0.5020961296875 0.48422442656250003
2 0.5061934796875 0.48665248437499997 0.5061934796875 0.50850501875 0.5143881796875001 0.50850501875 0.5143881796875001 0.48665248437499997 0.5061934796875 0.48665248437499997
2 0.4911698609375 0.48422442656250003 0.4911698609375 0.5060769625 0.4993645625 0.5060769625 0.4993645625 0.48422442656250003 0.4911698609375 0.48422442656250003
2 0.487072509375 0.48422442656250003 0.487072509375 0.50850501875 0.49390142812500004 0.50850501875 0.49390142812500004 0.48422442656250003 0.487072509375 0.48422442656250003
2 0.47751202656249997 0.48422442656250003 0.47751202656249997 0.5036489015625001 0.48843829375 0.5036489015625001 0.48843829375 0.48422442656250003 0.47751202656249997 0.48422442656250003
2 0.4693173265625 0.47451219062499994 0.4693173265625 0.5060769640625 0.48160937812500004 0.5060769640625 0.48160937812500004 0.47451219062499994 0.4693173265625 0.47451219062499994
2 0.4652199765625 0.47936830781250006 0.4652199765625 0.50850501875 0.47751202656249997 0.50850501875 0.47751202656249997 0.47936830781250006 0.4652199765625 0.47936830781250006
2 0.455659490625 0.48179636718749996 0.455659490625 0.5109330812499999 0.469317325 0.5109330812499999 0.469317325 0.48179636718749996 0.455659490625 0.48179636718749996
2 0.452927925 0.47694024687500003 0.452927925 0.508505021875 0.4652199765625 0.508505021875 0.4652199765625 0.47694024687500003 0.452927925 0.47694024687500003
2 0.44200165625 0.47936830781250006 0.44200165625 0.5157892000000001 0.4556594921875 0.5157892000000001 0.4556594921875 0.47936830781250006 0.44200165625 0.47936830781250006
2 0.41605177031249996 0.4720841296875 0.41605177031249996 0.5157891984375 0.4433674390625 0.5157891984375 0.4433674390625 0.4720841296875 0.41605177031249996 0.4720841296875
2 0.39966236875 0.47451219062499994 0.39966236875 0.5206453203125 0.42561225468749997 0.5206453203125 0.42561225468749997 0.47451219062499994 0.39966236875 0.47451219062499994
2 0.37644405000000003 0.46237189062499995 0.37644405000000003 0.53035755625 0.4064912859375 0.53035755625 0.4064912859375 0.46237189062499995 0.37644405000000003 0.46237189062499995
2 0.3136180109375 0.4453754734375 0.3136180109375 0.547353971875 0.370980915625 0.547353971875 0.370980915625 0.4453754734375 0.3136180109375 0.4453754734375
2 0.275376071875 0.457515771875 0.275376071875 0.559494271875 0.340933678125 0.559494271875 0.340933678125 0.457515771875 0.275376071875 0.457515771875
2 0.1469924265625 0.42837905625 0.1469924265625 0.5886309828125 0.299960175 0.5886309828125 0.299960175 0.42837905625 0.1469924265625 0.42837905625
5 0.3600546484375 0.45023159375 0.3600546484375 0.5570662109375 0.3887361 0.5570662109375 0.3887361 0.45023159375 0.3600546484375 0.45023159375
0 0.3614204328125 0.5060769625 0.3614204328125 0.5764906890625 0.37644405000000003 0.5764906890625 0.37644405000000003 0.5060769625 0.3614204328125 0.5060769625
4 0.41468598593749995 0.4720841296875 0.41468598593749995 0.527929496875 0.425612253125 0.527929496875 0.425612253125 0.4720841296875 0.41468598593749995 0.4720841296875
2 0.5116566140625001 0.48179636718749996 0.5116566140625001 0.5109330812499999 0.5266802328125 0.5109330812499999 0.5266802328125 0.48179636718749996 0.5116566140625001 0.48179636718749996
2 0.940512625 0.59105904375 0.940512625 0.88728230625 0.9992413140625 0.88728230625 0.9992413140625 0.59105904375 0.940512625 0.59105904375