2 0.111841478125 0.40377641249999996 0.111841478125 0.44456190937500006 0.133636228125 0.44456190937500006 0.133636228125 0.40377641249999996 0.111841478125 0.40377641249999996
2 0.0762816234375 0.40377641249999996 0.0762816234375 0.45067973125 0.11413566093750001 0.45067973125 0.11413566093750001 0.40377641249999996 0.0762816234375 0.40377641249999996
2 0.0521926890625 0.4078549609375 0.0521926890625 0.45475828281249997 0.0820170828125 0.45475828281249997 0.0820170828125 0.4078549609375 0.0521926890625 0.4078549609375
2 0.026956665624999997 0.4078549609375 0.026956665624999997 0.45475828281249997 0.0590752421875 0.45475828281249997 0.0590752421875 0.4078549609375 0.026956665624999997 0.4078549609375
2 0.0005735453125 0.418051334375 0.0005735453125 0.46699393125000005 0.032692125 0.46699393125000005 0.032692125 0.418051334375 0.0005735453125 0.418051334375
6 0.1210182125 0.226359503125 0.1210182125 0.5709969453125 0.2930820234375 0.5709969453125 0.2930820234375 0.226359503125 0.1210182125 0.226359503125
6 0.608532346875 0.08157099375 0.608532346875 0.6484893875 0.9985436515625 0.6484893875 0.9985436515625 0.08157099375 0.608532346875 0.08157099375
2 0.3172528921875 0.4008631625 0.3172528921875 0.4192166359375 0.3287238125 0.4192166359375 0.3287238125 0.4008631625 0.3172528921875 0.4008631625
2 0.53634748125 0.388627515625 0.53634748125 0.4151380890625 0.5535538625 0.4151380890625 0.5535538625 0.388627515625 0.53634748125 0.388627515625
2 0.5558480453125 0.37843114375 0.5558480453125 0.423295184375 0.5764957015625 0.423295184375 0.5764957015625 0.37843114375 0.5558480453125 0.37843114375
2 0.5111114546875 0.3845489671875 0.5111114546875 0.42329518750000006 0.528317834375 0.42329518750000006 0.528317834375 0.3845489671875 0.5111114546875 0.3845489671875
2 0.4870225203125 0.388627515625 0.4870225203125 0.4355308375 0.5156998234375 0.4355308375 0.5156998234375 0.388627515625 0.4870225203125 0.388627515625
2 0.4560510328125 0.3906667890625 0.4560510328125 0.435530834375 0.489316703125 0.435530834375 0.489316703125 0.3906667890625 0.4560510328125 0.3906667890625
2 0.428520825 0.3906667890625 0.428520825 0.427373734375 0.45375684843749997 0.427373734375 0.45375684843749997 0.3906667890625 0.428520825 0.3906667890625
1 0.33675346093749997 0.378139809375 0.33675346093749997 0.41280748125000005 0.3562540265625 0.41280748125000005 0.3562540265625 0.378139809375 0.33675346093749997 0.378139809375
1 0.35625402500000003 0.37435259374999996 0.35625402500000003 0.41921663750000004 0.374607496875 0.41921663750000004 0.374607496875 0.37435259374999996 0.35625402500000003 0.37435259374999996
6 0.37346040468749997 0.37843114375 0.37346040468749997 0.4171773640625 0.38951969375 0.4171773640625 0.38951969375 0.37843114375 0.37346040468749997 0.37843114375
2 0.370019128125 0.3947453390625 0.370019128125 0.46815923281250005 0.421638275 0.46815923281250005 0.421638275 0.3947453390625 0.370019128125 0.3947453390625