6 0 0.6070839546875 0.3750094796875 0.6070839546875 0.3750094796875 0.3090861234375 0 0.3090861234375 0 0.6070839546875
2 0.819407409375 0.3867041625 0.819407409375 0.7526177796875 0.9987258718750001 0.7526177796875 0.9987258718750001 0.3867041625 0.819407409375 0.3867041625
4 0.747680025 0.4698663484375 0.747680025 0.5682749359375 0.77028974375 0.5682749359375 0.77028974375 0.4698663484375 0.747680025 0.4698663484375
4 0.6517836296875 0.49065689375000004 0.6517836296875 0.52260735625 0.6626986671874999 0.52260735625 0.6626986671874999 0.49065689375000004 0.6517836296875 0.49065689375000004
4 0.819407409375 0.46848031093750003 0.819407409375 0.559958715625 0.8318817375 0.559958715625 0.8318817375 0.46848031093750003 0.819407409375 0.46848031093750003
6 0.3781280609375 0.43521543749999997 0.3781280609375 0.5765911531250001 0.46466871093749995 0.5765911531250001 0.46466871093749995 0.43521543749999997 0.3781280609375 0.43521543749999997
2 0.36409444375 0.51560555 0.36409444375 0.5724330484375 0.38124664375 0.5724330484375 0.38124664375 0.51560555 0.36409444375 0.51560555
2 0.4560926109375 0.46155012968750003 0.4560926109375 0.6306465765625 0.5808358890624999 0.6306465765625 0.5808358890624999 0.46155012968750003 0.4560926109375 0.46155012968750003
1 0.4755837484375 0.4116528171875 0.4755837484375 0.4643221984375 0.5597854640625 0.4643221984375 0.5597854640625 0.4116528171875 0.4755837484375 0.4116528171875
2 0.5777173078125 0.5114474421875 0.5777173078125 0.5987677359375 0.597988090625 0.5987677359375 0.597988090625 0.5114474421875 0.5777173078125 0.5114474421875
2 0.592530571875 0.49065689375000004 0.592530571875 0.5724330453124999 0.6549022109375 0.5724330453124999 0.6549022109375 0.49065689375000004 0.592530571875 0.49065689375000004
2 0.5732865125 0.4913573609375 0.5732865125 0.51635735625 0.5935013546875 0.51635735625 0.5935013546875 0.4913573609375 0.5732865125 0.4913573609375