2 0.5673381656250001 0.6065471046875001 0.5673381656250001 0.6516048890625 0.5907335546875 0.6516048890625 0.5907335546875 0.6065471046875001 0.5673381656250001 0.6065471046875001
2 0.639473946875 0.6221440281249999 0.639473946875 0.6412069390624999 0.6521464484374999 0.6412069390624999 0.6521464484374999 0.6221440281249999 0.639473946875 0.6221440281249999
2 0.6268014453124999 0.6238770203125 0.6268014453124999 0.639473946875 0.6375243328125 0.639473946875 0.6375243328125 0.6238770203125 0.6268014453124999 0.6238770203125
2 0.67944106875 0.6065471046875001 0.67944106875 0.6412069390624999 0.703811265625 0.6412069390624999 0.703811265625 0.6065471046875001 0.67944106875 0.6065471046875001
2 0.6570204875 0.6169450546874999 0.6570204875 0.636007965625 0.6677433734375 0.636007965625 0.6677433734375 0.6169450546874999 0.6570204875 0.6169450546874999
2 0.6599449109375 0.6238770203125 0.6599449109375 0.6550708703125 0.6872395328125 0.6550708703125 0.6872395328125 0.6238770203125 0.6599449109375 0.6238770203125
2 0.7584005046875 0.6065471046875001 0.7584005046875 0.6412069390624999 0.77107300625 0.6412069390624999 0.77107300625 0.6065471046875001 0.7584005046875 0.6065471046875001
2 0.72135780625 0.6065471046875001 0.72135780625 0.6533378812499999 0.7584005046875 0.6533378812499999 0.7584005046875 0.6065471046875001 0.72135780625 0.6065471046875001
2 0.7808210843750001 0.5892171875 0.7808210843750001 0.6550708734375 0.8344355171875 0.6550708734375 0.8344355171875 0.5892171875 0.7808210843750001 0.5892171875
2 0.9182689921874999 0.6065471046875001 0.9182689921874999 0.6533378812499999 0.9767574625 0.6533378812499999 0.9767574625 0.6065471046875001 0.9182689921874999 0.6065471046875001
2 0.9796818859374999 0.61174608125 0.9796818859374999 0.6620028390625 0.99911720625 0.6620028390625 0.99911720625 0.61174608125 0.9796818859374999 0.61174608125
2 0.4269658359375 0.6048141125 0.4269658359375 0.6412069390624999 0.4640085359375 0.6412069390624999 0.4640085359375 0.6048141125 0.4269658359375 0.6048141125
2 0.0009748078125000001 0.5909501796875001 0.0009748078125000001 0.7451864406250001 0.1043044390625 0.7451864406250001 0.1043044390625 0.5909501796875001 0.0009748078125000001 0.5909501796875001
2 0.0994304 0.6100130874999999 0.0994304 0.703594640625 0.1218509796875 0.703594640625 0.1218509796875 0.6100130874999999 0.0994304 0.6100130874999999
2 0.151095215625 0.6065471046875001 0.151095215625 0.6827987390625 0.2115333015625 0.6827987390625 0.2115333015625 0.6065471046875001 0.151095215625 0.6065471046875001
2 0.5020260421875 0.5944161609374999 0.5020260421875 0.707060621875 0.5751366296875 0.707060621875 0.5751366296875 0.5944161609374999 0.5020260421875 0.5944161609374999