2 0.44814440468749994 0.378556759375 0.44814440468749994 0.392989753125 0.46554131718749997 0.392989753125 0.46554131718749997 0.378556759375 0.44814440468749994 0.378556759375
2 0.4388660546875 0.38474232812500003 0.4388660546875 0.40948459687499994 0.457422759375 0.40948459687499994 0.457422759375 0.38474232812500003 0.4388660546875 0.38474232812500003
2 0.42378873125 0.38680418437499997 0.42378873125 0.417732025 0.44118564375 0.417732025 0.44118564375 0.38680418437499997 0.42378873125 0.38680418437499997
2 0.4063918203125 0.38680418437499997 0.4063918203125 0.4301031609375 0.4307474953125 0.4301031609375 0.4307474953125 0.38680418437499997 0.4063918203125 0.38680418437499997
2 0.3866753234375 0.3888660421875 0.3866753234375 0.4301031609375 0.4133505859375 0.4301031609375 0.4133505859375 0.3888660421875 0.3866753234375 0.3888660421875
2 0.354201090625 0.3888660421875 0.354201090625 0.4465980078125 0.3947938796875 0.4465980078125 0.3947938796875 0.3888660421875 0.354201090625 0.3888660421875
2 0.61979391875 0.37649490625 0.61979391875 0.4136083140625 0.6661856796875 0.4136083140625 0.6661856796875 0.37649490625 0.61979391875 0.37649490625
2 0.6592269140625 0.38061861874999997 0.6592269140625 0.413608315625 0.6743042359375 0.413608315625 0.6743042359375 0.38061861874999997 0.6592269140625 0.38061861874999997
2 0.2107780671875 0.38185573125 0.2107780671875 0.47463925468749996 0.27340694375 0.47463925468749996 0.27340694375 0.38185573125 0.2107780671875 0.38185573125
2 0.1423502203125 0.3715464515625 0.1423502203125 0.5076289484375 0.23629353593750002 0.5076289484375 0.23629353593750002 0.3715464515625 0.1423502203125 0.3715464515625
2 0.4813145125 0.3845361453125 0.4813145125 0.40927841875000004 0.497551628125 0.40927841875000004 0.497551628125 0.3845361453125 0.4813145125 0.3845361453125
2 0.523067096875 0.3824742921875 0.523067096875 0.4402062578125 0.56250009375 0.4402062578125 0.56250009375 0.3824742921875 0.523067096875 0.3824742921875
2 0.2853093265625 0.376288721875 0.2853093265625 0.48350523125 0.3572165546875 0.48350523125 0.3572165546875 0.376288721875 0.2853093265625 0.376288721875
2 0 0.5818557671875 0.1462935125 0.5818557671875 0.1462935125 0.18597941093749998 0 0.18597941093749998 0 0.5818557671875
2 0.9817887031250001 0.445038734375 0.9817887031250001 0.5460696796875 0.9980258187500001 0.5460696796875 0.9980258187500001 0.445038734375 0.9817887031250001 0.445038734375