2 0.7861790921875 0.41381069843749996 0.7861790921875 0.95769603125 0.9994969890625001 0.95769603125 0.9994969890625001 0.41381069843749996 0.7861790921875 0.41381069843749996
2 0.63730869375 0.532785615625 0.63730869375 0.700321721875 0.7902764421875 0.700321721875 0.7902764421875 0.532785615625 0.63730869375 0.532785615625
2 0.59087205625 0.5424978546875 0.59087205625 0.6614727703125001 0.6673559296875 0.6614727703125001 0.6673559296875 0.5424978546875 0.59087205625 0.5424978546875
2 0.5772142203125 0.5473539734374999 0.5772142203125 0.6347641140625 0.6140903734375 0.6347641140625 0.6140903734375 0.5473539734374999 0.5772142203125 0.5473539734374999
2 0.5731168703125 0.5570662109375 0.5731168703125 0.595915165625 0.589506271875 0.595915165625 0.589506271875 0.5570662109375 0.5731168703125 0.5570662109375
2 0.56082481875 0.5522100937500001 0.56082481875 0.5740626296875 0.5813115703125 0.5740626296875 0.5813115703125 0.5522100937500001 0.56082481875 0.5522100937500001
2 0.7247188359375001 0.50850501875 0.7247188359375001 0.5959151625 0.8175921125000001 0.5959151625 0.8175921125000001 0.50850501875 0.7247188359375001 0.50850501875
2 0.81486054375 0.518217259375 0.81486054375 0.559494271875 0.84900513125 0.559494271875 0.84900513125 0.518217259375 0.81486054375 0.518217259375
2 0.160650259375 0.5279294984375 0.160650259375 0.58134680625 0.21528160000000002 0.58134680625 0.21528160000000002 0.5279294984375 0.160650259375 0.5279294984375
2 0.24396305312500002 0.5522100937500001 0.24396305312500002 0.588630984375 0.29039969062500004 0.588630984375 0.29039969062500004 0.5522100937500001 0.24396305312500002 0.5522100937500001
2 0.22757365 0.5497820328125 0.22757365 0.578918746875 0.2576208875 0.578918746875 0.2576208875 0.5497820328125 0.22757365 0.5497820328125
2 0.31908114374999996 0.5497820328125 0.31908114374999996 0.5764906875 0.343665246875 0.5764906875 0.343665246875 0.5497820328125 0.31908114374999996 0.5497820328125
2 0.3928334515625 0.47936830625000004 0.3928334515625 0.7998721625 0.5772142203125 0.7998721625 0.5772142203125 0.47936830625000004 0.3928334515625 0.47936830625000004
2 0.3495462640625 0.548905865625 0.3495462640625 0.57937459375 0.3772317921875 0.57937459375 0.3772317921875 0.548905865625 0.3495462640625 0.548905865625