4 0.6784662625 0.4419128921875 0.6784662625 0.6360079640625 0.7272066546875 0.6360079640625 0.7272066546875 0.4419128921875 0.6784662625 0.4419128921875
4 0.7554760796875 0.43844690625 0.7554760796875 0.6568038640625 0.818838590625 0.6568038640625 0.818838590625 0.43844690625 0.7554760796875 0.43844690625
4 0.81396455 0.46109431875 0.81396455 0.703594640625 0.877327059375 0.703594640625 0.877327059375 0.46109431875 0.81396455 0.46109431875
4 0.88122629375 0.4887036671875 0.88122629375 0.708793615625 0.9494628421875 0.708793615625 0.9494628421875 0.4887036671875 0.88122629375 0.4887036671875
4 0.8675789843749999 0.48697067499999996 0.8675789843749999 0.5874841953125001 0.8890247562500001 0.5874841953125001 0.8890247562500001 0.48697067499999996 0.8675789843749999 0.48697067499999996
4 0.8919491781250001 0.44364588125 0.8919491781250001 0.544159403125 0.9338659171874999 0.544159403125 0.9338659171874999 0.44364588125 0.8919491781250001 0.44364588125
4 0.44646199375 0.3673942453125 0.44646199375 0.40898604687500006 0.45718487812499997 0.40898604687500006 0.45718487812499997 0.3673942453125 0.44646199375 0.3673942453125
4 0.441587953125 0.3708602296875 0.441587953125 0.398588096875 0.4474368015625 0.398588096875 0.4474368015625 0.3708602296875 0.441587953125 0.3708602296875
2 0.0107228859375 0.334467403125 0.0107228859375 0.5181645265625 0.20665926406250001 0.5181645265625 0.20665926406250001 0.334467403125 0.0107228859375 0.334467403125
2 0.37725063593749997 0.3604622796875 0.37725063593749997 0.39338912187499997 0.3957719859375 0.39338912187499997 0.3957719859375 0.3604622796875 0.37725063593749997 0.3604622796875
2 0.3977216 0.3708602296875 0.3977216 0.39165613125 0.41136891093749994 0.39165613125 0.41136891093749994 0.3708602296875 0.3977216 0.3708602296875