2 0.0008209328125 0.42689182031249995 0.0008209328125 0.6822971812499999 0.255314134375 0.6822971812499999 0.255314134375 0.42689182031249995 0.0008209328125 0.42689182031249995
2 0.3179112515625 0.47067559687499994 0.3179112515625 0.5144593734375 0.34972290156249997 0.5144593734375 0.34972290156249997 0.47067559687499994 0.3179112515625 0.47067559687499994
2 0.382560734375 0.4670269484375 0.382560734375 0.4889188375 0.39897965156250004 0.4889188375 0.39897965156250004 0.4670269484375 0.382560734375 0.4670269484375
2 0.409241471875 0.45972965468749993 0.409241471875 0.49256748281249996 0.4236080234375 0.49256748281249996 0.4236080234375 0.45972965468749993 0.409241471875 0.45972965468749993
2 0.54469753125 0.43054046875 0.54469753125 0.4870945125 0.5826662734375 0.4870945125 0.5826662734375 0.43054046875 0.54469753125 0.43054046875
2 0.700677234375 0.4177702 0.700677234375 0.4706755953125 0.7766147218749999 0.4706755953125 0.7766147218749999 0.4177702 0.700677234375 0.4177702
2 0.585744821875 0.4396620890625 0.585744821875 0.457905328125 0.5949804609375 0.457905328125 0.5949804609375 0.4396620890625 0.585744821875 0.4396620890625
2 0.4184771125 0.437837765625 0.4184771125 0.52358099375 0.4851789609375 0.52358099375 0.4851789609375 0.437837765625 0.4184771125 0.437837765625
2 0.49544078281250004 0.44148641250000004 0.49544078281250004 0.510810725 0.5559855375 0.510810725 0.5559855375 0.44148641250000004 0.49544078281250004 0.44148641250000004
2 0.6083208328125 0.4341891171875 0.6083208328125 0.48344586874999995 0.637053934375 0.48344586874999995 0.637053934375 0.4341891171875 0.6083208328125 0.4341891171875
2 0.3476705375 0.45972965468749993 0.3476705375 0.5071620796875 0.38563928125 0.5071620796875 0.38563928125 0.45972965468749993 0.3476705375 0.45972965468749993
2 0.468499140625 0.4434436921875 0.468499140625 0.46847680468749997 0.48660344687499996 0.46847680468749997 0.48660344687499996 0.4434436921875 0.468499140625 0.4434436921875