2 0.21794777187499997 0.4720375921875 0.21794777187499997 0.499762690625 0.2371420734375 0.499762690625 0.2371420734375 0.4720375921875 0.21794777187499997 0.4720375921875
2 0.20835062343750002 0.4848337890625 0.20835062343750002 0.525355090625 0.23474278437499999 0.525355090625 0.23474278437499999 0.4848337890625 0.20835062343750002 0.4848337890625
2 0.181958459375 0.47843569218750004 0.181958459375 0.5253550921875 0.21434884062499998 0.5253550921875 0.21434884062499998 0.47843569218750004 0.181958459375 0.47843569218750004
2 0.12077662812500001 0.459241390625 0.12077662812500001 0.542416690625 0.191555609375 0.542416690625 0.191555609375 0.459241390625 0.12077662812500001 0.459241390625
4 0.113578765625 0.46990489062499996 0.113578765625 0.578672590625 0.13637199687499998 0.578672590625 0.13637199687499998 0.46990489062499996 0.113578765625 0.46990489062499996
2 0 0.823933090625 0.09438446406249999 0.823933090625 0.09438446406249999 0.48696649062499997 0 0.48696649062499997 0 0.823933090625
2 0.49866441093749997 0.482701090625 0.49866441093749997 0.5701417921874999 0.568243746875 0.5701417921874999 0.568243746875 0.482701090625 0.49866441093749997 0.482701090625
2 0.538252653125 0.482701090625 0.538252653125 0.8409946937500001 0.9065432859375001 0.8409946937500001 0.9065432859375001 0.482701090625 0.538252653125 0.482701090625
2 1 0.4443124921875 0.7745824734375 0.4443124921875 0.7745824734375 0.8218003921875001 1 0.8218003921875001 1 0.4443124921875
2 0.1639638046875 0.435781690625 0.1639638046875 0.8367292921875 0.575441609375 0.8367292921875 0.575441609375 0.435781690625 0.1639638046875 0.435781690625
2 0.0116090453125 0.4720375921875 0.0116090453125 0.5594782921875 0.0727908765625 0.5594782921875 0.0727908765625 0.4720375921875 0.0116090453125 0.4720375921875