2 0.477177640625 0.64277201875 0.477177640625 0.653514728125 0.4922845734375 0.653514728125 0.4922845734375 0.64277201875 0.477177640625 0.64277201875
2 0.4681134828125 0.6356102140625 0.4681134828125 0.6553051796875 0.4781847703125 0.6553051796875 0.4781847703125 0.6356102140625 0.4681134828125 0.6356102140625
2 0.46005645 0.63919111875 0.46005645 0.6535147296875 0.467106353125 0.6535147296875 0.467106353125 0.63919111875 0.46005645 0.63919111875
2 0.43789961718750003 0.6338197640625001 0.43789961718750003 0.6553051812499999 0.4509922921875 0.6553051812499999 0.4509922921875 0.6338197640625001 0.43789961718750003 0.6338197640625001
2 0.4258140703125 0.63919111875 0.4258140703125 0.6553051796875 0.432863971875 0.6553051796875 0.432863971875 0.63919111875 0.4258140703125 0.63919111875
2 0.40265010625000003 0.6338197640625001 0.40265010625000003 0.6642574359375 0.42782832812500005 0.6642574359375 0.42782832812500005 0.6338197640625001 0.40265010625000003 0.6338197640625001
2 0.3472580203125 0.6320293125 0.3472580203125 0.6606765328125 0.36639346562499997 0.6606765328125 0.36639346562499997 0.6320293125 0.3472580203125 0.6320293125
2 0.2979087046875 0.612334346875 0.2979087046875 0.6696287875 0.3442366328125 0.6696287875 0.3442366328125 0.612334346875 0.2979087046875 0.612334346875
2 0.55069805 0.63919111875 0.55069805 0.6606765359375 0.5617764671875001 0.6606765359375 0.5617764671875001 0.63919111875 0.55069805 0.63919111875
2 0.5607693375 0.64098156875 0.5607693375 0.6660478859375 0.5799047875000001 0.6660478859375 0.5799047875000001 0.64098156875 0.5607693375 0.64098156875
2 0.577890528125 0.6356102140625 0.577890528125 0.6767905937500001 0.5960188484375 0.6767905937500001 0.5960188484375 0.6356102140625 0.577890528125 0.6356102140625
2 0.5929974609374999 0.6338197640625001 0.5929974609374999 0.6946951078125 0.6363040015625 0.6946951078125 0.6363040015625 0.6338197640625001 0.5929974609374999 0.6338197640625001
2 0.5083986375 0.6302388609375 0.5083986375 0.69290465625 0.5537194359375001 0.69290465625 0.5537194359375001 0.6302388609375 0.5083986375 0.6302388609375