2 0.6465883 0.5045920703125 0.6465883 0.553571684375 0.7051342453125 0.553571684375 0.7051342453125 0.5045920703125 0.6465883 0.5045920703125
2 0.73612915625 0.49540839375 0.73612915625 0.5964288484375 0.8867988671875 0.5964288484375 0.8867988671875 0.49540839375 0.73612915625 0.49540839375
2 0.42445809843750004 0.46836755625000004 0.42445809843750004 0.4806124609375 0.4347897359375 0.4806124609375 0.4347897359375 0.46836755625000004 0.42445809843750004 0.46836755625000004
2 0.32630754375 0.4739798125 0.32630754375 0.5061226828125001 0.34955372812499996 0.5061226828125001 0.34955372812499996 0.4739798125 0.32630754375 0.4739798125
2 0.4003509453125 0.4617349078125 0.4003509453125 0.48928594218750004 0.4184313109375 0.48928594218750004 0.4184313109375 0.4617349078125 0.4003509453125 0.4617349078125
2 0.3848534890625 0.4617349078125 0.3848534890625 0.49846961875 0.4003509453125 0.49846961875 0.4003509453125 0.4617349078125 0.3848534890625 0.4617349078125
2 0.3607463359375 0.47244919999999996 0.3607463359375 0.5015308453125 0.3848534890625 0.5015308453125 0.3848534890625 0.47244919999999996 0.3607463359375 0.47244919999999996
2 0.344387909375 0.4877553296875 0.344387909375 0.509183909375 0.3633292453125 0.509183909375 0.3633292453125 0.4877553296875 0.344387909375 0.4877553296875
2 0.2783802359375 0.48724513125 0.2783802359375 0.5102043265625 0.32659454375 0.5102043265625 0.32659454375 0.48724513125 0.2783802359375 0.48724513125
2 0.2499682265625 0.48418390625 0.2499682265625 0.5193880046875 0.276658290625 0.5193880046875 0.276658290625 0.48418390625 0.2499682265625 0.48418390625
2 0.1492347640625 0.46428593906250004 0.1492347640625 0.5331635203125 0.250829196875 0.5331635203125 0.250829196875 0.46428593906250004 0.1492347640625 0.46428593906250004
2 0 0.8571432421875 0.2066327453125 0.8571432421875 0.2066327453125 0.3862246796875 0 0.3862246796875 0 0.8571432421875
6 0.442251490625 0.45000020156250004 0.442251490625 0.5020410421875 0.462914765625 0.5020410421875 0.462914765625 0.45000020156250004 0.442251490625 0.45000020156250004
2 0.472098434375 0.484694103125 0.472098434375 0.5321431046875 0.5022323765625 0.5321431046875 0.5022323765625 0.484694103125 0.472098434375 0.484694103125