2 0.713274140625 0.3363081984375 0.713274140625 0.813765734375 0.9990050187499999 0.813765734375 0.9990050187499999 0.3363081984375 0.713274140625 0.3363081984375
2 0.27995854375 0.3957997125 0.27995854375 0.520884434375 0.3846407265625 0.520884434375 0.3846407265625 0.3957997125 0.27995854375 0.3957997125
2 0.40008563906249994 0.4080031 0.40008563906249994 0.46596919375 0.4464203765625 0.46596919375 0.4464203765625 0.4080031 0.40008563906249994 0.4080031
2 0.46100723749999994 0.4095285234375 0.46100723749999994 0.4339352984375 0.48417460468750007 0.4339352984375 0.48417460468750007 0.4095285234375 0.46100723749999994 0.4095285234375
2 0.6257529703125 0.42020648749999995 0.6257529703125 0.60020645625 0.776769890625 0.60020645625 0.776769890625 0.42020648749999995 0.6257529703125 0.42020648749999995
2 0.5783240046875 0.3942742890625 0.5783240046875 0.543552634375 0.684100415625 0.543552634375 0.684100415625 0.3942742890625 0.5783240046875 0.3942742890625
2 0.5674055234375001 0.3957997125 0.5674055234375001 0.5041047812499999 0.6180305140625 0.5041047812499999 0.6180305140625 0.3957997125 0.5674055234375001 0.3957997125
2 0.5450962046875001 0.388172596875 0.5450962046875001 0.47054546249999996 0.5794182328125 0.47054546249999996 0.5794182328125 0.388172596875 0.5450962046875001 0.388172596875
2 0.5365156984375 0.40342683125 0.5365156984375 0.456816646875 0.5545347625 0.456816646875 0.5545347625 0.40342683125 0.5365156984375 0.40342683125
2 0.5245029890625 0.40342683125 0.5245029890625 0.44766411093749997 0.54080595 0.44766411093749997 0.54080595 0.40342683125 0.5245029890625 0.40342683125
2 0.48331655625 0.4064776765625 0.48331655625 0.4339352984375 0.495329265625 0.4339352984375 0.495329265625 0.4064776765625 0.48331655625 0.4064776765625
2 0.0294077453125 0.3896980203125 0.0294077453125 0.52546070625 0.1469606875 0.52546070625 0.1469606875 0.3896980203125 0.0294077453125 0.3896980203125
2 0.1542730265625 0.44407895000000003 0.1542730265625 0.4980030828125 0.2061661859375 0.4980030828125 0.2061661859375 0.44407895000000003 0.1542730265625 0.44407895000000003
2 0.2078822875 0.445855265625 0.2078822875 0.490375965625 0.2491949015625 0.490375965625 0.2491949015625 0.445855265625 0.2078822875 0.445855265625
2 0.24906871874999997 0.4415624171875 0.24906871874999997 0.49342680625 0.27995854531250003 0.49342680625 0.27995854531250003 0.4415624171875 0.24906871874999997 0.4415624171875