2 0.3965380796875 0.6021868890625 0.3965380796875 0.6373909859375 0.409452625 0.6373909859375 0.409452625 0.6021868890625 0.3965380796875 0.6021868890625
2 0.381040621875 0.6067787250000001 0.381040621875 0.6404522125 0.39739905000000003 0.6404522125 0.39739905000000003 0.6067787250000001 0.381040621875 0.6067787250000001
2 0.34832377187499997 0.6174930171875 0.34832377187499997 0.660350175 0.3732918953125 0.660350175 0.3732918953125 0.6174930171875 0.34832377187499997 0.6174930171875
2 0.3156069203125 0.5991256578125 0.3156069203125 0.6725950796875 0.35521152968749997 0.6725950796875 0.35521152968749997 0.5991256578125 0.3156069203125 0.5991256578125
2 0.3130240109375 0.6113705625 0.3130240109375 0.6817787578125001 0.3474628015625 0.6817787578125001 0.3474628015625 0.6113705625 0.3130240109375 0.6113705625
2 0.263948734375 0.606560046875 0.263948734375 0.71064173125 0.3250775875 0.71064173125 0.3250775875 0.606560046875 0.263948734375 0.606560046875
2 0.170963996875 0.609621278125 0.170963996875 0.7493649390625 0.2808168390625 0.7493649390625 0.2808168390625 0.609621278125 0.170963996875 0.609621278125
2 0.430915371875 0.9811228890624999 0.430915371875 0.9979596328125 0.432637309375 0.9979596328125 0.432637309375 0.9811228890624999 0.430915371875 0.9811228890624999
2 0.43335478125 0.597959459375 0.43335478125 0.6469390734375 0.45057417656250004 0.6469390734375 0.45057417656250004 0.597959459375 0.43335478125 0.597959459375
2 0.44196447968749997 0.613265590625 0.44196447968749997 0.6576533640625 0.459183875 0.6576533640625 0.459183875 0.613265590625 0.44196447968749997 0.613265590625
2 0.4531570859375 0.594898234375 0.4531570859375 0.6714288796875 0.492761696875 0.6714288796875 0.492761696875 0.594898234375 0.4531570859375 0.594898234375
2 0.49362266562499996 0.60867375 0.49362266562499996 0.71581665625 0.5805806140625001 0.71581665625 0.5805806140625001 0.60867375 0.49362266562499996 0.60867375
2 0.410694628125 0.599075925 0.410694628125 0.628197675 0.42356540000000004 0.628197675 0.42356540000000004 0.599075925 0.410694628125 0.599075925