2 0.0420812578125 0.47777103125 0.0420812578125 0.5576829140624999 0.136764084375 0.5576829140624999 0.136764084375 0.47777103125 0.0420812578125 0.47777103125
2 0.13676408281250002 0.48287178906249995 0.13676408281250002 0.52367785625 0.20275514218750001 0.52367785625 0.20275514218750001 0.48287178906249995 0.13676408281250002 0.48287178906249995
2 0.3213477765625 0.48967280156250004 0.3213477765625 0.5117760859375 0.357690678125 0.5117760859375 0.357690678125 0.48967280156250004 0.3213477765625 0.48967280156250004
2 0.382556875 0.48627229375000003 0.382556875 0.5049750765625001 0.40359750468750005 0.5049750765625001 0.40359750468750005 0.48627229375000003 0.382556875 0.48627229375000003
2 0.42272534687499996 0.474370525 0.42272534687499996 0.5338793734375 0.48010887812499997 0.5338793734375 0.48010887812499997 0.474370525 0.42272534687499996 0.474370525
2 0.50114950625 0.4845720421875 0.50114950625 0.5032748218750001 0.5107134296875 0.5032748218750001 0.5107134296875 0.4845720421875 0.50114950625 0.4845720421875
2 0.5623586078125 0.4845720421875 0.5623586078125 0.49817406249999996 0.5709661359375 0.49817406249999996 0.5709661359375 0.4845720421875 0.5623586078125 0.4845720421875
2 0.546099940625 0.48287178906249995 0.546099940625 0.4998743171875 0.5585330374999999 0.4998743171875 0.5585330374999999 0.48287178906249995 0.546099940625 0.48287178906249995
2 0.5355796265625 0.487972546875 0.5355796265625 0.5066753281249999 0.546099940625 0.5066753281249999 0.546099940625 0.487972546875 0.5355796265625 0.487972546875
2 0.529841271875 0.49647381093750004 0.529841271875 0.5049750765625001 0.5384488046875 0.5049750765625001 0.5384488046875 0.49647381093750004 0.529841271875 0.49647381093750004
2 0.285004871875 0.48627229375000003 0.285004871875 0.5083755812499999 0.321347775 0.5083755812499999 0.321347775 0.48627229375000003 0.285004871875 0.48627229375000003
2 0.24770557656249997 0.48627229375000003 0.24770557656249997 0.5100758328125 0.285004871875 0.5100758328125 0.285004871875 0.48627229375000003 0.24770557656249997 0.48627229375000003