2 0.34497042968749997 0.5037155375 0.34497042968749997 0.5428459812499999 0.373984765625 0.5428459812499999 0.373984765625 0.5037155375 0.34497042968749997 0.5037155375
2 0.3119541171875 0.49660091093750003 0.3119541171875 0.5446246390625 0.3479719140625 0.5446246390625 0.3479719140625 0.49660091093750003 0.3119541171875 0.49660091093750003
2 0.286941759375 0.49482225468749996 0.286941759375 0.5535179218749999 0.3249605453125 0.5535179218749999 0.3249605453125 0.49482225468749996 0.286941759375 0.49482225468749996
2 0.2299135828125 0.484150315625 0.2299135828125 0.5713044875 0.2959462109375 0.5713044875 0.2959462109375 0.484150315625 0.2299135828125 0.484150315625
2 0 0.6086562765625 0.0928458609375 0.6086562765625 0.0928458609375 0.473478375 0 0.473478375 0 0.6086562765625
2 0.4088723953125 0.487707628125 0.4088723953125 0.5428459812499999 0.4480213453125 0.5428459812499999 0.4480213453125 0.487707628125 0.4088723953125 0.487707628125
2 0.4500223359375 0.5037155375 0.4500223359375 0.557075234375 0.5000470499999999 0.557075234375 0.5000470499999999 0.5037155375 0.4500223359375 0.5037155375
2 0.5000470531250001 0.5037155375 0.5000470531250001 0.5446246390625 0.5280608921875001 0.5446246390625 0.5280608921875001 0.5037155375 0.5000470531250001 0.5037155375
2 0.546069790625 0.523280759375 0.546069790625 0.5517392625 0.5650791828124999 0.5517392625 0.5650791828124999 0.523280759375 0.546069790625 0.523280759375
2 0.5610772046875 0.5250594171875 0.5610772046875 0.5606325453125 0.58308808125 0.5606325453125 0.58308808125 0.5250594171875 0.5610772046875 0.5250594171875
2 0.581087090625 0.5250594171875 0.581087090625 0.5730831421875 0.6211068656250001 0.5730831421875 0.6211068656250001 0.5250594171875 0.581087090625 0.5250594171875
2 0.60910093125 0.5339527000000001 0.60910093125 0.5944270234375 0.6611266375 0.5944270234375 0.6611266375 0.5339527000000001 0.60910093125 0.5339527000000001
2 0.6501212 0.53573135625 0.6501212 0.6193282140624999 0.7541726109375 0.6193282140624999 0.7541726109375 0.53573135625 0.6501212 0.53573135625
2 0.745168159375 0.50905150625 0.745168159375 0.7011464171874999 0.9342615875 0.7011464171874999 0.9342615875 0.50905150625 0.745168159375 0.50905150625