4 0.054890364062499995 0.39903313125 0.054890364062499995 0.47610495156250005 0.066078209375 0.47610495156250005 0.066078209375 0.39903313125 0.054890364062499995 0.39903313125
0 0.112437840625 0.4485082703125 0.112437840625 0.520607715625 0.15579073906250002 0.520607715625 0.15579073906250002 0.4485082703125 0.112437840625 0.4485082703125
2 0.42429901406250004 0.44751379375000006 0.42429901406250004 0.47983423125 0.43688533906250004 0.47983423125 0.43688533906250004 0.44751379375000006 0.42429901406250004 0.44751379375000006
2 0.40891572812500004 0.44751379375000006 0.40891572812500004 0.484806609375 0.427095975 0.484806609375 0.427095975 0.44751379375000006 0.40891572812500004 0.44751379375000006
2 0.3655628296875 0.4176795390625 0.3655628296875 0.43756904218750003 0.4047202859375 0.43756904218750003 0.4047202859375 0.4176795390625 0.3655628296875 0.4176795390625
2 0.25787982187499997 0.407734790625 0.25787982187499997 0.5146408609375 0.3250068921875 0.5146408609375 0.3250068921875 0.407734790625 0.25787982187499997 0.407734790625
6 0.1485885640625 0.41395025781249994 0.1485885640625 0.5233425171875 0.266060934375 0.5233425171875 0.266060934375 0.41395025781249994 0.1485885640625 0.41395025781249994
2 0 0.5780386484375 0.0548903625 0.5780386484375 0.0548903625 0.4487568875 0 0.4487568875 0 0.5780386484375
2 0.30941383437500003 0.4201657296875 0.30941383437500003 0.5618784296875 0.41849531874999996 0.5618784296875 0.41849531874999996 0.4201657296875 0.30941383437500003 0.4201657296875
2 0.46205798906249995 0.43756904218750003 0.46205798906249995 0.4748618578125 0.474644315625 0.4748618578125 0.474644315625 0.43756904218750003 0.46205798906249995 0.43756904218750003
2 0.435486859375 0.44005522968750005 0.435486859375 0.4922651703125 0.46485495156249995 0.4922651703125 0.46485495156249995 0.44005522968750005 0.435486859375 0.44005522968750005
2 0.47044887500000004 0.43259666562500004 0.47044887500000004 0.499723734375 0.5110048125 0.499723734375 0.5110048125 0.43259666562500004 0.47044887500000004 0.43259666562500004
2 0.50960633125 0.3182320296875 0.50960633125 0.576795553125 0.62847718125 0.576795553125 0.62847718125 0.3182320296875 0.50960633125 0.3182320296875
4 0.6634391984375 0.4599447296875 0.6634391984375 0.48729279375 0.6718300796875 0.48729279375 0.6718300796875 0.4599447296875 0.6634391984375 0.4599447296875
2 0.66934775625 0.39139696874999996 0.66934775625 0.6151538671875 0.87212744375 0.6151538671875 0.87212744375 0.39139696874999996 0.66934775625 0.39139696874999996
6 0.75045963125 0.3168113375 0.75045963125 0.555485359375 0.9574347609375 0.555485359375 0.9574347609375 0.3168113375 0.75045963125 0.3168113375
2 0.984005890625 0.4908444796875 0.984005890625 0.6151538671875 0.9979906968750001 0.6151538671875 0.9979906968750001 0.4908444796875 0.984005890625 0.4908444796875