2 0.6447151828125001 0.30241060625 0.6447151828125001 0.345535590625 0.67213705 0.345535590625 0.67213705 0.30241060625 0.6447151828125001 0.30241060625
2 0.6373323734375 0.30803560625 0.6373323734375 0.3586605875 0.658426115625 0.3586605875 0.658426115625 0.30803560625 0.6373323734375 0.30803560625
2 0.7206526546875 0.30053560625000003 0.7206526546875 0.3249105984375 0.7343635890625 0.3249105984375 0.7343635890625 0.30053560625000003 0.7206526546875 0.30053560625000003
2 0.7280354671875 0.30241060625 0.7280354671875 0.3324105953125 0.7385823359375 0.3324105953125 0.7385823359375 0.30241060625 0.7280354671875 0.30241060625
2 0.733308903125 0.30053560625000003 0.733308903125 0.3436605921875 0.748074521875 0.3436605921875 0.748074521875 0.30053560625000003 0.733308903125 0.30053560625000003
2 0.7449104609375 0.2949106078125 0.7449104609375 0.3511605890625 0.75756670625 0.3511605890625 0.75756670625 0.2949106078125 0.7449104609375 0.2949106078125
2 0.7501838953125 0.293035609375 0.7501838953125 0.366160584375 0.79448075625 0.366160584375 0.79448075625 0.293035609375 0.7501838953125 0.293035609375
2 0.7037776625000001 0.30241060625 0.7037776625000001 0.3230355984375 0.71537921875 0.3230355984375 0.71537921875 0.30241060625 0.7037776625000001 0.30241060625
1 0.714324534375 0.2967856078125 0.714324534375 0.3211606 0.72381671875 0.3211606 0.72381671875 0.2967856078125 0.714324534375 0.2967856078125
2 0.60571850625 0.31283192031249996 0.60571850625 0.37026220468750004 0.646016853125 0.37026220468750004 0.646016853125 0.31283192031249996 0.60571850625 0.31283192031249996
2 0.6913684 0.307206921875 0.6913684 0.3334569140625 0.7124621421875 0.3334569140625 0.7124621421875 0.307206921875 0.6913684 0.307206921875
2 0.7630871265625 0.3034569265625 0.7630871265625 0.39345689375 0.846407409375 0.39345689375 0.846407409375 0.3034569265625 0.7630871265625 0.3034569265625
2 0.4751575375 0.32408191875000003 0.4751575375 0.46470686875 0.5890637484375 0.46470686875 0.5890637484375 0.32408191875000003 0.4751575375 0.32408191875000003
1 0.6686716406250001 0.2970534640625 0.6686716406250001 0.32892845625 0.6908200718749999 0.32892845625 0.6908200718749999 0.2970534640625 0.6686716406250001 0.2970534640625
2 0.48169106875 0.3036982125 0.48169106875 0.320339209375 0.5074326109375 0.320339209375 0.5074326109375 0.3036982125 0.48169106875 0.3036982125
4 0.3319220859375 0.34322058125 0.3319220859375 0.376502578125 0.34830306875 0.376502578125 0.34830306875 0.34322058125 0.3319220859375 0.34322058125