2 0.4054639921875 0.503092865625 0.4054639921875 0.5567011187500001 0.43445884062499995 0.5567011187500001 0.43445884062499995 0.503092865625 0.4054639921875 0.503092865625
2 0.462293896875 0.5051547249999999 0.462293896875 0.55876298125 0.4820103953125 0.55876298125 0.4820103953125 0.5051547249999999 0.462293896875 0.5051547249999999
2 0.46693307500000003 0.511340290625 0.46693307500000003 0.5711341171875 0.48896916093750004 0.5711341171875 0.48896916093750004 0.511340290625 0.46693307500000003 0.511340290625
2 0.4750516328125 0.501031009375 0.4750516328125 0.5938145296874999 0.515644421875 0.5938145296874999 0.515644421875 0.501031009375 0.4750516328125 0.501031009375
2 0.49824751093749997 0.49072173125 0.49824751093749997 0.62474236875 0.5643557703125001 0.62474236875 0.5643557703125001 0.49072173125 0.49824751093749997 0.49072173125
2 0.1707216734375 0.48247430781249995 0.1707216734375 0.7072166125 0.3203351015625 0.7072166125 0.3203351015625 0.48247430781249995 0.1707216734375 0.48247430781249995
2 0.5191238031250001 0.5051547249999999 0.5191238031250001 0.6776633390625 0.62280938125 0.6776633390625 0.62280938125 0.5051547249999999 0.5191238031250001 0.5051547249999999
2 0.3769330515625 0.511340290625 0.3769330515625 0.5711341171875 0.416366046875 0.5711341171875 0.416366046875 0.511340290625 0.3769330515625 0.511340290625
2 0.554381534375 0.485910728125 0.554381534375 0.8570448078125 0.8153351843750001 0.8570448078125 0.8153351843750001 0.485910728125 0.554381534375 0.485910728125
2 0 0.92096234375 0.22731962499999997 0.92096234375 0.22731962499999997 0.32096224375000004 0 0.32096224375000004 0 0.92096234375
2 0.7190722828125 0.49003443906250005 0.7190722828125 0.9972510171875 0.9974228453125 0.9972510171875 0.9974228453125 0.49003443906250005 0.7190722828125 0.49003443906250005