2 0.24012251093749998 0.4785934140625 0.24012251093749998 0.5114058921875 0.257261171875 0.5114058921875 0.257261171875 0.4785934140625 0.24012251093749998 0.4785934140625
2 0.2216654921875 0.48093716249999996 0.2216654921875 0.5559371109375 0.2559428140625 0.5559371109375 0.2559428140625 0.48093716249999996 0.2216654921875 0.48093716249999996
2 0.2018901171875 0.46921842031249994 0.2018901171875 0.586405840625 0.25066938125 0.586405840625 0.25066938125 0.46921842031249994 0.2018901171875 0.46921842031249994
2 0.0964214390625 0.45515593125000003 0.0964214390625 0.5043746453125 0.1452007015625 0.5043746453125 0.1452007015625 0.45515593125000003 0.0964214390625 0.45515593125000003
2 0.11487845625 0.466874671875 0.11487845625 0.630937059375 0.2414408703125 0.630937059375 0.2414408703125 0.466874671875 0.11487845625 0.466874671875
4 0.34427283124999997 0.49968715 0.34427283124999997 0.52546838125 0.357456415625 0.52546838125 0.357456415625 0.49968715 0.34427283124999997 0.49968715
4 0.3587747734375 0.4926559046875 0.3587747734375 0.52312463125 0.38118686875 0.52312463125 0.38118686875 0.4926559046875 0.3587747734375 0.4926559046875
4 0.8202002374999999 0.48427427187500005 0.8202002374999999 0.752811975 0.8861181609375001 0.752811975 0.8861181609375001 0.48427427187500005 0.8202002374999999 0.48427427187500005
4 0.8360205390625 0.49968715 0.8360205390625 0.9778118203125 0.934897425 0.9778118203125 0.934897425 0.49968715 0.8360205390625 0.49968715
4 0.878208009375 0.4926559046875 0.878208009375 0.9989055546875001 0.9994969890625001 0.9989055546875001 0.9994969890625001 0.4926559046875 0.878208009375 0.4926559046875
2 0 0.72703074375 0.1504741375 0.72703074375 0.1504741375 0.459867496875 0 0.459867496875 0 0.72703074375
2 0.2282572859375 0.5193590109375 0.2282572859375 0.9168743625 0.5644386953125 0.9168743625 0.5644386953125 0.5193590109375 0.2282572859375 0.5193590109375