2 0 0.62034630625 0.053504750000000004 0.62034630625 0.053504750000000004 0.47342973125 0 0.47342973125 0 0.62034630625
2 0.20000689062500002 0.44972795625 0.20000689062500002 0.575965834375 0.3328578625 0.575965834375 0.3328578625 0.44972795625 0.20000689062500002 0.44972795625
2 0.4644567234375 0.45299277031249996 0.4644567234375 0.50087514375 0.5045666062499999 0.50087514375 0.5045666062499999 0.45299277031249996 0.4644567234375 0.45299277031249996
2 0.6481024390625 0.44863813906249994 0.6481024390625 0.4910807046875 0.6793222125 0.4910807046875 0.6793222125 0.44863813906249994 0.6481024390625 0.44863813906249994
2 0.7279883265625 0.4274168546875 0.7279883265625 0.5482149265625 0.8289934703125 0.5482149265625 0.8289934703125 0.4274168546875 0.7279883265625 0.4274168546875
4 0.811964503125 0.431720471875 0.811964503125 0.5753722328124999 0.8532847890624999 0.5753722328124999 0.8532847890624999 0.431720471875 0.811964503125 0.431720471875
2 0.3542066765625 0.43299579218749995 0.3542066765625 0.5342049875 0.42031913593750003 0.5342049875 0.42031913593750003 0.43299579218749995 0.3542066765625 0.43299579218749995
2 0.3108203765625 0.45625758125000004 0.3108203765625 0.5460399312499999 0.3750963765625 0.5460399312499999 0.3750963765625 0.45625758125000004 0.3108203765625 0.45625758125000004
2 0.59088009375 0.45625758125000004 0.59088009375 0.47911126875 0.6092446671875 0.47911126875 0.6092446671875 0.45625758125000004 0.59088009375 0.45625758125000004
2 0.5743519796875 0.45625758125000004 0.5743519796875 0.47421404999999994 0.5890436375 0.47421404999999994 0.5890436375 0.45625758125000004 0.5743519796875 0.45625758125000004
2 0.562415009375 0.45788998750000004 0.562415009375 0.47421404999999994 0.5752702078125 0.47421404999999994 0.5752702078125 0.45788998750000004 0.562415009375 0.45788998750000004
2 0.549559809375 0.454625175 0.549559809375 0.4774788640625 0.562415009375 0.4774788640625 0.562415009375 0.454625175 0.549559809375 0.454625175
2 0.538541065625 0.44972795625 0.538541065625 0.47911126875 0.55231449375 0.47911126875 0.55231449375 0.44972795625 0.538541065625 0.44972795625
2 0.532113465625 0.45625758125000004 0.532113465625 0.48400848906249994 0.5458868953125 0.48400848906249994 0.5458868953125 0.45625758125000004 0.532113465625 0.45625758125000004
2 0.52660409375 0.45625758125000004 0.52660409375 0.487273303125 0.538541065625 0.487273303125 0.538541065625 0.45625758125000004 0.52660409375 0.45625758125000004
2 0.52017649375 0.45299277031249996 0.52017649375 0.4889057109375 0.533949921875 0.4889057109375 0.533949921875 0.45299277031249996 0.52017649375 0.45299277031249996
2 0.5119124375 0.454625175 0.5119124375 0.4889057109375 0.52660409375 0.4889057109375 0.52660409375 0.454625175 0.5119124375 0.454625175
2 0.49630254999999995 0.4513603609375 0.49630254999999995 0.4938029265625 0.51742180625 0.4938029265625 0.51742180625 0.4513603609375 0.49630254999999995 0.4513603609375
2 0.6101628953125 0.454625175 0.6101628953125 0.47584645625000005 0.6276092390625 0.47584645625000005 0.6276092390625 0.454625175 0.6101628953125 0.454625175
2 0.6220998671875 0.45788998750000004 0.6220998671875 0.4774788640625 0.637709753125 0.4774788640625 0.637709753125 0.45788998750000004 0.6220998671875 0.45788998750000004
2 0.63220038125 0.45788998750000004 0.63220038125 0.47911126875 0.6432191234375 0.47911126875 0.6432191234375 0.45788998750000004 0.63220038125 0.45788998750000004
2 0.637709753125 0.45299277031249996 0.637709753125 0.4823760828125 0.652401409375 0.4823760828125 0.652401409375 0.45299277031249996 0.637709753125 0.45299277031249996