2 0.496252365625 0.4636160171875 0.496252365625 0.479241015625 0.503283615625 0.479241015625 0.503283615625 0.4636160171875 0.496252365625 0.4636160171875
2 0.4681273703125 0.4636160171875 0.4681273703125 0.4995535140625 0.4742797125 0.4995535140625 0.4742797125 0.4636160171875 0.4681273703125 0.4636160171875
2 0.4558226828125 0.46205351562499997 0.4558226828125 0.505803509375 0.4707640875 0.505803509375 0.4707640875 0.46205351562499997 0.4558226828125 0.46205351562499997
2 0.41363518906249996 0.465178515625 0.41363518906249996 0.522991009375 0.4672484640625 0.522991009375 0.4672484640625 0.465178515625 0.41363518906249996 0.465178515625
5 0.47340080625000003 0.43504457968750004 0.47340080625000003 0.547544565625 0.496252365625 0.547544565625 0.496252365625 0.43504457968750004 0.47340080625000003 0.43504457968750004
3 0.4751586203125 0.49441957187499996 0.4751586203125 0.5569195671875 0.49361565 0.5569195671875 0.49361565 0.49441957187499996 0.4751586203125 0.49441957187499996
2 0.5410765796875 0.46629457656250006 0.5410765796875 0.48504457187499994 0.5489867359375 0.48504457187499994 0.5489867359375 0.46629457656250006 0.5410765796875 0.46629457656250006
2 0.5463500156250001 0.46629457656250006 0.5463500156250001 0.49441957187499996 0.5577757953125 0.49441957187499996 0.5577757953125 0.46629457656250006 0.5463500156250001 0.46629457656250006
2 0.502404709375 0.45379457968750003 0.502404709375 0.53035706875 0.5472289234375001 0.53035706875 0.5472289234375001 0.45379457968750003 0.502404709375 0.45379457968750003
1 0.556896890625 0.42098208281250005 0.556896890625 0.47410707187499995 0.5982054781249999 0.47410707187499995 0.5982054781249999 0.42098208281250005 0.556896890625 0.42098208281250005
2 0.556017984375 0.4709820734375 0.556017984375 0.5178570703125 0.5938109468749999 0.5178570703125 0.5938109468749999 0.4709820734375 0.556017984375 0.4709820734375
6 0.6026000078125 0.4022320828125 0.6026000078125 0.472544571875 0.688732809375 0.472544571875 0.688732809375 0.4022320828125 0.6026000078125 0.4022320828125
2 0.5894164187500001 0.45223207812500005 0.5894164187500001 0.578794559375 0.689611715625 0.578794559375 0.689611715625 0.45223207812500005 0.5894164187500001 0.45223207812500005
4 0 0.55854485 0.0116654875 0.55854485 0.0116654875 0.375732375 0 0.375732375 0 0.55854485