2 0.30731372343749996 0.429403284375 0.30731372343749996 0.44504639218750003 0.31435312187500003 0.44504639218750003 0.31435312187500003 0.429403284375 0.30731372343749996 0.429403284375
2 0.2993944 0.43253190625000004 0.2993944 0.446610703125 0.30907357343749997 0.446610703125 0.30907357343749997 0.43253190625000004 0.2993944 0.43253190625000004
2 0.290595153125 0.429403284375 0.290595153125 0.44348208125 0.30115425 0.44348208125 0.30115425 0.429403284375 0.290595153125 0.429403284375
2 0.2835557546875 0.4262746609375 0.2835557546875 0.44191776875000005 0.2958747015625 0.44191776875000005 0.2958747015625 0.4262746609375 0.2835557546875 0.4262746609375
2 0.27739628125000004 0.43096759375 0.27739628125000004 0.4434820796875 0.28619552656249997 0.4434820796875 0.28619552656249997 0.43096759375 0.27739628125000004 0.43096759375
2 0.26683718437500004 0.4278389734375 0.26683718437500004 0.44504639218750003 0.2782762046875 0.44504639218750003 0.2782762046875 0.4278389734375 0.26683718437500004 0.4278389734375
2 0.2246007953125 0.418453109375 0.2246007953125 0.43878915 0.2351598921875 0.43878915 0.2351598921875 0.418453109375 0.2246007953125 0.418453109375
2 0.1806045578125 0.418453109375 0.1806045578125 0.43878915 0.1964432046875 0.43878915 0.1964432046875 0.418453109375 0.1806045578125 0.418453109375
2 0.1806045578125 0.43566052656250004 0.1806045578125 0.45130363124999995 0.1938034296875 0.45130363124999995 0.1938034296875 0.43566052656250004 0.1806045578125 0.43566052656250004
2 0.082052984375 0.40906724531250005 0.082052984375 0.4325319078125 0.1058109515625 0.4325319078125 0.1058109515625 0.40906724531250005 0.082052984375 0.40906724531250005
2 0.2377996671875 0.45286794375 0.2377996671875 0.47476829374999996 0.2553981625 0.47476829374999996 0.2553981625 0.45286794375 0.2377996671875 0.45286794375
2 0.2272405703125 0.45599656718750003 0.2272405703125 0.48884709062500004 0.25627808750000003 0.48884709062500004 0.25627808750000003 0.45599656718750003 0.2272405703125 0.45599656718750003
2 0.30819364843749997 0.43566052656250004 0.30819364843749997 0.493540021875 0.3416307890625 0.493540021875 0.3416307890625 0.43566052656250004 0.30819364843749997 0.43566052656250004
2 0.243959140625 0.44504639218750003 0.243959140625 0.5373407203125 0.302034175 0.5373407203125 0.302034175 0.44504639218750003 0.243959140625 0.44504639218750003
2 0.0732537375 0.32615877968749996 0.0732537375 0.3464948140625 0.131328771875 0.3464948140625 0.131328771875 0.32615877968749996 0.0732537375 0.32615877968749996
2 0.42082401875000003 0.38247396562499997 0.42082401875000003 0.3965527609375 0.44282213593749997 0.3965527609375 0.44282213593749997 0.38247396562499997 0.42082401875000003 0.38247396562499997
4 0.78559681875 0.5005794203125 0.78559681875 0.6038239265625001 0.815514259375 0.6038239265625001 0.815514259375 0.5005794203125 0.78559681875 0.5005794203125
4 0.7547994499999999 0.499015109375 0.7547994499999999 0.5850521984375 0.78207711875 0.5850521984375 0.78207711875 0.499015109375 0.7547994499999999 0.499015109375
1 0.7609589234375 0.42705681875 0.7609589234375 0.4552144125 0.8278332078125 0.4552144125 0.8278332078125 0.42705681875 0.7609589234375 0.42705681875