2 0.6479223984375 0.4687677359375 0.6479223984375 0.4939826265625 0.6633951703125 0.4939826265625 0.6633951703125 0.4687677359375 0.6479223984375 0.4687677359375
2 0.629870828125 0.4641832109375 0.629870828125 0.4916903640625 0.6414754078125 0.4916903640625 0.6414754078125 0.4641832109375 0.629870828125 0.4641832109375
2 0.61826625 0.4687677359375 0.61826625 0.4916903640625 0.632449625 0.4916903640625 0.632449625 0.4687677359375 0.61826625 0.4687677359375
2 0.5886101 0.47105999687500005 0.5886101 0.5191975156249999 0.62213444375 0.5191975156249999 0.62213444375 0.47105999687500005 0.5886101 0.47105999687500005
2 0.5666903375000001 0.47105999687500005 0.5666903375000001 0.503151678125 0.5873207015624999 0.503151678125 0.5873207015624999 0.47105999687500005 0.5666903375000001 0.47105999687500005
2 0.5357447890625 0.4687677359375 0.5357447890625 0.503151678125 0.5641115390625 0.503151678125 0.5641115390625 0.4687677359375 0.5357447890625 0.4687677359375
2 0.5228508109375001 0.47105999687500005 0.5228508109375001 0.507736203125 0.546059971875 0.507736203125 0.546059971875 0.47105999687500005 0.5228508109375001 0.47105999687500005
2 0.4983522546875 0.47105999687500005 0.4983522546875 0.5191975156249999 0.5228508093750001 0.5191975156249999 0.5228508093750001 0.47105999687500005 0.4983522546875 0.47105999687500005
2 0.482879478125 0.4664754734375 0.482879478125 0.5214897781250001 0.5060886390625 0.5214897781250001 0.5060886390625 0.4664754734375 0.482879478125 0.4664754734375
2 0.44161874843750004 0.45953381093749995 0.44161874843750004 0.52378204375 0.49061586718749994 0.52378204375 0.49061586718749994 0.45953381093749995 0.44161874843750004 0.45953381093749995
2 0.409383803125 0.4808897390625 0.409383803125 0.53885583125 0.46215754843749995 0.53885583125 0.46215754843749995 0.4808897390625 0.409383803125 0.4808897390625
2 0.31332366718750004 0.4888250375 0.31332366718750004 0.516332190625 0.3339540328125 0.516332190625 0.3339540328125 0.4888250375 0.31332366718750004 0.4888250375
2 0.85026575625 0.46500187187500003 0.85026575625 0.53606201875 0.9147356468750001 0.53606201875 0.9147356468750001 0.46500187187500003 0.85026575625 0.46500187187500003
2 0.6736187890625 0.464111578125 0.6736187890625 0.5053723078125001 0.6981173453125 0.5053723078125001 0.6981173453125 0.464111578125 0.6736187890625 0.464111578125
2 0.0005531328125 0.52512701875 0.0005531328125 0.567838875 0.0171610140625 0.567838875 0.0171610140625 0.52512701875 0.0005531328125 0.52512701875
2 0.3698198453125 0.48699143281249996 0.3698198453125 0.5113982078125 0.380116453125 0.5113982078125 0.380116453125 0.48699143281249996 0.3698198453125 0.48699143281249996
2 0.285730878125 0.49309312656250004 0.285730878125 0.5144490562499999 0.294311384375 0.5144490562499999 0.294311384375 0.49309312656250004 0.285730878125 0.49309312656250004