2 0.35334086875000004 0.224002875 0.35334086875000004 0.53524163125 0.570430684375 0.53524163125 0.570430684375 0.224002875 0.35334086875000004 0.224002875
2 0.2592979109375 0.24305416875 0.2592979109375 0.35242915625000004 0.34103618281250003 0.35242915625000004 0.34103618281250003 0.24305416875 0.2592979109375 0.24305416875
2 0.0000206 0.2618041671875 0.0000206 0.5993041234375001 0.1002159 0.5993041234375001 0.1002159 0.2618041671875 0.0000206 0.2618041671875
2 0.878047834375 0.319616659375 0.878047834375 0.568054125 0.9967001640625 0.568054125 0.9967001640625 0.319616659375 0.878047834375 0.319616659375
2 0.36650385937499996 0.281640590625 0.36650385937499996 0.30195308593750003 0.3814452640625 0.30195308593750003 0.3814452640625 0.281640590625 0.36650385937499996 0.281640590625
2 0.333105428125 0.26914059218749997 0.333105428125 0.3191405859375 0.3656249546875 0.3191405859375 0.3656249546875 0.26914059218749997 0.333105428125 0.26914059218749997
2 0.5304198546875 0.276953090625 0.5304198546875 0.3019530875 0.548876884375 0.3019530875 0.548876884375 0.276953090625 0.5304198546875 0.276953090625
2 0.5409667296875 0.2707030921875 0.5409667296875 0.36757808125 0.614794846875 0.36757808125 0.614794846875 0.2707030921875 0.5409667296875 0.2707030921875
2 0.6261578609375 0.2808035375 0.6261578609375 0.42070306874999996 0.7459715874999999 0.42070306874999996 0.7459715874999999 0.2808035375 0.6261578609375 0.2808035375
2 0.7053221765625 0.24765621875 0.7053221765625 0.4914061890625 0.96723620625 0.4914061890625 0.96723620625 0.24765621875 0.7053221765625 0.24765621875
2 0.2419189140625 0.2707030921875 0.2419189140625 0.30039059218749997 0.2630126625 0.30039059218749997 0.2630126625 0.2707030921875 0.2419189140625 0.2707030921875
2 0.22082516718749998 0.2644530921875 0.22082516718749998 0.2878905921875 0.2419189125 0.2878905921875 0.2419189125 0.2644530921875 0.22082516718749998 0.2644530921875
2 0.190063453125 0.25976559374999997 0.190063453125 0.284765584375 0.2190673546875 0.284765584375 0.2190673546875 0.25976559374999997 0.190063453125 0.25976559374999997
2 0.1469970515625 0.26132809218749997 0.1469970515625 0.283203090625 0.1795165796875 0.283203090625 0.1795165796875 0.26132809218749997 0.1469970515625 0.26132809218749997
1 0.1687499796875 0.25208329375 0.1687499796875 0.2677082921875 0.1951171640625 0.2677082921875 0.1951171640625 0.25208329375 0.1687499796875 0.25208329375
1 0.126562484375 0.24583329375 0.126562484375 0.25989579375 0.1599609171875 0.25989579375 0.1599609171875 0.24583329375 0.126562484375 0.24583329375