2 0.000804625 0.46311256562500003 0.000804625 0.67768209375 0.12250577968750001 0.67768209375 0.12250577968750001 0.46311256562500003 0.000804625 0.46311256562500003
2 0.6404900296875 0.5131787890624999 0.6404900296875 0.90119201875 0.9985529312500001 0.90119201875 0.9985529312500001 0.5131787890624999 0.6404900296875 0.5131787890624999
2 0.11948839375 0.5310595828125 0.11948839375 0.64728474375 0.1768186890625 0.64728474375 0.1768186890625 0.5310595828125 0.11948839375 0.5310595828125
2 0.1727955109375 0.5489403765625 0.1727955109375 0.63119203125 0.23113160000000002 0.63119203125 0.23113160000000002 0.5489403765625 0.1727955109375 0.5489403765625
2 0.22006786093750003 0.5596688546874999 0.22006786093750003 0.627615871875 0.24823011093749997 0.627615871875 0.24823011093749997 0.5596688546874999 0.22006786093750003 0.5596688546874999
2 0.2381721640625 0.5560926953124999 0.2381721640625 0.6186754734375 0.280415540625 0.6186754734375 0.280415540625 0.5560926953124999 0.2381721640625 0.5560926953124999
2 0.274380771875 0.557880775 0.274380771875 0.6133112359374999 0.293490871875 0.6133112359374999 0.293490871875 0.557880775 0.274380771875 0.557880775
2 0.28645030781249997 0.5686092484375 0.28645030781249997 0.615099315625 0.308577790625 0.615099315625 0.308577790625 0.5686092484375 0.28645030781249997 0.5686092484375
2 0.3005314328125 0.5632450125 0.3005314328125 0.60615891875 0.3256763 0.60615891875 0.3256763 0.5632450125 0.3005314328125 0.5632450125
2 0.32366471093750004 0.570397328125 0.32366471093750004 0.6025827593749999 0.3417690140625 0.6025827593749999 0.3417690140625 0.570397328125 0.32366471093750004 0.570397328125
2 0.3407632203125 0.5739734890625 0.3407632203125 0.5990065984374999 0.3578617296875 0.5990065984374999 0.3578617296875 0.5739734890625 0.3407632203125 0.5739734890625
2 0.5338757968750001 0.5954304406250001 0.5338757968750001 0.7331125546874999 0.658594334375 0.7331125546874999 0.658594334375 0.5954304406250001 0.5338757968750001 0.5954304406250001
2 0.505713546875 0.58649004375 0.505713546875 0.6955628875000001 0.5570090734375001 0.6955628875000001 0.5570090734375001 0.58649004375 0.505713546875 0.58649004375
2 0.49263821406249997 0.6043708390625 0.49263821406249997 0.67768209375 0.5197946703125 0.67768209375 0.5197946703125 0.6043708390625 0.49263821406249997 0.6043708390625
2 0.473528115625 0.58112580625 0.473528115625 0.6633774578125 0.5157714906249999 0.6633774578125 0.5157714906249999 0.58112580625 0.473528115625 0.58112580625
2 0.451400634375 0.577549646875 0.451400634375 0.6490728234375001 0.48358606249999997 0.6490728234375001 0.48358606249999997 0.577549646875 0.451400634375 0.577549646875
2 0.4272615609375 0.5757615687500001 0.4272615609375 0.6294039515625001 0.45844119531249994 0.6294039515625001 0.45844119531249994 0.5757615687500001 0.4272615609375 0.5757615687500001
2 0.411168846875 0.5793377265624999 0.411168846875 0.615099315625 0.43229053281249996 0.615099315625 0.43229053281249996 0.5793377265624999 0.411168846875 0.5793377265624999
2 0.398093515625 0.58112580625 0.398093515625 0.6097350765625 0.42122679375 0.6097350765625 0.42122679375 0.58112580625 0.398093515625 0.58112580625