2 0.466660990625 0.46596780156250006 0.466660990625 0.483387159375 0.47890897812500005 0.483387159375 0.47890897812500005 0.46596780156250006 0.466660990625 0.46596780156250006
2 0.437265828125 0.4768549015625 0.437265828125 0.50516135625 0.46666099218749996 0.50516135625 0.46666099218749996 0.4768549015625 0.437265828125 0.4768549015625
2 0.4213434453125 0.47903231875 0.4213434453125 0.5051613546875 0.43359143125 0.5051613546875 0.43359143125 0.47903231875 0.4213434453125 0.47903231875
2 0.410320259375 0.47467748125 0.410320259375 0.50951619375 0.4201186453125 0.50951619375 0.4201186453125 0.47467748125 0.410320259375 0.47467748125
2 0.39194828125000003 0.4768549015625 0.39194828125000003 0.50951619375 0.41276985625 0.50951619375 0.41276985625 0.4768549015625 0.39194828125000003 0.4768549015625
2 0.377250696875 0.47467748125 0.377250696875 0.5182258734375 0.3956226734375 0.5182258734375 0.3956226734375 0.47467748125 0.377250696875 0.47467748125
2 0.356429125 0.47903231875 0.356429125 0.52040329375 0.3784754984375 0.52040329375 0.3784754984375 0.47903231875 0.356429125 0.47903231875
2 0.32825875625 0.47467748125 0.32825875625 0.53129039375 0.356429125 0.53129039375 0.356429125 0.47467748125 0.32825875625 0.47467748125
2 0.3000883890625 0.4725000625 0.3000883890625 0.5443549078125 0.33315795000000004 0.5443549078125 0.33315795000000004 0.4725000625 0.3000883890625 0.4725000625
2 0.236398865625 0.45290328593750007 0.236398865625 0.56177426875 0.3062123796875 0.56177426875 0.3062123796875 0.45290328593750007 0.236398865625 0.45290328593750007
6 0.06492706718749999 0.4115323109375 0.06492706718749999 0.5966129812500001 0.2437476546875 0.5966129812500001 0.2437476546875 0.4115323109375 0.06492706718749999 0.4115323109375
6 0 0.6445162125 0.0845238453125 0.6445162125 0.0845238453125 0.391935534375 0 0.391935534375 0 0.6445162125
2 0.4862577671875 0.46596780156250006 0.4862577671875 0.4877419984375 0.50095535 0.4877419984375 0.50095535 0.46596780156250006 0.4862577671875 0.46596780156250006
2 0.4948313578125 0.46814522187499996 0.4948313578125 0.5008065171875 0.5168777296875 0.5008065171875 0.5168777296875 0.46814522187499996 0.4948313578125 0.46814522187499996
2 0.50095535 0.46596780156250006 0.50095535 0.52040329375 0.535249709375 0.52040329375 0.535249709375 0.46596780156250006 0.50095535 0.46596780156250006
2 0.530350515625 0.45290328593750007 0.530350515625 0.5639516875 0.6075128234375 0.5639516875 0.6075128234375 0.45290328593750007 0.530350515625 0.45290328593750007