2 0.5411390218750001 0.467510359375 0.5411390218750001 0.4860757546875 0.5506326890625 0.4860757546875 0.5506326890625 0.467510359375 0.5411390218750001 0.467510359375
2 0.5487339546875 0.4528830703125 0.5487339546875 0.49676490937500006 0.561075721875 0.49676490937500006 0.561075721875 0.4528830703125 0.5487339546875 0.4528830703125
2 0.5553795218750001 0.44613201875 0.5553795218750001 0.4798872796875 0.5943035562500001 0.4798872796875 0.5943035562500001 0.44613201875 0.5553795218750001 0.44613201875
2 0.4993668875 0.4596341265625 0.4993668875 0.48495056875 0.5098099203124999 0.48495056875 0.5098099203124999 0.4596341265625 0.4993668875 0.4596341265625
2 0.49177195312500005 0.4596341265625 0.49177195312500005 0.486638334375 0.5031643531250001 0.486638334375 0.5031643531250001 0.4596341265625 0.49177195312500005 0.4596341265625
2 0.477531453125 0.457946359375 0.477531453125 0.49338938125 0.49177195312500005 0.49338938125 0.49177195312500005 0.457946359375 0.477531453125 0.457946359375
2 0.468037784375 0.4646974109375 0.468037784375 0.49001385624999994 0.47563272031250003 0.49001385624999994 0.47563272031250003 0.4646974109375 0.468037784375 0.4646974109375
2 0.459493484375 0.45625859531249996 0.459493484375 0.49170161874999996 0.470885884375 0.49170161874999996 0.470885884375 0.45625859531249996 0.459493484375 0.45625859531249996
2 0.44620234999999997 0.4596341265625 0.44620234999999997 0.5001404390624999 0.4632909515625 0.5001404390624999 0.4632909515625 0.4596341265625 0.44620234999999997 0.4596341265625
2 0.4310124828125 0.4613218875 0.4310124828125 0.510267015625 0.4490504515625 0.510267015625 0.4490504515625 0.4613218875 0.4310124828125 0.4613218875
2 0.41392388281250003 0.4528830703125 0.41392388281250003 0.5170180640625001 0.4386074171875 0.5170180640625001 0.4386074171875 0.4528830703125 0.41392388281250003 0.4528830703125
2 0.393037815625 0.45625859531249996 0.393037815625 0.52714464375 0.41677198125 0.52714464375 0.41677198125 0.45625859531249996 0.393037815625 0.45625859531249996
2 0.36265808125 0.45457083281250005 0.36265808125 0.5423345109375 0.40063275000000004 0.5423345109375 0.40063275000000004 0.45457083281250005 0.36265808125 0.45457083281250005
2 0.5601263546874999 0.466385175 0.5601263546874999 0.5170180671875 0.59999975625 0.5170180671875 0.59999975625 0.466385175 0.5601263546874999 0.466385175
2 0.2734176109375 0.4371306265625 0.2734176109375 0.5569618015625 0.3702530140625 0.5569618015625 0.3702530140625 0.4371306265625 0.2734176109375 0.4371306265625
2 0.6262845296874999 0.4529605296875 0.6262845296874999 0.51513158125 0.6862351890625 0.51513158125 0.6862351890625 0.4529605296875 0.6262845296874999 0.4529605296875