2 0.3941992328125 0.4745121890625 0.3941992328125 0.4915086046875 0.4092228515625 0.4915086046875 0.4092228515625 0.4745121890625 0.3941992328125 0.4745121890625
2 0.366883565625 0.4720841296875 0.366883565625 0.5352136765625 0.405125503125 0.5352136765625 0.405125503125 0.4720841296875 0.366883565625 0.4720841296875
2 0.294497040625 0.46237189062499995 0.294497040625 0.5060769609375 0.32044692656249996 0.5060769609375 0.32044692656249996 0.46237189062499995 0.294497040625 0.46237189062499995
2 0.2494261859375 0.4720841296875 0.2494261859375 0.52064531875 0.29039969062500004 0.52064531875 0.29039969062500004 0.4720841296875 0.2494261859375 0.4720841296875
2 0.0896295203125 0.45994383125000005 0.0896295203125 0.493936665625 0.1401635078125 0.493936665625 0.1401635078125 0.45994383125000005 0.0896295203125 0.45994383125000005
2 0.034998181249999996 0.452659653125 0.034998181249999996 0.4939366625 0.0814348203125 0.4939366625 0.0814348203125 0.452659653125 0.034998181249999996 0.452659653125
2 0.062313850000000004 0.4745121890625 0.062313850000000004 0.513361140625 0.1169451890625 0.513361140625 0.1169451890625 0.4745121890625 0.062313850000000004 0.4745121890625
2 0.690574246875 0.4939366625 0.690574246875 0.532785615625 0.7247188343750001 0.532785615625 0.7247188343750001 0.4939366625 0.690574246875 0.4939366625
2 0.6700874953125 0.4939366625 0.6700874953125 0.53035755625 0.690574246875 0.53035755625 0.690574246875 0.4939366625 0.6700874953125 0.4939366625
2 0.6523323109375 0.50122084375 0.6523323109375 0.5230733812499999 0.6687217125 0.5230733812499999 0.6687217125 0.50122084375 0.6523323109375 0.50122084375
2 0.5881404890625 0.45508771093749995 0.5881404890625 0.5570662093750001 0.6496007453125 0.5570662093750001 0.6496007453125 0.45508771093749995 0.5881404890625 0.45508771093749995
2 0.4078570703125 0.44051935625 0.4078570703125 0.56192233125 0.4583910578125 0.56192233125 0.4583910578125 0.44051935625 0.4078570703125 0.44051935625
2 0.1524555578125 0.43080711718750003 0.1524555578125 0.45508771406250004 0.2193789484375 0.45508771406250004 0.2193789484375 0.43080711718750003 0.1524555578125 0.43080711718750003
2 0.130603025 0.4356632359375 0.130603025 0.4696560703125 0.1592844765625 0.4696560703125 0.1592844765625 0.4356632359375 0.130603025 0.4356632359375
2 0.10055578750000001 0.42595099999999997 0.10055578750000001 0.46237189062499995 0.12787145625000002 0.46237189062499995 0.12787145625000002 0.42595099999999997 0.10055578750000001 0.42595099999999997
2 0.2193789484375 0.44294741562500006 0.2193789484375 0.4745121890625 0.2617182375 0.4745121890625 0.2617182375 0.44294741562500006 0.2193789484375 0.44294741562500006
2 0.1879659296875 0.45508771093749995 0.1879659296875 0.5182172578124999 0.267181371875 0.5182172578124999 0.267181371875 0.45508771093749995 0.1879659296875 0.45508771093749995
2 0 0.5667784499999999 0.08962951875 0.5667784499999999 0.08962951875 0.452659653125 0 0.452659653125 0 0.5667784499999999
2 0.11421362187499999 0.45994383125000005 0.11421362187499999 0.5400697953125 0.2480604015625 0.5400697953125 0.2480604015625 0.45994383125000005 0.11421362187499999 0.45994383125000005
2 0.299960175 0.44051935625 0.299960175 0.56192233125 0.3750782640625 0.56192233125 0.3750782640625 0.44051935625 0.299960175 0.44051935625
2 0.43380695625000004 0.4356632359375 0.43380695625000004 0.67361306875 0.5949694046875 0.67361306875 0.5949694046875 0.4356632359375 0.43380695625000004 0.4356632359375
2 0.7206214859375 0.3943862234375 0.7206214859375 0.66390083125 0.9992413140625 0.66390083125 0.9992413140625 0.3943862234375 0.7206214859375 0.3943862234375