2 0.0122920515625 0.4783277234375 0.0122920515625 0.4928960796875 0.0232183203125 0.4928960796875 0.0232183203125 0.4783277234375 0.0122920515625 0.4783277234375
2 0.0232183171875 0.47347160468749994 0.0232183171875 0.4928960796875 0.0355103703125 0.4928960796875 0.0355103703125 0.47347160468749994 0.0232183171875 0.47347160468749994
2 0.0355103703125 0.47104354375 0.0355103703125 0.49046801875 0.0464366375 0.49046801875 0.0464366375 0.47104354375 0.0355103703125 0.47104354375
2 0.0464366375 0.47104354375 0.0464366375 0.4928960796875 0.061460257812499995 0.4928960796875 0.061460257812499995 0.47104354375 0.0464366375 0.47104354375
2 0.062826040625 0.463759365625 0.062826040625 0.49775219687499994 0.09560484218750001 0.49775219687499994 0.09560484218750001 0.463759365625 0.062826040625 0.463759365625
2 0.28681452812499997 0.444334890625 0.28681452812499997 0.49775219687499994 0.3223249 0.49775219687499994 0.3223249 0.444334890625 0.28681452812499997 0.444334890625
2 0.3086670640625 0.43462265312500004 0.3086670640625 0.5705939843750001 0.4165639578125 0.5705939843750001 0.4165639578125 0.43462265312500004 0.3086670640625 0.43462265312500004
2 0.37285888749999996 0.45647518593749997 0.37285888749999996 0.6167271140625 0.5408502546875 0.6167271140625 0.5408502546875 0.45647518593749997 0.37285888749999996 0.45647518593749997
2 0.501788840625 0.46861548593749996 0.501788840625 0.7381300890625 0.8364057890625001 0.7381300890625 0.8364057890625001 0.46861548593749996 0.501788840625 0.46861548593749996
2 0.7544587921875 0.39917298125 0.7544587921875 0.879928759375 0.9975682484374999 0.879928759375 0.9975682484374999 0.39917298125 0.7544587921875 0.39917298125
2 0.16935715 0.44190682968750006 0.16935715 0.6337235328124999 0.316861765625 0.6337235328124999 0.316861765625 0.44190682968750006 0.16935715 0.44190682968750006
4 0.130295746875 0.458903246875 0.130295746875 0.5001802578125 0.138490446875 0.5001802578125 0.138490446875 0.458903246875 0.130295746875 0.458903246875
4 0.13794413125 0.463759365625 0.13794413125 0.4928960796875 0.1447730484375 0.4928960796875 0.1447730484375 0.463759365625 0.13794413125 0.463759365625
4 0.14204148125 0.46861548593749996 0.14204148125 0.49046802031250003 0.148870396875 0.49046802031250003 0.148870396875 0.46861548593749996 0.14204148125 0.46861548593749996
2 0.094239059375 0.4758996640625 0.094239059375 0.4953241390625 0.1092626796875 0.4953241390625 0.1092626796875 0.4758996640625 0.094239059375 0.4758996640625