2 0.3772317921875 0.5512496125 0.3772317921875 0.57703084375 0.39041537656249997 0.57703084375 0.39041537656249997 0.5512496125 0.3772317921875 0.5512496125
2 0.365366565625 0.548905865625 0.365366565625 0.58171834375 0.382505225 0.58171834375 0.382505225 0.548905865625 0.365366565625 0.548905865625
2 0.357456415625 0.541874621875 0.357456415625 0.593437084375 0.374595075 0.593437084375 0.374595075 0.541874621875 0.357456415625 0.541874621875
2 0.3284525296875 0.54421836875 0.3284525296875 0.602812078125 0.361411490625 0.602812078125 0.361411490625 0.54421836875 0.3284525296875 0.54421836875
2 0.4352395640625 0.539530871875 0.4352395640625 0.5864058421875 0.451059865625 0.5864058421875 0.451059865625 0.539530871875 0.4352395640625 0.539530871875
2 0.47083524375 0.5278121312499999 0.47083524375 0.6145308203125001 0.5011574875 0.6145308203125001 0.5011574875 0.5278121312499999 0.47083524375 0.5278121312499999
2 0.487973903125 0.5114058921875 0.487973903125 0.6332808062499999 0.561801978125 0.6332808062499999 0.561801978125 0.5114058921875 0.487973903125 0.5114058921875
2 0.5235695828125 0.5278121312499999 0.5235695828125 0.6567182921875 0.5921242234374999 0.6567182921875 0.5921242234374999 0.5278121312499999 0.5235695828125 0.5278121312499999
2 0.5631203359375 0.45046843281250004 0.5631203359375 0.70593700625 0.7463721624999999 0.70593700625 0.7463721624999999 0.45046843281250004 0.5631203359375 0.45046843281250004
2 0.246714303125 0.5278121312499999 0.246714303125 0.640312053125 0.31922401875 0.640312053125 0.31922401875 0.5278121312499999 0.246714303125 0.5278121312499999
2 0.23484907812500003 0.539530871875 0.23484907812500003 0.6684370328125 0.30208535937500003 0.6684370328125 0.30208535937500003 0.539530871875 0.23484907812500003 0.539530871875
2 0.0779644203125 0.494999653125 0.0779644203125 0.71765575 0.2638529640625 0.71765575 0.2638529640625 0.494999653125 0.0779644203125 0.494999653125
6 0.44578643281249997 0.4973434015625 0.44578643281249997 0.605155828125 0.49720241249999997 0.605155828125 0.49720241249999997 0.4973434015625 0.44578643281249997 0.4973434015625
2 0.0001812703125 0.5301558796875 0.0001812703125 0.858280653125 0.1491557765625 0.858280653125 0.1491557765625 0.5301558796875 0.0001812703125 0.5301558796875
2 0.651450353125 0.48796840625 0.651450353125 0.8114056859375 0.9994969890625001 0.8114056859375 0.9994969890625001 0.48796840625 0.651450353125 0.48796840625
1 0.3877786609375 0.548905865625 0.3877786609375 0.58171834375 0.4062356796875 0.58171834375 0.4062356796875 0.548905865625 0.3877786609375 0.548905865625
2 0.4146725015625 0.5428123968749999 0.4146725015625 0.5778971359375 0.430975465625 0.5778971359375 0.430975465625 0.5428123968749999 0.4146725015625 0.5428123968749999