2 0.023584275 0.5384751515625 0.023584275 0.6964833046875001 0.1748355015625 0.6964833046875001 0.1748355015625 0.5384751515625 0.023584275 0.5384751515625
2 0.32647654843749996 0.559265696875 0.32647654843749996 0.621637334375 0.3849499609375 0.621637334375 0.3849499609375 0.559265696875 0.32647654843749996 0.559265696875
2 0.48396493749999997 0.559265696875 0.48396493749999997 0.581442278125 0.49799855624999995 0.581442278125 0.49799855624999995 0.559265696875 0.48396493749999997 0.559265696875
2 0.158073121875 0.54679136875 0.158073121875 0.6590603203125001 0.2336987359375 0.6590603203125001 0.2336987359375 0.54679136875 0.158073121875 0.54679136875
2 0.225122634375 0.5661958796875 0.225122634375 0.6396558125 0.278918175 0.6396558125 0.278918175 0.5661958796875 0.225122634375 0.5661958796875
2 0.2680031375 0.54817740625 0.2680031375 0.6257954453125001 0.322578321875 0.6257954453125001 0.322578321875 0.54817740625 0.2680031375 0.54817740625
2 0.320239384375 0.56480984375 0.320239384375 0.6105490453125 0.3436287515625 0.6105490453125 0.3436287515625 0.56480984375 0.320239384375 0.56480984375
2 0.3818313796875 0.5661958796875 0.3818313796875 0.59530264375 0.3950853515625 0.59530264375 0.3950853515625 0.5661958796875 0.3818313796875 0.5661958796875
2 0.3958649984375 0.568967953125 0.3958649984375 0.589758496875 0.41145790781249997 0.589758496875 0.41145790781249997 0.568967953125 0.3958649984375 0.568967953125
2 0.4106782625 0.56342380625 0.4106782625 0.5869864265625 0.4215932984375 0.5869864265625 0.4215932984375 0.56342380625 0.4106782625 0.56342380625
2 0.4231525890625 0.56480984375 0.4231525890625 0.5869864265625 0.434847271875 0.5869864265625 0.434847271875 0.56480984375 0.4231525890625 0.56480984375
2 0.43562691718749996 0.56480984375 0.43562691718749996 0.5842143546874999 0.45277911875 0.5842143546874999 0.45277911875 0.56480984375 0.43562691718749996 0.56480984375
2 0.4535587625 0.56480984375 0.4535587625 0.5828283187500001 0.462914509375 0.5828283187500001 0.462914509375 0.56480984375 0.4535587625 0.56480984375
2 0.468372028125 0.5675819171875001 0.468372028125 0.585600390625 0.4831852921875 0.585600390625 0.4831852921875 0.5675819171875001 0.468372028125 0.5675819171875001
2 0.5404892359375 0.544019296875 0.5404892359375 0.5897584953125 0.5568617890625001 0.5897584953125 0.5568617890625001 0.544019296875 0.5404892359375 0.544019296875
2 0.548285690625 0.5454053328125 0.548285690625 0.592530571875 0.5794715078125 0.592530571875 0.5794715078125 0.5454053328125 0.548285690625 0.5454053328125
2 0.5638786 0.54956344375 0.5638786 0.5939166078125 0.57791221875 0.5939166078125 0.57791221875 0.54956344375 0.5638786 0.54956344375
2 0.570895409375 0.54679136875 0.570895409375 0.5980747171874999 0.59740335625 0.5980747171874999 0.59740335625 0.54679136875 0.570895409375 0.54679136875
2 0.5818104468749999 0.552335515625 0.5818104468749999 0.6022328265625 0.5989626484375 0.6022328265625 0.5989626484375 0.552335515625 0.5818104468749999 0.552335515625
2 0.5872679640625 0.5398611875 0.5872679640625 0.61193508125 0.637165278125 0.61193508125 0.637165278125 0.5398611875 0.5872679640625 0.5398611875
2 0.5989626484375 0.550949478125 0.5989626484375 0.61609319375 0.637944921875 0.61609319375 0.637944921875 0.550949478125 0.5989626484375 0.550949478125
2 0.621572365625 0.541247225 0.621572365625 0.6257954453125001 0.6777068421875 0.6257954453125001 0.6777068421875 0.541247225 0.621572365625 0.541247225
2 0.6574360593749999 0.5384751515625 0.6574360593749999 0.638269771875 0.72916344375 0.638269771875 0.72916344375 0.5384751515625 0.6574360593749999 0.5384751515625
2 0.8238903703125 0.49273595 0.8238903703125 0.55094948125 0.9548708156249999 0.55094948125 0.9548708156249999 0.49273595 0.8238903703125 0.49273595
2 0.77243376875 0.50105216875 0.77243376875 0.56758191875 0.85663548125 0.56758191875 0.85663548125 0.50105216875 0.77243376875 0.50105216875
2 0.748264759375 0.49134991250000004 0.748264759375 0.568967953125 0.8535169 0.568967953125 0.8535169 0.49134991250000004 0.748264759375 0.49134991250000004
2 0.72487539375 0.5218427140624999 0.72487539375 0.559265696875 0.751383340625 0.559265696875 0.751383340625 0.5218427140624999 0.72487539375 0.5218427140624999
2 0.7389090125 0.53154496875 0.7389090125 0.5592656984375 0.7506036953125 0.5592656984375 0.7506036953125 0.53154496875 0.7389090125 0.53154496875
2 0.925244284375 0.5454053328125 0.925244284375 0.74360854375 0.9993106062500001 0.74360854375 0.9993106062500001 0.5454053328125 0.925244284375 0.5454053328125
4 0.6882320562500001 0.51491253125 0.6882320562500001 0.64658599375 0.703824965625 0.64658599375 0.703824965625 0.51491253125 0.6882320562500001 0.51491253125
4 0.6741984375000001 0.5218427140624999 0.6741984375000001 0.656288246875 0.692130284375 0.656288246875 0.692130284375 0.5218427140624999 0.6741984375000001 0.5218427140624999
4 0.7782811109375001 0.510754421875 0.7782811109375001 0.6812369031250001 0.8079076390625 0.6812369031250001 0.8079076390625 0.510754421875 0.7782811109375001 0.510754421875
5 0.6944692203125 0.527386859375 0.6944692203125 0.6604463546875 0.745146178125 0.6604463546875 0.745146178125 0.527386859375 0.6944692203125 0.527386859375
3 0.700706384375 0.5578796609375 0.700706384375 0.6812369031250001 0.7786709328125 0.6812369031250001 0.7786709328125 0.5578796609375 0.700706384375 0.5578796609375