2 0.245539578125 0.550947490625 0.245539578125 0.574407190625 0.2635342375 0.574407190625 0.2635342375 0.550947490625 0.245539578125 0.550947490625
2 0.229944209375 0.5573455921875 0.229944209375 0.61919389375 0.258735659375 0.61919389375 0.258735659375 0.5573455921875 0.229944209375 0.5573455921875
2 0.1723613109375 0.555212890625 0.1723613109375 0.6426535921875 0.24913850937499998 0.6426535921875 0.24913850937499998 0.555212890625 0.1723613109375 0.555212890625
2 0.361905021875 0.563743690625 0.361905021875 0.6106630921875 0.37989967812500003 0.6106630921875 0.37989967812500003 0.563743690625 0.361905021875 0.563743690625
2 0.3810993234375 0.5701417906249999 0.3810993234375 0.5936014921874999 0.390696471875 0.5936014921874999 0.390696471875 0.5701417906249999 0.3810993234375 0.5701417906249999
2 0.393095759375 0.568009090625 0.393095759375 0.59360149375 0.40629184062499996 0.59360149375 0.40629184062499996 0.568009090625 0.393095759375 0.568009090625
2 0.41109041562500004 0.555212890625 0.41109041562500004 0.6085303921875 0.432684003125 0.6085303921875 0.432684003125 0.555212890625 0.41109041562500004 0.555212890625
2 0.41948792187499995 0.555212890625 0.41948792187499995 0.61492849375 0.449479015625 0.61492849375 0.449479015625 0.555212890625 0.41948792187499995 0.555212890625
2 0.4026929109375 0.5402839890625 0.4026929109375 0.6106630921875 0.436282934375 0.6106630921875 0.436282934375 0.5402839890625 0.4026929109375 0.5402839890625
2 0.44108151093750003 0.523222390625 0.44108151093750003 0.6533170890625 0.5190583531249999 0.6533170890625 0.5190583531249999 0.523222390625 0.44108151093750003 0.523222390625
1 0.8201689359375001 0.359004490625 0.8201689359375001 0.6426535906249999 0.9989158546875 0.6426535906249999 0.9989158546875 0.359004490625 0.8201689359375001 0.359004490625
2 0.251537796875 0.523222390625 0.251537796875 0.674644090625 0.369102884375 0.674644090625 0.369102884375 0.523222390625 0.251537796875 0.523222390625