2 0.43335478125 0.5683676171875 0.43335478125 0.589796196875 0.45057417656250004 0.589796196875 0.45057417656250004 0.5683676171875 0.43335478125 0.5683676171875
2 0.4144134453125 0.56989823125 0.4144134453125 0.6035717171874999 0.44196447812499995 0.6035717171874999 0.44196447812499995 0.56989823125 0.4144134453125 0.56989823125
2 0.460905815625 0.562245165625 0.460905815625 0.5974492640625 0.4858739390625 0.5974492640625 0.4858739390625 0.562245165625 0.460905815625 0.562245165625
2 0.3498407140625 0.5714288421875 0.3498407140625 0.6204084546875 0.3756698078125 0.6204084546875 0.3756698078125 0.5714288421875 0.3498407140625 0.5714288421875
2 0.08242709687500001 0.6024492578125 0.08242709687500001 0.6284696796875 0.1211707375 0.6284696796875 0.1211707375 0.6024492578125 0.08242709687500001 0.6024492578125
2 0.045405396875 0.6116329375 0.045405396875 0.6422451953125 0.087592915625 0.6422451953125 0.087592915625 0.6116329375 0.045405396875 0.6116329375
2 0 0.63612274375 0.0342127890625 0.63612274375 0.0342127890625 0.6085717109375001 0 0.6085717109375001 0 0.63612274375
2 0.06591200781249999 0.5888023437500001 0.06591200781249999 0.71431260625 0.1941965046875 0.71431260625 0.1941965046875 0.5888023437500001 0.06591200781249999 0.5888023437500001
2 0.187465409375 0.5687757765625 0.187465409375 0.7080615531250001 0.3234986328125 0.7080615531250001 0.3234986328125 0.5687757765625 0.187465409375 0.5687757765625
2 0.3699910015625 0.5580614828125 0.3699910015625 0.626939065625 0.4173443375 0.626939065625 0.4173443375 0.5580614828125 0.3699910015625 0.5580614828125
2 0.4819170703125 0.55193903125 0.4819170703125 0.63765335625 0.5421849562500001 0.63765335625 0.5421849562500001 0.55193903125 0.4819170703125 0.55193903125
2 0.56887501875 0.5289798390625 0.56887501875 0.63612274375 0.6506671468749999 0.63612274375 0.6506671468749999 0.5289798390625 0.56887501875 0.5289798390625
4 0.8002535515625 0.50374070625 0.8002535515625 0.5924491609375 0.8226218484375 0.5924491609375 0.8226218484375 0.50374070625 0.8002535515625 0.50374070625
4 0.824342484375 0.5017014296875 0.824342484375 0.5802135109375001 0.8409753203125 0.5802135109375001 0.8409753203125 0.5017014296875 0.824342484375 0.5017014296875
4 0.7486344078125 0.5190352671875 0.7486344078125 0.5710367734374999 0.7669878812500001 0.5710367734374999 0.7669878812500001 0.5190352671875 0.7486344078125 0.5190352671875
2 0.7004565406250001 0.51597635625 0.7004565406250001 0.5689974999999999 0.755516959375 0.5689974999999999 0.755516959375 0.51597635625 0.7004565406250001 0.51597635625