6 0.7235110140625001 0.529465915625 0.7235110140625001 0.7858826546875 0.9979462265624999 0.7858826546875 0.9979462265624999 0.529465915625 0.7235110140625001 0.529465915625
2 0.4124324640625 0.584907371875 0.4124324640625 0.68608803125 0.49507488750000006 0.68608803125 0.49507488750000006 0.584907371875 0.4124324640625 0.584907371875
6 0.0023389359375000003 0.5862934078125 0.0023389359375000003 0.6749997390625 0.1185061140625 0.6749997390625 0.1185061140625 0.5862934078125 0.0023389359375000003 0.5862934078125
2 0.1231839875 0.61955828125 0.1231839875 0.65282315625 0.1582680359375 0.65282315625 0.1582680359375 0.61955828125 0.1231839875 0.61955828125
2 0.19569101718749998 0.5973817 0.19569101718749998 0.6445069375 0.24246974687499998 0.6445069375 0.24246974687499998 0.5973817 0.19569101718749998 0.5973817
2 0.48961736718750004 0.568274934375 0.48961736718750004 0.6306465734375 0.542633259375 0.6306465734375 0.542633259375 0.568274934375 0.48961736718750004 0.568274934375
2 0.6884269671875 0.536396096875 0.6884269671875 0.63619071875 0.7765269078125 0.63619071875 0.7765269078125 0.536396096875 0.6884269671875 0.536396096875
2 0.1520308703125 0.6098560281250001 0.1520308703125 0.6334186468749999 0.18477598125 0.6334186468749999 0.18477598125 0.6098560281250001 0.1520308703125 0.6098560281250001
2 0.246367975 0.6029258453125 0.246367975 0.6251024296875001 0.25806265625 0.6251024296875001 0.25806265625 0.6029258453125 0.246367975 0.6029258453125
6 0.2596219484375 0.5641168249999999 0.2596219484375 0.625102428125 0.2923670578125 0.625102428125 0.2923670578125 0.5641168249999999 0.2596219484375 0.5641168249999999
2 0.40229707187499997 0.5779771890625 0.40229707187499997 0.600153771875 0.41711033750000004 0.600153771875 0.41711033750000004 0.5779771890625 0.40229707187499997 0.5779771890625
2 0.39216168125 0.5793632265624999 0.39216168125 0.5946096265625 0.40229707187499997 0.5946096265625 0.40229707187499997 0.5793632265624999 0.39216168125 0.5793632265624999
2 0.3843652265625 0.5807492609375 0.3843652265625 0.5946096265625 0.39216168125 0.5946096265625 0.39216168125 0.5807492609375 0.3843652265625 0.5807492609375
2 0.3407050796875 0.5807492609375 0.3407050796875 0.5932235890625 0.3477218890625 0.5932235890625 0.3477218890625 0.5807492609375 0.3407050796875 0.5807492609375