4 0.11032439218750001 0.5379627390625 0.11032439218750001 0.6143779015625 0.1332489421875 0.6143779015625 0.1332489421875 0.5379627390625 0.11032439218750001 0.5379627390625
2 0 0.6418491609375 0.0630828375 0.6418491609375 0.0630828375 0.5614416859375 0 0.5614416859375 0 0.6418491609375
2 0.315212546875 0.49160421562499995 0.315212546875 0.53235896875 0.3338387421875 0.53235896875 0.3338387421875 0.49160421562499995 0.315212546875 0.49160421562499995
2 0.3066158421875 0.4972079921875 0.3066158421875 0.5430570921875 0.326674821875 0.5430570921875 0.326674821875 0.4972079921875 0.3066158421875 0.4972079921875
2 0.27939294062500003 0.4972079921875 0.27939294062500003 0.55069860625 0.315212546875 0.55069860625 0.315212546875 0.4972079921875 0.27939294062500003 0.4972079921875
2 0.5129367796875 0.42843434687500004 0.5129367796875 0.499755165625 0.5329957609375 0.499755165625 0.5329957609375 0.42843434687500004 0.5129367796875 0.42843434687500004
2 0.663952259375 0.34437766718749996 0.663952259375 0.4666419265625 0.7757094359375001 0.4666419265625 0.7757094359375001 0.34437766718749996 0.663952259375 0.34437766718749996
2 0.880302690625 0.29343422812500003 0.880302690625 0.3596607046875 0.9992237875000001 0.3596607046875 0.9992237875000001 0.29343422812500003 0.880302690625 0.29343422812500003
2 0.326674821875 0.329094646875 0.326674821875 0.7009817734375 0.5329957609375 0.7009817734375 0.5329957609375 0.329094646875 0.326674821875 0.329094646875
2 0.250737253125 0.5099438546874999 0.250737253125 0.57362315625 0.29945191875 0.57362315625 0.29945191875 0.5099438546874999 0.250737253125 0.5099438546874999
2 0.6840112406250001 0.31890594375000003 0.6840112406250001 0.6627741796875 0.9977910031249999 0.6627741796875 0.9977910031249999 0.31890594375000003 0.6840112406250001 0.31890594375000003