4 0.8441835937500001 0.41245203124999996 0.8441835937500001 0.5077665765625 0.8705034062499999 0.5077665765625 0.8705034062499999 0.41245203124999996 0.8441835937500001 0.41245203124999996
4 0.6921135703125 0.42804895624999995 0.6921135703125 0.4800387078125 0.70576088125 0.4800387078125 0.70576088125 0.42804895624999995 0.6921135703125 0.42804895624999995
4 0.6823654921875 0.44017989999999996 0.6823654921875 0.4817717 0.6911387625 0.4817717 0.6911387625 0.44017989999999996 0.6823654921875 0.44017989999999996
4 0 0.51469854375 0.056538854687499994 0.51469854375 0.056538854687499994 0.42284998125 0 0.42284998125 0 0.51469854375
4 0.346056784375 0.44884485625000003 0.346056784375 0.49910161718749996 0.360678903125 0.49910161718749996 0.360678903125 0.44884485625000003 0.346056784375 0.44884485625000003
4 0.387973521875 0.44884485625000003 0.387973521875 0.49043665625 0.3967467921875 0.49043665625 0.3967467921875 0.44884485625000003 0.387973521875 0.44884485625000003
2 0 0.7347884921875 0.32948505156249996 0.7347884921875 0.32948505156249996 0.3379333859375 0 0.3379333859375 0 0.7347884921875
6 0.926067453125 0.29460859375 0.926067453125 0.8976897140625001 0.9991780421875 0.8976897140625001 0.9991780421875 0.29460859375 0.926067453125 0.29460859375
2 0.39479717812500004 0.43151494062499995 0.39479717812500004 0.5233635 0.45815968749999997 0.5233635 0.45815968749999997 0.43151494062499995 0.39479717812500004 0.43151494062499995
2 0.505925271875 0.4419128921875 0.505925271875 0.5476253875 0.578061053125 0.5476253875 0.578061053125 0.4419128921875 0.505925271875 0.4419128921875
1 0.450361225 0.43324793125000005 0.450361225 0.47483973125 0.5224970046874999 0.47483973125 0.5224970046874999 0.43324793125000005 0.450361225 0.43324793125000005