2 0.241523353125 0.3538391484375 0.241523353125 0.39696413124999996 0.29636708437500003 0.39696413124999996 0.29636708437500003 0.3538391484375 0.241523353125 0.3538391484375
2 0.17613275 0.35571415 0.17613275 0.4175891296875 0.23730460468749998 0.4175891296875 0.23730460468749998 0.35571415 0.17613275 0.35571415
2 0.3153514515625 0.33669630625 0.3153514515625 0.3816962921875 0.342773315625 0.3816962921875 0.342773315625 0.33669630625 0.3153514515625 0.33669630625
2 0.33749988124999997 0.34044630468750003 0.33749988124999997 0.3948212859375 0.3585936234375 0.3948212859375 0.3585936234375 0.34044630468750003 0.33749988124999997 0.34044630468750003
2 0.33960925625 0.2769641734375 0.33960925625 0.539464084375 0.5125779453125 0.539464084375 0.5125779453125 0.2769641734375 0.33960925625 0.2769641734375
2 0 0.6219640562500001 0.13605464218750002 0.6219640562500001 0.13605464218750002 0.2169641984375 0 0.2169641984375 0 0.6219640562500001
6 0.0400781109375 0.2083927765625 0.0400781109375 0.4408926953125 0.1782421265625 0.4408926953125 0.1782421265625 0.2083927765625 0.0400781109375 0.2083927765625
2 0.6447151828125001 0.32517845625 0.6447151828125001 0.593303359375 0.9611213218750001 0.593303359375 0.9611213218750001 0.32517845625 0.6447151828125001 0.32517845625
4 0.9558478859375 0.2614284765625 0.9558478859375 0.42080341875 0.9822150640625 0.42080341875 0.9822150640625 0.2614284765625 0.9558478859375 0.2614284765625
4 0.9737775687499999 0.264910625 0.9737775687499999 0.4280355671875 0.9980353718750001 0.4280355671875 0.9980353718750001 0.264910625 0.9737775687499999 0.264910625
4 0.8946760312500001 0.2758927578125 0.8946760312500001 0.4071427109375 0.9284260218749999 0.4071427109375 0.9284260218749999 0.2758927578125 0.8946760312500001 0.2758927578125
4 0.8640901062499999 0.272142759375 0.8640901062499999 0.3565177296875 0.892566659375 0.3565177296875 0.892566659375 0.272142759375 0.8640901062499999 0.272142759375
4 0.8503791734374999 0.2946427546875 0.8503791734374999 0.35276773437500003 0.8693635437499999 0.35276773437500003 0.8693635437499999 0.2946427546875 0.8503791734374999 0.2946427546875
4 0.8229573078125 0.2946427546875 0.8229573078125 0.339642740625 0.845105740625 0.339642740625 0.845105740625 0.2946427546875 0.8229573078125 0.2946427546875
4 0.6501392828125 0.30589275 0.6501392828125 0.4108927109375 0.6712330265625 0.4108927109375 0.6712330265625 0.30589275 0.6501392828125 0.30589275
4 0.5283982515625001 0.3308034515625 0.5283982515625001 0.402053428125 0.5421091859375 0.402053428125 0.5421091859375 0.3308034515625 0.5283982515625001 0.3308034515625
4 0.5579294921875 0.3326784515625 0.5579294921875 0.403928425 0.571640425 0.403928425 0.571640425 0.3326784515625 0.5579294921875 0.3326784515625