2 0.05783261562499999 0.364271121875 0.05783261562499999 0.66020326875 0.322112228125 0.66020326875 0.322112228125 0.364271121875 0.05783261562499999 0.364271121875
2 0.312673671875 0.3795253515625 0.312673671875 0.4420677125 0.369305015625 0.4420677125 0.369305015625 0.3795253515625 0.312673671875 0.3795253515625
2 0.40534314374999997 0.36966095 0.40534314374999997 0.43291517187500006 0.4542520328125 0.43291517187500006 0.4542520328125 0.36966095 0.40534314374999997 0.36966095
2 0.558076165625 0.371898234375 0.558076165625 0.43291516874999997 0.60784310625 0.43291516874999997 0.60784310625 0.371898234375 0.558076165625 0.371898234375
2 0.448074078125 0.3645762015625 0.448074078125 0.402711790625 0.47467365 0.402711790625 0.47467365 0.3645762015625 0.448074078125 0.3645762015625
2 0.4695253453125 0.3645762015625 0.4695253453125 0.3920338234375 0.4806800046875 0.3920338234375 0.4806800046875 0.3645762015625 0.4695253453125 0.3645762015625
2 0.5381694 0.35999993125 0.5381694 0.404237209375 0.5656270218749999 0.404237209375 0.5656270218749999 0.35999993125 0.5381694 0.35999993125
2 0.523582540625 0.35999993125 0.523582540625 0.3920338234375 0.540743553125 0.3920338234375 0.540743553125 0.35999993125 0.523582540625 0.35999993125
2 0.48668635781249997 0.35237281249999997 0.48668635781249997 0.3752541671875 0.50041516875 0.3752541671875 0.50041516875 0.35237281249999997 0.48668635781249997 0.35237281249999997
2 0.49955711875000003 0.350847390625 0.49955711875000003 0.36152535625 0.5098537265624999 0.36152535625 0.5098537265624999 0.350847390625 0.49955711875000003 0.350847390625
2 0.510711778125 0.34627111875 0.510711778125 0.35847450625 0.518434234375 0.35847450625 0.518434234375 0.34627111875 0.510711778125 0.34627111875
2 0.518434234375 0.34016942656250004 0.518434234375 0.3554236609375 0.5278727921875 0.3554236609375 0.5278727921875 0.34016942656250004 0.518434234375 0.34016942656250004
2 0.5158600812499999 0.35847450937500003 0.5158600812499999 0.38135586093749996 0.5244405890625 0.38135586093749996 0.5244405890625 0.35847450937500003 0.5158600812499999 0.35847450937500003
2 0.5278727921875 0.33864400625 0.5278727921875 0.34932196718749997 0.5390274515625 0.34932196718749997 0.5390274515625 0.33864400625 0.5278727921875 0.33864400625
2 0.49869906718749996 0.3630507796875 0.49869906718749996 0.388982978125 0.516718134375 0.388982978125 0.516718134375 0.3630507796875 0.49869906718749996 0.3630507796875
2 0.28287071406250003 0.3711863734375 0.28287071406250003 0.4077965359375 0.3154766375 0.4077965359375 0.3154766375 0.3711863734375 0.28287071406250003 0.3711863734375
2 0.3626694265625 0.3666101046875 0.3626694265625 0.39101687812499997 0.38326264375 0.39101687812499997 0.38326264375 0.3666101046875 0.3626694265625 0.3666101046875
2 0.38497874374999996 0.3666101046875 0.38497874374999996 0.38949145625 0.40299780937499996 0.38949145625 0.40299780937499996 0.3666101046875 0.38497874374999996 0.3666101046875