2 0.197724234375 0.42622680468749996 0.197724234375 0.4669815578125 0.2091865078125 0.4669815578125 0.2091865078125 0.42622680468749996 0.197724234375 0.42622680468749996
2 0.1762324703125 0.421132459375 0.1762324703125 0.46952873124999994 0.19629144999999998 0.46952873124999994 0.19629144999999998 0.421132459375 0.1762324703125 0.421132459375
2 0.15044235156250002 0.42622680468749996 0.15044235156250002 0.47462307499999995 0.174799684375 0.47462307499999995 0.174799684375 0.42622680468749996 0.15044235156250002 0.42622680468749996
2 0.121786665625 0.4338683203125 0.121786665625 0.47971741874999996 0.1576062734375 0.47971741874999996 0.1576062734375 0.4338683203125 0.121786665625 0.4338683203125
2 0.095996546875 0.42622680468749996 0.095996546875 0.487358934375 0.127517803125 0.487358934375 0.127517803125 0.42622680468749996 0.095996546875 0.42622680468749996
2 0.0501474515625 0.42622680468749996 0.0501474515625 0.49245327968749997 0.10172768593749999 0.49245327968749997 0.10172768593749999 0.42622680468749996 0.0501474515625 0.42622680468749996
2 0 0.5060382031249999 0.0558785875 0.5060382031249999 0.0558785875 0.429623040625 0 0.429623040625 0 0.5060382031249999
2 0.8974005843749999 0.5663212890625 0.8974005843749999 0.8057554687499999 0.999128271875 0.8057554687499999 0.999128271875 0.5663212890625 0.8974005843749999 0.5663212890625
2 0.2965863515625 0.421132459375 0.2965863515625 0.454245696875 0.315212546875 0.454245696875 0.315212546875 0.421132459375 0.2965863515625 0.421132459375
2 0.2836912921875 0.42367963125 0.2836912921875 0.4618872140625 0.3023174890625 0.4618872140625 0.3023174890625 0.42367963125 0.2836912921875 0.42367963125
2 0.26219952812499997 0.421132459375 0.26219952812499997 0.47462307187499997 0.28942243125 0.47462307187499997 0.28942243125 0.421132459375 0.26219952812499997 0.421132459375
2 0.330973175 0.4338683203125 0.330973175 0.4618872140625 0.33956988125 0.4618872140625 0.33956988125 0.4338683203125 0.330973175 0.4338683203125
2 0.3610616453125 0.44150983750000006 0.3610616453125 0.45934004218749996 0.37252392031250003 0.45934004218749996 0.37252392031250003 0.44150983750000006 0.3610616453125 0.44150983750000006
2 0.373956703125 0.44150983750000006 0.373956703125 0.47462307187499997 0.38398619375 0.47462307187499997 0.38398619375 0.44150983750000006 0.373956703125 0.44150983750000006
2 0.381120625 0.43641549375000005 0.381120625 0.47971741874999996 0.4040451734375 0.47971741874999996 0.4040451734375 0.43641549375000005 0.381120625 0.43641549375000005
2 0.3868517625 0.43896266562499997 0.3868517625 0.482264590625 0.40691074374999997 0.482264590625 0.40691074374999997 0.43896266562499997 0.3868517625 0.43896266562499997
2 0.39544846875 0.449151353125 0.39544846875 0.482264590625 0.41550744687499996 0.482264590625 0.41550744687499996 0.449151353125 0.39544846875 0.449151353125
2 0.4097763125 0.44660418125 0.4097763125 0.49500045156250005 0.4412975671875 0.49500045156250005 0.4412975671875 0.44660418125 0.4097763125 0.44660418125
2 0.4226713703125 0.454245696875 0.4226713703125 0.50264196875 0.44273035 0.50264196875 0.44273035 0.454245696875 0.4226713703125 0.454245696875
2 0.4255369390625 0.451698525 0.4255369390625 0.51283065625 0.4742516046875 0.51283065625 0.4742516046875 0.451698525 0.4255369390625 0.451698525
2 0.5029072921875 0.4618872140625 0.5029072921875 0.5586797546875 0.5788448609375 0.5586797546875 0.5788448609375 0.4618872140625 0.5029072921875 0.4618872140625
2 0.6753190171875 0.4754721375 0.6753190171875 0.7072647984375 0.9676070156250001 0.7072647984375 0.9676070156250001 0.4754721375 0.6753190171875 0.4754721375
2 0.20488815625 0.40584942812499997 0.20488815625 0.492453278125 0.26076674375 0.492453278125 0.26076674375 0.40584942812499997 0.20488815625 0.40584942812499997
2 0.315212546875 0.43132114843749997 0.315212546875 0.4669815578125 0.330973175 0.4669815578125 0.330973175 0.43132114843749997 0.315212546875 0.43132114843749997
2 0.33813709531249997 0.43132114843749997 0.33813709531249997 0.47207590312500003 0.362494428125 0.47207590312500003 0.362494428125 0.43132114843749997 0.33813709531249997 0.43132114843749997
2 0.44081997968750003 0.4618872140625 0.44081997968750003 0.5306608609375 0.49526578125 0.5306608609375 0.49526578125 0.4618872140625 0.44081997968750003 0.4618872140625
2 0.5540099390625 0.47971741874999996 0.5540099390625 0.58924581875 0.657170409375 0.58924581875 0.657170409375 0.47971741874999996 0.5540099390625 0.47971741874999996