2 0.44525031562499995 0.6333329203125 0.44525031562499995 0.6525454468749999 0.45749830156250004 0.6525454468749999 0.45749830156250004 0.6333329203125 0.44525031562499995 0.6333329203125
2 0.432570021875 0.6391367046875 0.432570021875 0.6545067265625 0.4383337796875 0.6545067265625 0.4383337796875 0.6391367046875 0.432570021875 0.6391367046875
2 0.4282472046875 0.6391367046875 0.4282472046875 0.655787559375 0.43473143125 0.655787559375 0.43473143125 0.6391367046875 0.4282472046875 0.6391367046875
2 0.422483446875 0.6404175421875 0.422483446875 0.6596300687500001 0.431129084375 0.6596300687500001 0.431129084375 0.6404175421875 0.422483446875 0.6404175421875
2 0.4138378109375 0.6327325296875 0.4138378109375 0.6647534078125 0.4268062640625 0.6647534078125 0.4268062640625 0.6327325296875 0.4138378109375 0.6327325296875
2 0.39150325 0.627609190625 0.39150325 0.6788425921875 0.42104250781249997 0.6788425921875 0.42104250781249997 0.627609190625 0.39150325 0.627609190625
2 0.35331835312500004 0.6301708609375 0.35331835312500004 0.6980551203124999 0.4001488859375 0.6980551203124999 0.4001488859375 0.6301708609375 0.35331835312500004 0.6301708609375
2 0.3396294265625 0.64554088125 0.3396294265625 0.727514325 0.386459959375 0.727514325 0.386459959375 0.64554088125 0.3396294265625 0.64554088125
2 0.25749587812499997 0.6391367046875 0.25749587812499997 0.76593938125 0.359802578125 0.76593938125 0.359802578125 0.6391367046875 0.25749587812499997 0.6391367046875
2 0.45994787343750004 0.6340133640625 0.45994787343750004 0.6545067265625 0.4664321 0.6545067265625 0.4664321 0.6340133640625 0.45994787343750004 0.6340133640625
2 0.4642706921875 0.6327325296875 0.4642706921875 0.6545067265625 0.47003445 0.6545067265625 0.47003445 0.6327325296875 0.4642706921875 0.6327325296875
2 0.46571163125000004 0.6327325296875 0.46571163125000004 0.6545067265625 0.472916328125 0.6545067265625 0.472916328125 0.6327325296875 0.46571163125000004 0.6327325296875
2 0.4678730390625 0.6340133640625 0.4678730390625 0.658349228125 0.47507773750000004 0.658349228125 0.47507773750000004 0.6340133640625 0.4678730390625 0.6340133640625
2 0.4714753890625 0.6340133640625 0.4714753890625 0.664753403125 0.48084149531250003 0.664753403125 0.48084149531250003 0.6340133640625 0.4714753890625 0.6340133640625
2 0.47651867656249997 0.6352942015624999 0.47651867656249997 0.67243841875 0.4887666609375 0.67243841875 0.4887666609375 0.6352942015624999 0.47651867656249997 0.6352942015624999
2 0.4786800859375 0.6404175421875 0.4786800859375 0.67243841875 0.4880461921875 0.67243841875 0.4880461921875 0.6404175421875 0.4786800859375 0.6404175421875
2 0.4851643125 0.6327325296875 0.4851643125 0.6801234296875001 0.5017351171875 0.6801234296875001 0.5017351171875 0.6327325296875 0.4851643125 0.6327325296875
2 0.49453042031249994 0.6327325296875 0.49453042031249994 0.690370109375 0.5334357859375001 0.690370109375 0.5334357859375001 0.6327325296875 0.49453042031249994 0.6327325296875
2 0.5010146484375 0.64554088125 0.5010146484375 0.70574013125 0.538479071875 0.70574013125 0.538479071875 0.64554088125 0.5010146484375 0.64554088125
2 0.523349209375 0.653225890625 0.523349209375 0.7326376640625 0.550727059375 0.7326376640625 0.550727059375 0.653225890625 0.523349209375 0.653225890625
2 0.53242713125 0.6404175421875 0.53242713125 0.7736243843749999 0.634733834375 0.7736243843749999 0.634733834375 0.6404175421875 0.53242713125 0.6404175421875
2 0.630411015625 0.6301708609375 0.630411015625 0.713425140625 0.703898928125 0.713425140625 0.703898928125 0.6301708609375 0.630411015625 0.6301708609375