2 0.26211344531249997 0.47491415625 0.26211344531249997 0.5285224125 0.30966499999999997 0.5285224125 0.30966499999999997 0.47491415625 0.26211344531249997 0.47491415625
2 0.530025859375 0.45429559687500004 0.530025859375 0.47079044531249997 0.54046400625 0.47079044531249997 0.54046400625 0.45429559687500004 0.530025859375 0.45429559687500004
2 0.5451031828125 0.46254301875000003 0.5451031828125 0.48728529218750005 0.554381534375 0.48728529218750005 0.554381534375 0.46254301875000003 0.5451031828125 0.46254301875000003
2 0.553221740625 0.46254301875000003 0.553221740625 0.49759457031250004 0.561340296875 0.49759457031250004 0.561340296875 0.46254301875000003 0.553221740625 0.46254301875000003
2 0.554381534375 0.46254301875000003 0.554381534375 0.4996564296875 0.5636598859374999 0.4996564296875 0.5636598859374999 0.46254301875000003 0.554381534375 0.46254301875000003
2 0.5601805046874999 0.46666673437500006 0.5601805046874999 0.50378014375 0.5729382375000001 0.50378014375 0.5729382375000001 0.46666673437500006 0.5601805046874999 0.46666673437500006
2 0.6019330875 0.4522337421875 0.6019330875 0.549140971875 0.6332475265624999 0.549140971875 0.6332475265624999 0.4522337421875 0.6019330875 0.4522337421875
2 0.3479382015625 0.45429559687500004 0.3479382015625 0.53058426875 0.39780934375 0.53058426875 0.39780934375 0.45429559687500004 0.3479382015625 0.45429559687500004
2 0.47551554375 0.45429559687500004 0.47551554375 0.4728523 0.4859536875 0.4728523 0.4859536875 0.45429559687500004 0.47551554375 0.45429559687500004
2 0.49639183437499995 0.458419309375 0.49639183437499995 0.48728529375 0.5103093609375 0.48728529375 0.5103093609375 0.458419309375 0.49639183437499995 0.458419309375
2 0.57061865 0.4591065828125 0.57061865 0.5044674171875 0.5914949421875 0.5044674171875 0.5914949421875 0.4591065828125 0.57061865 0.4591065828125
2 0.6193299984375 0.454982871875 0.6193299984375 0.5683849546874999 0.7016753734375001 0.5683849546874999 0.7016753734375001 0.454982871875 0.6193299984375 0.454982871875
2 0.387371196875 0.4570447265625 0.387371196875 0.5848797968749999 0.4859536875 0.5848797968749999 0.4859536875 0.4570447265625 0.387371196875 0.4570447265625
2 0.5172681265625 0.452921015625 0.5172681265625 0.4735395765625 0.530025859375 0.4735395765625 0.530025859375 0.452921015625 0.5172681265625 0.452921015625
2 0.4871134828125 0.452921015625 0.4871134828125 0.47147771875 0.49639183437499995 0.47147771875 0.49639183437499995 0.452921015625 0.4871134828125 0.452921015625
2 0.19716498124999998 0.47560143125 0.19716498124999998 0.5436426812499999 0.269072209375 0.5436426812499999 0.269072209375 0.47560143125 0.19716498124999998 0.47560143125
2 0.3085052046875 0.46666673437500006 0.3085052046875 0.5161512796875 0.3456186140625 0.5161512796875 0.3456186140625 0.46666673437500006 0.3085052046875 0.46666673437500006
2 0 0.5553265406250001 0.03247423125 0.5553265406250001 0.03247423125 0.441924459375 0 0.441924459375 0 0.5553265406250001
2 0.7492269265625 0.4831615796875 0.7492269265625 0.7676977093749999 0.9985826390625 0.7676977093749999 0.9985826390625 0.4831615796875 0.7492269265625 0.4831615796875