2 0.31402796718750003 0.3198981015625 0.31402796718750003 0.347449134375 0.33210833125 0.347449134375 0.33210833125 0.3198981015625 0.31402796718750003 0.3198981015625
2 0.3303863921875 0.316836875 0.3303863921875 0.35051035937499997 0.3579374234375 0.35051035937499997 0.3579374234375 0.316836875 0.3303863921875 0.316836875
2 0.435424703125 0.31836749062499997 0.435424703125 0.347449134375 0.45178313125 0.347449134375 0.45178313125 0.31836749062499997 0.435424703125 0.31836749062499997
2 0.2580649296875 0.29234706875 0.2580649296875 0.37500016875000003 0.3148889359375 0.37500016875000003 0.3148889359375 0.29234706875 0.2580649296875 0.29234706875
2 0.5144909390625 0.3277698296875 0.5144909390625 0.344606571875 0.52396160625 0.344606571875 0.52396160625 0.3277698296875 0.5144909390625 0.3277698296875
2 0.4998544515625 0.3124636984375 0.4998544515625 0.3461371828125 0.517934815625 0.3461371828125 0.517934815625 0.3124636984375 0.4998544515625 0.3124636984375
2 0.5015763921875 0.3216473765625 0.5015763921875 0.347667796875 0.5144909390625 0.347667796875 0.5144909390625 0.3216473765625 0.5015763921875 0.3216473765625
2 0.522239665625 0.3262392140625 0.522239665625 0.3660351484375 0.541181 0.3660351484375 0.541181 0.3262392140625 0.522239665625 0.3262392140625
2 0.5738978515625 0.32317799062499997 0.5738978515625 0.36297392500000003 0.58767336875 0.36297392500000003 0.58767336875 0.32317799062499997 0.5738978515625 0.32317799062499997
2 0.6212511890625 0.32317799062499997 0.6212511890625 0.373688215625 0.6427754343750001 0.373688215625 0.6427754343750001 0.32317799062499997 0.6212511890625 0.32317799062499997
2 0.5841679921875 0.313775653125 0.5841679921875 0.3780613953125 0.6272164796874999 0.3780613953125 0.6272164796874999 0.313775653125 0.5841679921875 0.313775653125
2 0.5316488359375 0.316836875 0.5316488359375 0.38418384375 0.5772802359375 0.38418384375 0.5772802359375 0.316836875 0.5316488359375 0.316836875
2 0.4412470078125 0.30765319999999996 0.4412470078125 0.4071430421875 0.5084026515625 0.4071430421875 0.5084026515625 0.30765319999999996 0.4412470078125 0.30765319999999996
2 0.74430836875 0.273979715625 0.74430836875 0.44387774999999996 0.9130584468749999 0.44387774999999996 0.9130584468749999 0.273979715625 0.74430836875 0.273979715625
2 0.8545326796875001 0.2709782796875 0.8545326796875001 0.508223284375 0.9957317234374999 0.508223284375 0.9957317234374999 0.2709782796875 0.8545326796875001 0.2709782796875
4 0.7170312921875001 0.3144931265625 0.7170312921875001 0.377248253125 0.730806809375 0.377248253125 0.730806809375 0.3144931265625 0.7170312921875001 0.3144931265625
4 0.702394803125 0.3236768046875 0.702394803125 0.3787788703125 0.7135874109375 0.3787788703125 0.7135874109375 0.3236768046875 0.702394803125 0.3236768046875
4 0.6868973484375 0.322146190625 0.6868973484375 0.37418703125 0.69981189375 0.37418703125 0.69981189375 0.322146190625 0.6868973484375 0.322146190625
4 0.675704740625 0.3236768046875 0.675704740625 0.366533965625 0.6860363796875 0.366533965625 0.6860363796875 0.3236768046875 0.675704740625 0.3236768046875