4 0.23713413593750002 0.3919581640625 0.23713413593750002 0.47936830625000004 0.256255103125 0.47936830625000004 0.256255103125 0.3919581640625 0.23713413593750002 0.3919581640625
4 0.26854715625000003 0.3798178671875 0.26854715625000003 0.48665248749999995 0.2972286078125 0.48665248749999995 0.2972286078125 0.3798178671875 0.26854715625000003 0.3798178671875
2 0.4501963578125 0.3822459265625 0.4501963578125 0.6274799375 0.6168219421875001 0.6274799375 0.6168219421875001 0.3822459265625 0.4501963578125 0.3822459265625
2 0.629113990625 0.3919581640625 0.629113990625 0.53278561875 0.7834475234375 0.53278561875 0.7834475234375 0.3919581640625 0.629113990625 0.3919581640625
2 0.8667603171874999 0.41138263906250006 0.8667603171874999 0.5522100937500001 0.9992413140625 0.5522100937500001 0.9992413140625 0.41138263906250006 0.8667603171874999 0.41138263906250006
2 0.379175615625 0.416238759375 0.379175615625 0.47936830625000004 0.42561225468749997 0.47936830625000004 0.42561225468749997 0.416238759375 0.379175615625 0.416238759375
1 0.727450403125 0.3968142828125 0.727450403125 0.5109330812499999 0.8462735640625001 0.5109330812499999 0.8462735640625001 0.3968142828125 0.727450403125 0.3968142828125
2 0.3955650171875 0.38953010625 0.3955650171875 0.47451218749999996 0.4392700890625 0.47451218749999996 0.4392700890625 0.38953010625 0.3955650171875 0.38953010625
2 0.81298974375 0.447111865625 0.81298974375 0.5129655515625 0.864654559375 0.5129655515625 0.864654559375 0.447111865625 0.81298974375 0.447111865625
4 0.26904696562499997 0.3933891234375 0.26904696562499997 0.4800387078125 0.28171946718749996 0.4800387078125 0.28171946718749996 0.3933891234375 0.26904696562499997 0.3933891234375
2 0.45133603281249995 0.4263159671875 0.45133603281249995 0.4575098171875 0.4669329578125 0.4575098171875 0.4669329578125 0.4263159671875 0.45133603281249995 0.4263159671875