2 0.064098121875 0.40008794375 0.064098121875 0.455891215625 0.1264350328125 0.455891215625 0.1264350328125 0.40008794375 0.064098121875 0.40008794375
2 0.001019634375 0.4214501234375 0.001019634375 0.4803625125 0.043844403125 0.4803625125 0.043844403125 0.4214501234375 0.001019634375 0.4214501234375
2 0.2312027765625 0.39425979375 0.2312027765625 0.4092144765625 0.250320978125 0.4092144765625 0.250320978125 0.39425979375 0.2312027765625 0.39425979375
2 0.187613278125 0.39425979375 0.187613278125 0.411933509375 0.20902566406249998 0.411933509375 0.20902566406249998 0.39425979375 0.187613278125 0.39425979375
2 0.3364803421875 0.39969786093750004 0.3364803421875 0.420090609375 0.35559854375 0.420090609375 0.35559854375 0.39969786093750004 0.3364803421875 0.39969786093750004
2 0.35253962968749997 0.3969788265625 0.35253962968749997 0.420090609375 0.3663047359375 0.420090609375 0.3663047359375 0.3969788265625 0.35253962968749997 0.3969788265625
2 0.36706946406249996 0.39425979375 0.36706946406249996 0.41873109375000006 0.3793051140625 0.41873109375000006 0.3793051140625 0.39425979375 0.36706946406249996 0.39425979375
2 0.48024921562499995 0.3874622125 0.48024921562499995 0.4282477078125 0.5016616 0.4282477078125 0.5016616 0.3874622125 0.48024921562499995 0.3874622125
2 0.49019068125 0.392900278125 0.49019068125 0.44048335625 0.5414274578125 0.44048335625 0.5414274578125 0.392900278125 0.49019068125 0.392900278125
2 0.5560268125000001 0.38649277656250003 0.5560268125000001 0.4490305390625 0.62791125 0.4490305390625 0.62791125 0.38649277656250003 0.5560268125000001 0.38649277656250003
2 0.6363232578125 0.38649277656250003 0.6363232578125 0.4993326484375 0.7433851859375 0.4993326484375 0.7433851859375 0.38649277656250003 0.6363232578125 0.38649277656250003
2 0.705461625 0.380664628125 0.705461625 0.54108758125 0.8958789109374999 0.54108758125 0.8958789109374999 0.380664628125 0.705461625 0.380664628125
1 0.368981284375 0.34123865000000003 0.368981284375 0.42960722812499996 0.4339831703125 0.42960722812499996 0.4339831703125 0.34123865000000003 0.368981284375 0.34123865000000003