2 0.4598028328125 0.3198836328125 0.4598028328125 0.33013308750000003 0.4812168703125 0.33013308750000003 0.4812168703125 0.3198836328125 0.4598028328125 0.3198836328125
2 0.3387311546875 0.381380359375 0.3387311546875 0.4545907484375 0.388971784375 0.4545907484375 0.388971784375 0.381380359375 0.3387311546875 0.381380359375
2 0.242367984375 0.3725951109375 0.242367984375 0.4794822734375 0.32884775 0.4794822734375 0.32884775 0.3725951109375 0.242367984375 0.3725951109375
2 0.4112094375 0.3887013953125 0.4112094375 0.4296992140625 0.43509432812500004 0.4296992140625 0.43509432812500004 0.3887013953125 0.4112094375 0.3887013953125
2 0.5899342937500001 0.38577298125000004 0.5899342937500001 0.4458054984375 0.6368804546875 0.4458054984375 0.6368804546875 0.38577298125000004 0.5899342937500001 0.38577298125000004
2 0.7365380953125 0.40187926718750006 0.7365380953125 0.47069703125 0.81231084375 0.47069703125 0.81231084375 0.40187926718750006 0.7365380953125 0.40187926718750006
2 0.9226755015625001 0.41944975937500006 0.9226755015625001 0.517551678125 0.99927186875 0.517551678125 0.99927186875 0.41944975937500006 0.9226755015625001 0.41944975937500006
2 0.0026954812500000003 0.41212872031250003 0.0026954812500000003 0.46044757656249996 0.10070588437500001 0.46044757656249996 0.10070588437500001 0.41212872031250003 0.0026954812500000003 0.41212872031250003
2 0.68876831875 0.39602243593750003 0.68876831875 0.45459074531250004 0.75301043125 0.45459074531250004 0.75301043125 0.39602243593750003 0.68876831875 0.39602243593750003
2 0.6657070453125 0.39602243593750003 0.6657070453125 0.44726970625 0.706064271875 0.44726970625 0.706064271875 0.39602243593750003 0.6657070453125 0.39602243593750003
2 0.647587475 0.3901656046875 0.647587475 0.4428770828125 0.66982513125 0.4428770828125 0.66982513125 0.3901656046875 0.647587475 0.3901656046875
2 0.6335859875 0.381380359375 0.6335859875 0.4311634203125 0.6508819421875 0.4311634203125 0.6508819421875 0.381380359375 0.6335859875 0.381380359375
2 0.5619313218750001 0.39602243593750003 0.5619313218750001 0.42091396249999996 0.58746344375 0.42091396249999996 0.58746344375 0.39602243593750003 0.5619313218750001 0.39602243593750003
2 0.5339283484374999 0.394558228125 0.5339283484374999 0.41359293125 0.5602840890625 0.41359293125 0.5602840890625 0.394558228125 0.5339283484374999 0.394558228125
2 0.5240449468749999 0.3887013953125 0.5240449468749999 0.4062718890625 0.5339283484374999 0.4062718890625 0.5339283484374999 0.3887013953125 0.5240449468749999 0.3887013953125
2 0.51416154375 0.381380359375 0.51416154375 0.40187926718750006 0.5199268625 0.40187926718750006 0.5199268625 0.381380359375 0.51416154375 0.381380359375
2 0.505101759375 0.3828445671875 0.505101759375 0.400415053125 0.51416154375 0.400415053125 0.51416154375 0.3828445671875 0.505101759375 0.3828445671875
2 0.4540375140625 0.38577298125000004 0.4540375140625 0.40187926718750006 0.46474453281250006 0.40187926718750006 0.46474453281250006 0.38577298125000004 0.4540375140625 0.38577298125000004
2 0.4474485796875 0.3828445671875 0.4474485796875 0.40187926718750006 0.453213896875 0.40187926718750006 0.453213896875 0.3828445671875 0.4474485796875 0.3828445671875
2 0.44003602812500003 0.381380359375 0.44003602812500003 0.4062718921875 0.44909581249999997 0.4062718921875 0.44909581249999997 0.381380359375 0.44003602812500003 0.381380359375
2 0.4285053921875 0.381380359375 0.4285053921875 0.4062718921875 0.44003602812500003 0.4062718921875 0.44003602812500003 0.381380359375 0.4285053921875 0.381380359375
2 0.40462050312500003 0.381380359375 0.40462050312500003 0.40041505781250003 0.4145039046875 0.40041505781250003 0.4145039046875 0.381380359375 0.40462050312500003 0.381380359375
2 0.39226625 0.38723718906250004 0.39226625 0.4077360953125 0.4070913546875 0.4077360953125 0.4070913546875 0.38723718906250004 0.39226625 0.38723718906250004
2 0.3807356140625 0.394558228125 0.3807356140625 0.425306590625 0.397207953125 0.425306590625 0.397207953125 0.394558228125 0.3807356140625 0.394558228125
2 0.31896435 0.38430877343750003 0.31896435 0.42823500625 0.34284923749999996 0.42823500625 0.34284923749999996 0.38430877343750003 0.31896435 0.38430877343750003