2 0.40312249062500005 0.3504635625 0.40312249062500005 0.4112582640625 0.4674933484375 0.4112582640625 0.4674933484375 0.3504635625 0.40312249062500005 0.3504635625
2 0.1898940203125 0.25211919531250004 0.1898940203125 0.32900660937500004 0.2914792828125 0.32900660937500004 0.2914792828125 0.25211919531250004 0.1898940203125 0.25211919531250004
2 0.0943435265625 0.1966887359375 0.0943435265625 0.264635753125 0.177824484375 0.264635753125 0.177824484375 0.1966887359375 0.0943435265625 0.1966887359375
2 0.4674933484375 0.3558278 0.4674933484375 0.3719205171875 0.49666139375 0.3719205171875 0.49666139375 0.3558278 0.4674933484375 0.3558278
2 0.506719340625 0.35225164375 0.506719340625 0.389801309375 0.5580148687500001 0.389801309375 0.5580148687500001 0.35225164375 0.506719340625 0.35225164375
2 0.5600264578124999 0.36298011875 0.5600264578124999 0.43450329375 0.5851713265625 0.43450329375 0.5851713265625 0.36298011875 0.5600264578124999 0.36298011875
2 0.5841655296875 0.3558278 0.5841655296875 0.43450329375 0.623391521875 0.43450329375 0.623391521875 0.3558278 0.5841655296875 0.3558278
2 0.6012640390625 0.3719205171875 0.6012640390625 0.45596024843749994 0.6203741375 0.45596024843749994 0.6203741375 0.3719205171875 0.6012640390625 0.3719205171875
2 0.6083046015625 0.36834435625 0.6083046015625 0.45417216875 0.6364668515624999 0.45417216875 0.6364668515624999 0.36834435625 0.6083046015625 0.36834435625
2 0.618362546875 0.3468874046875 0.618362546875 0.48993375625 0.6606059234375 0.48993375625 0.6606059234375 0.3468874046875 0.618362546875 0.3468874046875
2 0.6425016203125 0.264635753125 0.6425016203125 0.5757615687500001 0.8738343953125 0.5757615687500001 0.8738343953125 0.264635753125 0.6425016203125 0.264635753125
2 0.7310115500000001 0.2825165453125 0.7310115500000001 0.8654304328125001 0.9994969890625001 0.8654304328125001 0.9994969890625001 0.2825165453125 0.7310115500000001 0.2825165453125
2 0.42826735625 0.361192040625 0.42826735625 0.59543044375 0.58014235 0.59543044375 0.58014235 0.361192040625 0.42826735625 0.361192040625
2 0.27639236093749997 0.314701975 0.27639236093749997 0.4631125640625 0.374960240625 0.4631125640625 0.374960240625 0.314701975 0.27639236093749997 0.314701975
2 0.1385984921875 0.30754965625 0.1385984921875 0.52569534375 0.293490871875 0.52569534375 0.293490871875 0.30754965625 0.1385984921875 0.30754965625
2 0.0001812703125 0.27715230625 0.0001812703125 0.6240397125 0.1647491546875 0.6240397125 0.1647491546875 0.27715230625 0.0001812703125 0.27715230625