2 0.3923436125 0.49017839687500003 0.3923436125 0.5164283890625 0.40921860781249997 0.5164283890625 0.40921860781249997 0.49017839687500003 0.3923436125 0.49017839687500003
2 0.37652330625 0.488303396875 0.37652330625 0.5258033859375 0.3965623625 0.5258033859375 0.3965623625 0.488303396875 0.37652330625 0.488303396875
2 0.276328028125 0.49205339531250003 0.276328028125 0.5520533750000001 0.312187390625 0.5520533750000001 0.312187390625 0.49205339531250003 0.276328028125 0.49205339531250003
2 0.2510155375 0.5089283906250001 0.2510155375 0.5595533734375 0.2805467765625 0.5595533734375 0.2805467765625 0.5089283906250001 0.2510155375 0.5089283906250001
2 0.2214842984375 0.5145533890625 0.2214842984375 0.5726783656250001 0.25417959843750004 0.5726783656250001 0.25417959843750004 0.5145533890625 0.2214842984375 0.5145533890625
2 0.580077921875 0.4808034 0.580077921875 0.5126783890625 0.600116978125 0.5126783890625 0.600116978125 0.4808034 0.580077921875 0.4808034
2 0.5895701046874999 0.4770534015625 0.5895701046874999 0.5145533906249999 0.6117185375 0.5145533906249999 0.6117185375 0.4770534015625 0.5895701046874999 0.4770534015625
2 0.6053904125 0.48455339999999997 0.6053904125 0.5145533890625 0.62753884375 0.5145533890625 0.62753884375 0.48455339999999997 0.6053904125 0.48455339999999997
2 0.6222654078125001 0.48455339999999997 0.6222654078125001 0.510803390625 0.641249775 0.510803390625 0.641249775 0.48455339999999997 0.6222654078125001 0.48455339999999997
2 0.6927787796875 0.4808034 0.6927787796875 0.56705336875 0.7434037625000001 0.56705336875 0.7434037625000001 0.4808034 0.6927787796875 0.4808034
2 0.6368803609375 0.48455339999999997 0.6368803609375 0.50517839375 0.6938334671875 0.50517839375 0.6938334671875 0.48455339999999997 0.6368803609375 0.48455339999999997
2 0.5651616374999999 0.471428403125 0.5651616374999999 0.50517839375 0.5799272578125 0.50517839375 0.5799272578125 0.471428403125 0.5651616374999999 0.471428403125
2 0.7325197609375 0.46162483749999994 0.7325197609375 0.6191247828125 0.865410340625 0.6191247828125 0.865410340625 0.46162483749999994 0.7325197609375 0.46162483749999994
2 0.45056234687499996 0.47962483437500003 0.45056234687499996 0.5058748265624999 0.467437340625 0.5058748265624999 0.467437340625 0.47962483437500003 0.45056234687499996 0.47962483437500003
2 0.41575767187499996 0.48712483124999995 0.41575767187499996 0.513374821875 0.43896079062500004 0.513374821875 0.43896079062500004 0.48712483124999995 0.41575767187499996 0.48712483124999995
2 0.5075154515625 0.4702498390625 0.5075154515625 0.49462482812499997 0.522281071875 0.49462482812499997 0.522281071875 0.4702498390625 0.5075154515625 0.4702498390625
2 0.543374815625 0.4721248390625 0.543374815625 0.5077498265625 0.5644685593750001 0.5077498265625 0.5644685593750001 0.4721248390625 0.543374815625 0.4721248390625
2 0.5865510609375 0.499124825 0.5865510609375 0.6978747578125 0.747918190625 0.6978747578125 0.747918190625 0.499124825 0.5865510609375 0.499124825
2 0.308113659375 0.48412483125000005 0.308113659375 0.5797497968750001 0.3787776953125 0.5797497968750001 0.3787776953125 0.48412483125000005 0.308113659375 0.48412483125000005
2 0 0.7328317703125 0.236510596875 0.7328317703125 0.236510596875 0.49470685625 0 0.49470685625 0 0.7328317703125
2 0.793124721875 0.5024998234375 0.793124721875 0.69562475625 0.9987887125 0.69562475625 0.9987887125 0.5024998234375 0.793124721875 0.5024998234375
2 0.4796054609375 0.4817717 0.4796054609375 0.49910161718749996 0.4952023859375 0.49910161718749996 0.4952023859375 0.4817717 0.4796054609375 0.4817717
2 0.49325277031250003 0.47483973281249997 0.49325277031250003 0.49563563281249995 0.502026040625 0.49563563281249995 0.502026040625 0.47483973281249997 0.49325277031250003 0.47483973281249997