2 0.42743684374999996 0.2800225609375 0.42743684374999996 0.30340839375 0.440591375 0.30340839375 0.440591375 0.2800225609375 0.42743684374999996 0.2800225609375
2 0.4358079078125 0.277896575 0.4358079078125 0.30340839375 0.451354171875 0.30340839375 0.451354171875 0.277896575 0.4358079078125 0.277896575
2 0.44657070781249997 0.2821485453125 0.44657070781249997 0.30553437968749997 0.46092110625 0.30553437968749997 0.46092110625 0.2821485453125 0.44657070781249997 0.2821485453125
2 0.4561376390625 0.2821485453125 0.4561376390625 0.3076603640625 0.4704880375 0.3076603640625 0.4704880375 0.2821485453125 0.4561376390625 0.2821485453125
2 0.4680963046875 0.2821485453125 0.4680963046875 0.31403831875 0.4836425703125 0.31403831875 0.4836425703125 0.2821485453125 0.4680963046875 0.2821485453125
2 0.48125083437500005 0.2821485453125 0.48125083437500005 0.32254225625 0.5015805656250001 0.32254225625 0.5015805656250001 0.2821485453125 0.48125083437500005 0.2821485453125
2 0.49440536562500004 0.286400515625 0.49440536562500004 0.3267942265625 0.5183226953125 0.3267942265625 0.5183226953125 0.286400515625 0.49440536562500004 0.286400515625
2 0.5075598968749999 0.2566367296875 0.5075598968749999 0.34380210624999996 0.579311884375 0.34380210624999996 0.579311884375 0.2566367296875 0.5075598968749999 0.2566367296875
2 0.5960540171875001 0.25238475781249997 0.5960540171875001 0.3990777125 0.6988985328124999 0.3990777125 0.6988985328124999 0.25238475781249997 0.5960540171875001 0.25238475781249997
2 0.652259740625 0.22262096874999998 0.652259740625 0.467109225 0.8591446406250001 0.467109225 0.8591446406250001 0.22262096874999998 0.652259740625 0.22262096874999998
2 0.8331772578125 0.30340839375 0.8331772578125 0.56870094375 0.9979505718749999 0.56870094375 0.9979505718749999 0.30340839375 0.8331772578125 0.30340839375
2 0.401469459375 0.277896575 0.401469459375 0.3246682421875 0.43375785625 0.3246682421875 0.43375785625 0.277896575 0.401469459375 0.277896575
2 0.3907066625 0.2821485453125 0.3907066625 0.30340839375 0.4062529265625 0.30340839375 0.4062529265625 0.2821485453125 0.3907066625 0.2821485453125
2 0.3787479984375 0.277896575 0.3787479984375 0.30553438125 0.3942942625 0.30553438125 0.3942942625 0.277896575 0.3787479984375 0.277896575
2 0.362005865625 0.277896575 0.362005865625 0.307660365625 0.382335596875 0.307660365625 0.382335596875 0.277896575 0.362005865625 0.277896575
2 0.34167613750000003 0.2885265 0.34167613750000003 0.31403831875 0.356026534375 0.31403831875 0.356026534375 0.2885265 0.34167613750000003 0.2885265
2 0.329717471875 0.286400515625 0.329717471875 0.3119123328125 0.3428720046875 0.3119123328125 0.3428720046875 0.286400515625 0.329717471875 0.286400515625
2 0.3153670734375 0.286400515625 0.3153670734375 0.3182902875 0.3309133390625 0.3182902875 0.3309133390625 0.286400515625 0.3153670734375 0.286400515625
2 0.30101667656250003 0.2821485453125 0.30101667656250003 0.320416271875 0.3189546734375 0.320416271875 0.3189546734375 0.2821485453125 0.30101667656250003 0.2821485453125
2 0.2747076140625 0.2800225609375 0.2747076140625 0.331046196875 0.304604275 0.331046196875 0.304604275 0.2800225609375 0.2747076140625 0.2800225609375
2 0.2292646875 0.2821485453125 0.2292646875 0.3416761203125 0.2699241484375 0.3416761203125 0.2699241484375 0.2821485453125 0.2292646875 0.2821485453125
2 0.188605228125 0.29277846875 0.188605228125 0.35443203125 0.24241921875 0.35443203125 0.24241921875 0.29277846875 0.188605228125 0.29277846875
2 0.020842242187500002 0.29490445468750004 0.020842242187500002 0.41821157500000006 0.120099159375 0.41821157500000006 0.120099159375 0.29490445468750004 0.020842242187500002 0.29490445468750004
2 0.0005125125000000001 0.2821485453125 0.0005125125000000001 0.42671551250000006 0.048347171875 0.42671551250000006 0.048347171875 0.2821485453125 0.0005125125000000001 0.2821485453125
2 0.13649320625 0.283181175 0.13649320625 0.3214489015625 0.18432786406249999 0.3214489015625 0.18432786406249999 0.283181175 0.13649320625 0.283181175