2 0.140518778125 0.5485649234375 0.140518778125 0.57711476875 0.1726373578125 0.57711476875 0.1726373578125 0.5485649234375 0.140518778125 0.5485649234375
2 0.10954729218749999 0.5608005687500001 0.10954729218749999 0.6015860625 0.1405187765625 0.6015860625 0.1405187765625 0.5608005687500001 0.10954729218749999 0.5608005687500001
2 0.2552279859375 0.54652565 0.2552279859375 0.60362534375 0.295376209375 0.60362534375 0.295376209375 0.54652565 0.2552279859375 0.54652565
2 0.1428129625 0.5424470968749999 0.1428129625 0.6382930140624999 0.24605125156250002 0.6382930140624999 0.24605125156250002 0.5424470968749999 0.1428129625 0.5424470968749999
5 0.6349154625 0.5444863734375 0.6349154625 0.6158609921875 0.6567102125 0.6158609921875 0.6567102125 0.5444863734375 0.6349154625 0.5444863734375
3 0.6349154625 0.5893504187499999 0.6349154625 0.6423715609375 0.6601514890625 0.6423715609375 0.6601514890625 0.5893504187499999 0.6349154625 0.5893504187499999
4 0.8081263671875 0.5424470968749999 0.8081263671875 0.613821715625 0.8207443796874999 0.613821715625 0.8207443796874999 0.5424470968749999 0.8081263671875 0.5424470968749999
2 0.4467923625 0.4996223265625 0.4467923625 0.787160071875 0.6062381593749999 0.787160071875 0.6062381593749999 0.4996223265625 0.4467923625 0.4996223265625
2 0.0017206374999999999 0.5444863734375 0.0017206374999999999 0.8095921031250001 0.1072531109375 0.8095921031250001 0.1072531109375 0.5444863734375 0.0017206374999999999 0.5444863734375
2 0.7496246703125 0.481268853125 0.7496246703125 0.9972053781250001 0.9973965609375 0.9972053781250001 0.9973965609375 0.481268853125 0.7496246703125 0.481268853125
2 0.7550313890625 0.55668245625 0.7550313890625 0.6040222421875 0.8000245890625 0.6040222421875 0.8000245890625 0.55668245625 0.7550313890625 0.55668245625
2 0.443751896875 0.54688801875 0.443751896875 0.581168553125 0.48415395468750005 0.581168553125 0.48415395468750005 0.54688801875 0.443751896875 0.54688801875