4 0.241565028125 0.3173032375 0.241565028125 0.39171270625 0.2571112921875 0.39171270625 0.2571112921875 0.3173032375 0.241565028125 0.3173032375
4 0.30853355 0.3406890703125 0.30853355 0.3768308125 0.322883946875 0.3768308125 0.322883946875 0.3406890703125 0.30853355 0.3406890703125
4 0.3013583515625 0.3406890703125 0.3013583515625 0.385334753125 0.31570874843749996 0.385334753125 0.31570874843749996 0.3406890703125 0.3013583515625 0.3406890703125
4 0.21764769843749998 0.31305126875 0.21764769843749998 0.41935050937499996 0.2391732953125 0.41935050937499996 0.2391732953125 0.31305126875 0.21764769843749998 0.31305126875
4 0.192534503125 0.31305126875 0.192534503125 0.42147649375 0.21406009843749998 0.42147649375 0.21406009843749998 0.31305126875 0.192534503125 0.31305126875
4 0.057401590625 0.285413465625 0.057401590625 0.43210641875 0.10404038281250001 0.43210641875 0.10404038281250001 0.285413465625 0.057401590625 0.285413465625
4 0.811096434375 0.34919300937500003 0.811096434375 0.5724214187500001 0.8756732250000001 0.5724214187500001 0.8756732250000001 0.34919300937500003 0.811096434375 0.34919300937500003
4 0.5468099453125 0.355570965625 0.5468099453125 0.40021664375 0.5551810109375 0.40021664375 0.5551810109375 0.355570965625 0.5468099453125 0.355570965625
4 0.539634746875 0.36620088906250003 0.539634746875 0.3959646765625 0.5468099453125 0.3959646765625 0.5468099453125 0.36620088906250003 0.539634746875 0.36620088906250003
4 0.5252843484375 0.36194891875 0.5252843484375 0.40021664531249995 0.53485128125 0.40021664531249995 0.53485128125 0.36194891875 0.5252843484375 0.36194891875
4 0.5169132828125 0.36194891875 0.5169132828125 0.3959646765625 0.5252843484375 0.3959646765625 0.5252843484375 0.36194891875 0.5169132828125 0.36194891875
2 0.4212439640625 0.3683268734375 0.4212439640625 0.39171270625 0.434398496875 0.39171270625 0.434398496875 0.3683268734375 0.4212439640625 0.3683268734375
2 0.412573934375 0.36620088906250003 0.412573934375 0.3874607375 0.42333673125000004 0.3874607375 0.42333673125000004 0.36620088906250003 0.412573934375 0.36620088906250003
2 0.4340995296875 0.359822934375 0.4340995296875 0.3874607375 0.4472540609375 0.3874607375 0.4472540609375 0.359822934375 0.4340995296875 0.359822934375
2 0.444862328125 0.3406890703125 0.444862328125 0.3938386921875 0.4687796578125 0.3938386921875 0.4687796578125 0.3406890703125 0.444862328125 0.3406890703125
2 0.454429259375 0.36194891875 0.454429259375 0.3938386921875 0.4735631234375 0.3938386921875 0.4735631234375 0.36194891875 0.454429259375 0.36194891875
2 0.467583790625 0.36620088906250003 0.467583790625 0.3938386921875 0.480738321875 0.3938386921875 0.480738321875 0.36620088906250003 0.467583790625 0.36620088906250003
2 0.474758990625 0.35769695 0.474758990625 0.40021664531249995 0.4903052546875 0.40021664531249995 0.4903052546875 0.35769695 0.474758990625 0.35769695
2 0.399419403125 0.3640749046875 0.399419403125 0.3938386921875 0.4137698 0.3938386921875 0.4137698 0.3640749046875 0.399419403125 0.3640749046875
2 0.3814814046875 0.347067025 0.3814814046875 0.3980906609375 0.4030070015625 0.3980906609375 0.4030070015625 0.347067025 0.3814814046875 0.347067025
2 0.3731103390625 0.34919300937500003 0.3731103390625 0.3980906609375 0.392244203125 0.3980906609375 0.392244203125 0.34919300937500003 0.3731103390625 0.34919300937500003
2 0.35158474375000004 0.35131899375 0.35158474375000004 0.4257284640625 0.3850690046875 0.4257284640625 0.3850690046875 0.35131899375 0.35158474375000004 0.35131899375
2 0.4867176546875 0.35769695 0.4867176546875 0.4023426296875 0.5178101828125 0.4023426296875 0.5178101828125 0.35769695 0.4867176546875 0.35769695
6 0.3838731390625 0.3343111171875 0.3838731390625 0.37257884375 0.40779046875 0.37257884375 0.40779046875 0.3343111171875 0.3838731390625 0.3343111171875
6 0.405398734375 0.35131899375 0.405398734375 0.36620088906250003 0.41496566718750005 0.36620088906250003 0.41496566718750005 0.35131899375 0.405398734375 0.35131899375
6 0.5548820437499999 0.330059146875 0.5548820437499999 0.4661221765625 0.65294309375 0.4661221765625 0.65294309375 0.330059146875 0.5548820437499999 0.330059146875
2 0.8857953828125 0.4598201515625 0.8857953828125 0.708560378125 0.9982068312499999 0.708560378125 0.9982068312499999 0.4598201515625 0.8857953828125 0.4598201515625
4 0.9563515031250001 0.268481515625 0.9563515031250001 0.7702139406249999 0.9982068312499999 0.7702139406249999 0.9982068312499999 0.268481515625 0.9563515031250001 0.268481515625