4 0.9750097203125 0.523443865625 0.9750097203125 0.6584439859375 0.9993670531250001 0.6584439859375 0.9993670531250001 0.523443865625 0.9750097203125 0.523443865625
4 0.9234294859375 0.5081608328125 0.9234294859375 0.6813685375 0.9549507390624999 0.6813685375 0.9549507390624999 0.5081608328125 0.9234294859375 0.5081608328125
4 0.9477868171875 0.50051931875 0.9477868171875 0.7068402593750001 0.9979342687500001 0.7068402593750001 0.9979342687500001 0.50051931875 0.9477868171875 0.50051931875
0 0.752211759375 0.561651446875 0.752211759375 0.63042509375 0.78230023125 0.63042509375 0.78230023125 0.561651446875 0.752211759375 0.561651446875
4 0.596038271875 0.55400993125 0.596038271875 0.5845759984375001 0.604634978125 0.5845759984375001 0.604634978125 0.55400993125 0.596038271875 0.55400993125
4 0.5458908203124999 0.551462759375 0.5458908203124999 0.5896703421875 0.554487528125 0.5896703421875 0.554487528125 0.551462759375 0.5458908203124999 0.551462759375
4 0.5372941140624999 0.55400993125 0.5372941140624999 0.58712316875 0.5473236046875 0.58712316875 0.5473236046875 0.55400993125 0.5372941140624999 0.55400993125
4 0.10172768437499999 0.53108538125 0.10172768437499999 0.6737270203125 0.150442353125 0.6737270203125 0.150442353125 0.53108538125 0.10172768437499999 0.53108538125
4 0.0487146671875 0.546368415625 0.0487146671875 0.668632675 0.071639215625 0.668632675 0.071639215625 0.546368415625 0.0487146671875 0.546368415625
4 0.0329540390625 0.5947646859375 0.0329540390625 0.68646288125 0.0616097234375 0.68646288125 0.0616097234375 0.5947646859375 0.0329540390625 0.5947646859375
4 0.2349766265625 0.6024062 0.2349766265625 0.6737270203125 0.25503560625 0.6737270203125 0.25503560625 0.6024062 0.2349766265625 0.6024062
4 0.20775372343749998 0.5285382109375 0.20775372343749998 0.6839157078125 0.2392749796875 0.6839157078125 0.2392749796875 0.5285382109375 0.20775372343749998 0.5285382109375
2 0.394015684375 0.5565571046875 0.394015684375 0.5794816546875 0.41407466406250004 0.5794816546875 0.41407466406250004 0.5565571046875 0.394015684375 0.5565571046875
2 0.3696583515625 0.551462759375 0.3696583515625 0.58712316875 0.3968812515625 0.58712316875 0.3968812515625 0.551462759375 0.3696583515625 0.551462759375
2 0.32237646875000003 0.546368415625 0.32237646875000003 0.58712316875 0.35103215468750004 0.58712316875 0.35103215468750004 0.546368415625 0.32237646875000003 0.546368415625
2 0.24070776249999998 0.533632553125 0.24070776249999998 0.6431609546875 0.3410026640625 0.6431609546875 0.3410026640625 0.533632553125 0.24070776249999998 0.533632553125
2 0.10602603906250001 0.523443865625 0.10602603906250001 0.6584439859375 0.2249471375 0.6584439859375 0.2249471375 0.523443865625 0.10602603906250001 0.523443865625
2 0 0.6558968171874999 0.116055528125 0.6558968171874999 0.116055528125 0.5056136609374999 0 0.5056136609374999 0 0.6558968171874999
2 0.44989427187500003 0.5565571046875 0.44989427187500003 0.5845759984375001 0.4785499578125 0.5845759984375001 0.4785499578125 0.5565571046875 0.44989427187500003 0.5565571046875
1 0.49001223281249995 0.5132551796875 0.49001223281249995 0.5947646859375 0.53586133125 0.5947646859375 0.53586133125 0.5132551796875 0.49001223281249995 0.5132551796875
2 0.5616514484375 0.5565571046875 0.5616514484375 0.5896703421875 0.60320219375 0.5896703421875 0.60320219375 0.5565571046875 0.5616514484375 0.5565571046875
2 0.5272646234375 0.536179725 0.5272646234375 0.571840134375 0.54589081875 0.571840134375 0.54589081875 0.536179725 0.5272646234375 0.536179725
2 0.4771171734375 0.551462759375 0.4771171734375 0.5794816546875 0.49574336875 0.5794816546875 0.49574336875 0.551462759375 0.4771171734375 0.551462759375
2 0.6189628203125 0.533632553125 0.6189628203125 0.6278779218749999 0.6891692515625001 0.6278779218749999 0.6891692515625001 0.533632553125 0.6189628203125 0.533632553125
2 0.6612299578124999 0.5412740703125001 0.6612299578124999 0.6431609546875 0.7629576421875 0.6431609546875 0.7629576421875 0.5412740703125001 0.6612299578124999 0.5412740703125001
4 0.704929878125 0.5285382109375 0.704929878125 0.551462759375 0.7149593703125 0.551462759375 0.7149593703125 0.5285382109375 0.704929878125 0.5285382109375