2 0.46978951249999995 0.459326434375 0.46978951249999995 0.48264249687499994 0.4855278546875 0.48264249687499994 0.4855278546875 0.459326434375 0.46978951249999995 0.459326434375
2 0.505200784375 0.466321253125 0.505200784375 0.489637315625 0.51831606875 0.489637315625 0.51831606875 0.466321253125 0.505200784375 0.466321253125
2 0.5156930109375 0.466321253125 0.5156930109375 0.491968921875 0.5288082968750001 0.491968921875 0.5288082968750001 0.466321253125 0.5156930109375 0.466321253125
2 0.3688018171875 0.466321253125 0.3688018171875 0.496632134375 0.3858516875 0.496632134375 0.3858516875 0.466321253125 0.3688018171875 0.466321253125
2 0.3307674890625 0.466321253125 0.3307674890625 0.503626953125 0.372736403125 0.503626953125 0.372736403125 0.466321253125 0.3307674890625 0.466321253125
2 0.6869786640625 0.47797928437500004 0.6869786640625 0.580569959375 0.7682934343750001 0.580569959375 0.7682934343750001 0.47797928437500004 0.6869786640625 0.47797928437500004
2 0.7360298234375 0.47331607187499997 0.7360298234375 0.6318652984375001 0.8894786609375 0.6318652984375001 0.8894786609375 0.47331607187499997 0.7360298234375 0.47331607187499997
2 0.48133096875000003 0.45699482812500003 0.48133096875000003 0.49430052812499997 0.506250009375 0.49430052812499997 0.506250009375 0.45699482812500003 0.48133096875000003 0.45699482812500003
2 0.521988353125 0.463989646875 0.521988353125 0.496632134375 0.545595865625 0.496632134375 0.545595865625 0.463989646875 0.521988353125 0.463989646875
2 0.5482189234375 0.401036278125 0.5482189234375 0.5595855046875 0.6649449609375 0.5595855046875 0.6649449609375 0.401036278125 0.5482189234375 0.401036278125
2 0 0.6761658171875 0.1193490953125 0.6761658171875 0.1193490953125 0.377720215625 0 0.377720215625 0 0.6761658171875
2 0.83456933125 0.47487048749999994 0.83456933125 0.7290155703125001 0.998510396875 0.7290155703125001 0.998510396875 0.47487048749999994 0.83456933125 0.47487048749999994