2 0.5183733453125 0.8952631609375 0.5183733453125 0.9236842140625001 0.5313626546875 0.9236842140625001 0.5313626546875 0.8952631609375 0.5183733453125 0.8952631609375
2 0.4734103515625 0.877500003125 0.4734103515625 0.964539478125 0.5243684125 0.964539478125 0.5243684125 0.877500003125 0.4734103515625 0.877500003125
2 0.388480253125 0.8668421093750001 0.388480253125 0.9965131609375 0.47840624062500003 0.9965131609375 0.47840624062500003 0.8668421093750001 0.388480253125 0.8668421093750001
2 0.540355253125 0.8899342156250001 0.540355253125 0.9343421093750001 0.5643355171875 0.9343421093750001 0.5643355171875 0.8899342156250001 0.540355253125 0.8899342156250001
2 0.5573412734375001 0.8881579015625001 0.5573412734375001 0.93789474375 0.5743272921875 0.93789474375 0.5743272921875 0.8881579015625001 0.5573412734375001 0.8881579015625001
2 0.5613379843749999 0.88460526875 0.5613379843749999 0.9538815812499999 0.592312490625 0.9538815812499999 0.592312490625 0.88460526875 0.5613379843749999 0.88460526875
2 0.5813215359374999 0.877500003125 0.5813215359374999 0.9574342140625 0.604302621875 0.9574342140625 0.604302621875 0.877500003125 0.5813215359374999 0.877500003125
2 0.5773248265625 0.84552631875 0.5773248265625 0.98585526875 0.6482664390624999 0.98585526875 0.6482664390624999 0.84552631875 0.5773248265625 0.84552631875
2 0.624286175 0.859736846875 0.624286175 0.998289478125 0.6802401234375 0.998289478125 0.6802401234375 0.859736846875 0.624286175 0.859736846875
2 0.6492656171875 0.8419736890625 0.6492656171875 0.998289478125 0.8321151234374999 0.998289478125 0.8321151234374999 0.8419736890625 0.6492656171875 0.8419736890625
2 0.0007993296875 0.705197371875 0.0007993296875 0.998289478125 0.4044670953125 0.998289478125 0.4044670953125 0.705197371875 0.0007993296875 0.705197371875