2 0.4584226875 0.5257894750000001 0.4584226875 0.5524342125 0.46541693124999994 0.5524342125 0.46541693124999994 0.5257894750000001 0.4584226875 0.5257894750000001
2 0.42245229218749997 0.5311184234375 0.42245229218749997 0.5719736859375 0.461420221875 0.5719736859375 0.461420221875 0.5311184234375 0.42245229218749997 0.5311184234375
4 0.09572120625 0.5400000046875 0.09572120625 0.6199342156250001 0.115704759375 0.6199342156250001 0.115704759375 0.5400000046875 0.09572120625 0.5400000046875
4 0.08173271875 0.543552634375 0.08173271875 0.6305921078125001 0.0987187375 0.6305921078125001 0.0987187375 0.543552634375 0.08173271875 0.543552634375
2 0 0.6146052671875 0.068743409375 0.6146052671875 0.068743409375 0.550657896875 0 0.550657896875 0 0.6146052671875
4 0.9050550906250001 0.550657896875 0.9050550906250001 0.6661184234374999 0.9330320656250001 0.6661184234374999 0.9330320656250001 0.550657896875 0.9050550906250001 0.550657896875
4 0.9300345312499999 0.5400000046875 0.9300345312499999 0.6643421078125 0.9470205515625001 0.6643421078125 0.9470205515625001 0.5400000046875 0.9300345312499999 0.5400000046875
4 0.88706989375 0.5382236890625001 0.88706989375 0.62171053125 0.9040559140625 0.62171053125 0.9040559140625 0.5382236890625001 0.88706989375 0.5382236890625001
2 0.67424505625 0.52223684375 0.67424505625 0.5737500046874999 0.7331965390625 0.5737500046874999 0.7331965390625 0.52223684375 0.67424505625 0.52223684375
2 0.7192080515625 0.5471052671875001 0.7192080515625 0.7282894796875 0.8560953874999999 0.7282894796875 0.8560953874999999 0.5471052671875001 0.7192080515625 0.5471052671875001
2 0.0717409421875 0.516907896875 0.0717409421875 0.9112500046875001 0.4254498265625 0.9112500046875001 0.4254498265625 0.516907896875 0.0717409421875 0.516907896875
1 0.45942186406249996 0.3357236875 0.45942186406249996 0.671447375 0.6412721953125 0.671447375 0.6412721953125 0.3357236875 0.45942186406249996 0.3357236875
2 0.4883980171875 0.543552634375 0.4883980171875 0.9609868453124999 0.8081348609375001 0.9609868453124999 0.8081348609375001 0.543552634375 0.4883980171875 0.543552634375
2 0.9540147953125 0.6075000015625001 0.9540147953125 0.99296053125 0.9999769671875001 0.99296053125 0.9999769671875001 0.6075000015625001 0.9540147953125 0.6075000015625001