2 0.460109303125 0.683376421875 0.460109303125 0.7076383046875 0.4708321921875 0.7076383046875 0.4708321921875 0.683376421875 0.460109303125 0.683376421875
2 0.4669329578125 0.683376421875 0.4669329578125 0.7301671984375 0.4796054609375 0.7301671984375 0.4796054609375 0.683376421875 0.4669329578125 0.683376421875
2 0.4718069984375 0.6764444546874999 0.4718069984375 0.7353661734375 0.4893535390625 0.7353661734375 0.4893535390625 0.6764444546874999 0.4718069984375 0.6764444546874999
2 0.481555075 0.6764444546874999 0.481555075 0.747497115625 0.524446621875 0.747497115625 0.524446621875 0.6764444546874999 0.481555075 0.6764444546874999
2 0.49130315468749997 0.68164343125 0.49130315468749997 0.7509631 0.517622965625 0.7509631 0.517622965625 0.68164343125 0.49130315468749997 0.68164343125
2 0.5000764249999999 0.68164343125 0.5000764249999999 0.76136105 0.5371191234375 0.76136105 0.5371191234375 0.68164343125 0.5000764249999999 0.68164343125
2 0.5234718125 0.6573815453125 0.5234718125 0.7977538734375 0.6384991390625 0.7977538734375 0.6384991390625 0.6573815453125 0.5234718125 0.6573815453125
1 0.3918727546875 0.62098871875 0.3918727546875 0.72843420625 0.44548718593750003 0.72843420625 0.44548718593750003 0.62098871875 0.3918727546875 0.62098871875
2 0.3928475609375 0.6712454796875 0.3928475609375 0.7786909671875 0.4698573828125 0.7786909671875 0.4698573828125 0.6712454796875 0.3928475609375 0.6712454796875
2 0.37042698125 0.66777949375 0.37042698125 0.68857539375 0.383099484375 0.68857539375 0.383099484375 0.66777949375 0.37042698125 0.66777949375
2 0.3587292875 0.6660465046875 0.3587292875 0.71803625625 0.376275828125 0.71803625625 0.376275828125 0.6660465046875 0.3587292875 0.6660465046875
2 0.3382583234375 0.6643135109375 0.3382583234375 0.72323523125 0.363603328125 0.72323523125 0.363603328125 0.6643135109375 0.3382583234375 0.6643135109375
2 0.284643890625 0.6781774453125 0.284643890625 0.7232352328125 0.3041400484375 0.7232352328125 0.3041400484375 0.6781774453125 0.284643890625 0.6781774453125
2 0.29439197031250003 0.6660465046875 0.29439197031250003 0.7336331828125 0.346056784375 0.7336331828125 0.346056784375 0.6660465046875 0.29439197031250003 0.6660465046875
2 0.262223309375 0.683376421875 0.262223309375 0.7301671984375 0.295366778125 0.7301671984375 0.295366778125 0.683376421875 0.262223309375 0.683376421875
2 0.23102946093750001 0.683376421875 0.23102946093750001 0.7353661734375 0.265147734375 0.7353661734375 0.265147734375 0.683376421875 0.23102946093750001 0.683376421875
2 0.2056844546875 0.6695124875 0.2056844546875 0.7422981390625 0.23687830625 0.7422981390625 0.23687830625 0.6695124875 0.2056844546875 0.6695124875
2 0.0370426984375 0.6492942421875 0.0370426984375 0.8208604234375001 0.22225618906250003 0.8208604234375001 0.22225618906250003 0.6492942421875 0.0370426984375 0.6492942421875