0 0.7670012421875 0.7187499109375 0.7670012421875 0.76249990625 0.8091887375000001 0.76249990625 0.8091887375000001 0.7187499109375 0.7670012421875 0.7187499109375
2 0.5129973671875 0.65104158125 0.5129973671875 0.6729165796875 0.5376067375 0.6729165796875 0.5376067375 0.65104158125 0.5129973671875 0.65104158125
2 0.48223565312499994 0.677604078125 0.48223565312499994 0.74166656875 0.5156340859374999 0.74166656875 0.5156340859374999 0.677604078125 0.48223565312499994 0.677604078125
2 0.47520440312499995 0.65729158125 0.47520440312499995 0.694791578125 0.50596611875 0.694791578125 0.50596611875 0.65729158125 0.47520440312499995 0.65729158125
2 0.4057708203125 0.6541665812499999 0.4057708203125 0.7932290656250001 0.48223565312499994 0.7932290656250001 0.48223565312499994 0.6541665812499999 0.4057708203125 0.6541665812499999
6 0.3864348828125 0.598437425 0.3864348828125 0.671874915625 0.47344659062499994 0.671874915625 0.47344659062499994 0.598437425 0.3864348828125 0.598437425
2 0.2888763015625 0.6671874156250001 0.2888763015625 0.8593748937499999 0.44532159531250004 0.8593748937499999 0.44532159531250004 0.6671874156250001 0.2888763015625 0.6671874156250001
4 0.9687942765625 0.6772948390625 0.9687942765625 0.7226073328125 0.9837356796875 0.7226073328125 0.9837356796875 0.6772948390625 0.9687942765625 0.6772948390625
4 0.9389114656249999 0.6710448375 0.9389114656249999 0.7491698296875 0.9635208375 0.7491698296875 0.9635208375 0.6710448375 0.9389114656249999 0.6710448375
4 0.8958450656249999 0.6772948390625 0.8958450656249999 0.7710448249999999 0.9169388140624999 0.7710448249999999 0.9169388140624999 0.6772948390625 0.8958450656249999 0.6772948390625
4 0.8809036625 0.6788573375 0.8809036625 0.7616698265624999 0.8958450656249999 0.7616698265624999 0.8958450656249999 0.6788573375 0.8809036625 0.6788573375
4 0.8413528843750001 0.6819823375 0.8413528843750001 0.7538573296875 0.8606888203124999 0.7538573296875 0.8606888203124999 0.6819823375 0.8413528843750001 0.6819823375
5 0.7843519453125001 0.67500014375 0.7843519453125001 0.757360903125 0.8053177328125001 0.757360903125 0.8053177328125001 0.67500014375 0.7843519453125001 0.67500014375
4 0.7789505484375 0.6804198375 0.7789505484375 0.72416983125 0.7868607046875 0.72416983125 0.7868607046875 0.6804198375 0.7789505484375 0.6804198375
4 0.7613724265624999 0.6819823375 0.7613724265624999 0.7257323312499999 0.7701614875 0.7257323312499999 0.7701614875 0.6819823375 0.7613724265624999 0.6819823375
4 0.748188834375 0.6788573375 0.748188834375 0.7397948296875 0.7604935203125 0.7397948296875 0.7604935203125 0.6788573375 0.748188834375 0.6788573375
4 0.7376419609375 0.6804198375 0.7376419609375 0.7351073312499999 0.7481888328124999 0.7351073312499999 0.7481888328124999 0.6804198375 0.7376419609375 0.6804198375
4 0.7262161796875 0.6819823375 0.7262161796875 0.7413573312499999 0.7385208640625 0.7413573312499999 0.7385208640625 0.6819823375 0.7262161796875 0.6819823375
4 0.7112747765625 0.6788573375 0.7112747765625 0.7194823312499999 0.7209427421875 0.7194823312499999 0.7209427421875 0.6788573375 0.7112747765625 0.6788573375
4 0.6998489984375 0.6882323359375 0.6998489984375 0.7507323265625 0.716548215625 0.7507323265625 0.716548215625 0.6882323359375 0.6998489984375 0.6882323359375
2 0.9219725406249999 0.7109374109375 0.9219725406249999 0.8671873906249999 0.9993162812499999 0.8671873906249999 0.9993162812499999 0.7109374109375 0.9219725406249999 0.7109374109375
2 0.471972596875 0.65468741875 0.471972596875 0.987499878125 0.7171874093749999 0.987499878125 0.7171874093749999 0.65468741875 0.471972596875 0.65468741875
2 0 0.998437375 0.319042928125 0.998437375 0.319042928125 0.64687491875 0 0.64687491875 0 0.998437375
4 0.2707162265625 0.6678383375 0.2707162265625 0.7125996203125 0.282801771875 0.7125996203125 0.282801771875 0.6678383375 0.2707162265625 0.6678383375