2 0.37788553125 0.45457618593750004 0.37788553125 0.468304996875 0.3873240875 0.468304996875 0.3873240875 0.45457618593750004 0.37788553125 0.45457618593750004
2 0.38904018906250004 0.4576270328125 0.38904018906250004 0.468304996875 0.397620696875 0.468304996875 0.397620696875 0.4576270328125 0.38904018906250004 0.4576270328125
2 0.3632986671875 0.4561016109375 0.3632986671875 0.46983042187499996 0.37531137812500004 0.46983042187499996 0.37531137812500004 0.4561016109375 0.3632986671875 0.4561016109375
2 0.337557146875 0.45457618593750004 0.337557146875 0.46983041875 0.34785375625000003 0.46983041875 0.34785375625000003 0.45457618593750004 0.337557146875 0.45457618593750004
2 0.3229702859375 0.4576270328125 0.3229702859375 0.47593211249999995 0.33412494531250003 0.47593211249999995 0.33412494531250003 0.4576270328125 0.3229702859375 0.4576270328125
2 0.298086815625 0.4530507640625 0.298086815625 0.478982959375 0.31782198125 0.478982959375 0.31782198125 0.4530507640625 0.298086815625 0.4530507640625
2 0.7326036640625 0.44542364375 0.7326036640625 0.4988134640625 0.77808035 0.4988134640625 0.77808035 0.44542364375 0.7326036640625 0.44542364375
2 0.756629084375 0.44237279531249996 0.756629084375 0.5155931203125 0.8347116953124999 0.5155931203125 0.8347116953124999 0.44237279531249996 0.756629084375 0.44237279531249996
2 0.8252731390625 0.4438982203125 0.8252731390625 0.5247456625 0.9256650687500001 0.5247456625 0.9256650687500001 0.4438982203125 0.8252731390625 0.4438982203125
2 0.890141775 0.4576270328125 0.890141775 0.5491524359375 0.997398109375 0.5491524359375 0.997398109375 0.4576270328125 0.890141775 0.4576270328125
6 0.6699659640625 0.42254229375 0.6699659640625 0.5064405828125 0.711152396875 0.5064405828125 0.711152396875 0.42254229375 0.6699659640625 0.42254229375
6 0.5784687578125001 0.4100947078125 0.5784687578125001 0.5068872468750001 0.6644358171875 0.5068872468750001 0.6644358171875 0.4100947078125 0.5784687578125001 0.4100947078125