2 0.0002145125 0.2677118140625 0.0002145125 0.31889772656250004 0.037110690625 0.31889772656250004 0.037110690625 0.2677118140625 0.0002145125 0.2677118140625
2 0.0002145125 0.266186390625 0.0002145125 0.5773727703125 0.26363607187500004 0.5773727703125 0.26363607187500004 0.266186390625 0.0002145125 0.266186390625
2 0.320396125 0.259321984375 0.320396125 0.28677960625 0.3349829875 0.28677960625 0.3349829875 0.259321984375 0.320396125 0.259321984375
2 0.8142901 0.222711821875 0.8142901 0.28830502812500003 0.846037975 0.28830502812500003 0.846037975 0.222711821875 0.8142901 0.222711821875
6 0.404367296875 0.22535439375 0.404367296875 0.2928812984375 0.4390474234375 0.2928812984375 0.4390474234375 0.22535439375 0.404367296875 0.22535439375
2 0.3941884859375 0.24711859687499999 0.3941884859375 0.265423678125 0.402768990625 0.265423678125 0.402768990625 0.24711859687499999 0.3941884859375 0.24711859687499999
2 0.38732407812499997 0.2562711359375 0.38732407812499997 0.2715253703125 0.3959045859375 0.2715253703125 0.3959045859375 0.2562711359375 0.38732407812499997 0.2562711359375
2 0.33240883593750004 0.253220290625 0.33240883593750004 0.2928813015625 0.3632986609375 0.2928813015625 0.3632986609375 0.253220290625 0.33240883593750004 0.253220290625
2 0.43194271406249996 0.25474571562500004 0.43194271406249996 0.3340677328125 0.4851418578125 0.3340677328125 0.4851418578125 0.25474571562500004 0.43194271406249996 0.25474571562500004
2 0.37273721718749997 0.2516948671875 0.37273721718749997 0.277627065625 0.3890401796875 0.277627065625 0.3890401796875 0.2516948671875 0.37273721718749997 0.2516948671875
4 0.2285847015625 0.24406775 0.2285847015625 0.3081355328125 0.2414554625 0.3081355328125 0.2414554625 0.24406775 0.2285847015625 0.24406775
4 0.7859744281250001 0.2318643625 0.7859744281250001 0.3706778953125 0.8245867062500001 0.3706778953125 0.8245867062500001 0.2318643625 0.7859744281250001 0.2318643625
4 0.7422138421875 0.2318643625 0.7422138421875 0.3676270484375 0.7670973125 0.3676270484375 0.7670973125 0.2318643625 0.7422138421875 0.2318643625
0 0.73226045 0.2928812984375 0.73226045 0.37067789375000004 0.7725888328125 0.37067789375000004 0.7725888328125 0.2928812984375 0.73226045 0.2928812984375
4 0.9429977015625 0.21508470625 0.9429977015625 0.37220331875 0.9884743890625 0.37220331875 0.9884743890625 0.21508470625 0.9429977015625 0.21508470625
4 0.5944575171875 0.23949148125000003 0.5944575171875 0.34440954375 0.6160356625000001 0.34440954375 0.6160356625000001 0.23949148125000003 0.5944575171875 0.23949148125000003
4 0.5807287062500001 0.24236227187499998 0.5807287062500001 0.28913393906249996 0.5935994671875 0.28913393906249996 0.5935994671875 0.24236227187499998 0.5807287062500001 0.24236227187499998
4 0.54308780625 0.23173234687500002 0.54308780625 0.301889846875 0.5574382046874999 0.301889846875 0.5574382046874999 0.23173234687500002 0.54308780625 0.23173234687500002
2 0.7631272375 0.2083465140625 0.7631272375 0.28913393906249996 0.8444461562500001 0.28913393906249996 0.8444461562500001 0.2083465140625 0.7631272375 0.2083465140625