2 0 0.6427420406250001 0.017242995312500002 0.6427420406250001 0.017242995312500002 0.56747219375 0 0.56747219375 0 0.6427420406250001
2 0 0.69165010625 0.0131456453125 0.69165010625 0.0131456453125 0.647945034375 0 0.647945034375 0 0.69165010625
2 0.0978242203125 0.5692065093750001 0.0978242203125 0.6250518765625 0.1551871265625 0.6250518765625 0.1551871265625 0.5692065093750001 0.0978242203125 0.5692065093750001
2 0.138797725 0.56192233125 0.138797725 0.6396202343749999 0.2070868984375 0.6396202343749999 0.2070868984375 0.56192233125 0.138797725 0.56192233125
2 0.21528160000000002 0.5692065093750001 0.21528160000000002 0.6098560281250001 0.27833343906249997 0.6098560281250001 0.27833343906249997 0.5692065093750001 0.21528160000000002 0.5692065093750001
2 0.20435533125 0.5497820328125 0.20435533125 0.5934871046875 0.2480604015625 0.5934871046875 0.2480604015625 0.5497820328125 0.20435533125 0.5497820328125
2 0.24259726874999998 0.5570662109375 0.24259726874999998 0.58906548125 0.28768918593750004 0.58906548125 0.28768918593750004 0.5570662109375 0.24259726874999998 0.5570662109375
2 0.3163495765625 0.5570662109375 0.3163495765625 0.5862029265625 0.332738978125 0.5862029265625 0.332738978125 0.5570662109375 0.3163495765625 0.5570662109375
2 0.5594590359375 0.5400697937500001 0.5594590359375 0.5959151640625 0.5977009703125 0.5959151640625 0.5977009703125 0.5400697937500001 0.5594590359375 0.5400697937500001
2 0.4993645625 0.5424978546875 0.4993645625 0.5983432234375 0.5294117984375 0.5983432234375 0.5294117984375 0.5424978546875 0.4993645625 0.5424978546875
2 0.4870725109375 0.5400697937500001 0.4870725109375 0.588630984375 0.5061934796875 0.588630984375 0.5061934796875 0.5400697937500001 0.4870725109375 0.5400697937500001
2 0.5253144484375001 0.5400697937500001 0.5253144484375001 0.5497820328125 0.5430696328125 0.5497820328125 0.5430696328125 0.5400697937500001 0.5253144484375001 0.5400697937500001
2 0.313618009375 0.49879278281249995 0.313618009375 0.8047282812500001 0.5075592624999999 0.8047282812500001 0.5075592624999999 0.49879278281249995 0.313618009375 0.49879278281249995
2 0.5956491546875 0.5114474421875 0.5956491546875 0.8011290546875 0.8591693296875 0.8011290546875 0.8591693296875 0.5114474421875 0.5956491546875 0.5114474421875