2 0.4297848609375 0.5261715140625001 0.4297848609375 0.55429649375 0.4456051625 0.55429649375 0.4456051625 0.5261715140625001 0.4297848609375 0.5261715140625001
2 0.417919634375 0.5402340046874999 0.417919634375 0.568358984375 0.43110322031250004 0.568358984375 0.43110322031250004 0.5402340046874999 0.417919634375 0.5402340046874999
2 0.4073727671875 0.5472652484375 0.4073727671875 0.5753902296875 0.42055635156250004 0.5753902296875 0.42055635156250004 0.5472652484375 0.4073727671875 0.5472652484375
2 0.39418918281250004 0.5519527453124999 0.39418918281250004 0.5847652234375 0.412646203125 0.5847652234375 0.412646203125 0.5519527453124999 0.39418918281250004 0.5519527453124999
2 0.3849606734375 0.549608996875 0.3849606734375 0.5800777265625 0.3994626171875 0.5800777265625 0.3994626171875 0.549608996875 0.3849606734375 0.549608996875
2 0.3572751453125 0.55429649375 0.3572751453125 0.5871089703125 0.3836423140625 0.5871089703125 0.3836423140625 0.55429649375 0.3572751453125 0.55429649375
2 0.34409156093750004 0.5519527453124999 0.34409156093750004 0.596483965625 0.3585935046875 0.596483965625 0.3585935046875 0.5519527453124999 0.34409156093750004 0.5519527453124999
2 0.30454080625 0.5402340046874999 0.30454080625 0.61054645625 0.332226334375 0.61054645625 0.332226334375 0.5402340046874999 0.30454080625 0.5402340046874999
2 0.283447071875 0.5449215 0.283447071875 0.6199214468750001 0.31245095625 0.6199214468750001 0.31245095625 0.5449215 0.283447071875 0.5449215
2 0.20830063906250001 0.5425777515625 0.20830063906250001 0.6433589328125 0.284765428125 0.6433589328125 0.284765428125 0.5425777515625 0.20830063906250001 0.5425777515625
2 0.4746090484375 0.5449215 0.4746090484375 0.568358984375 0.48383755781250004 0.568358984375 0.48383755781250004 0.5449215 0.4746090484375 0.5449215
2 0.48251920000000004 0.5519527453124999 0.48251920000000004 0.5800777265625 0.4943844265625 0.5800777265625 0.4943844265625 0.5519527453124999 0.48251920000000004 0.5519527453124999
2 0.495702784375 0.549608996875 0.495702784375 0.5847652234375 0.518114878125 0.5847652234375 0.518114878125 0.549608996875 0.495702784375 0.549608996875
2 0.5115230859375 0.5519527453124999 0.5115230859375 0.60351520625 0.5365718968750001 0.60351520625 0.5365718968750001 0.5519527453124999 0.5115230859375 0.5519527453124999
2 0.5207515953125 0.5519527453124999 0.5207515953125 0.622265196875 0.555028915625 0.622265196875 0.555028915625 0.5519527453124999 0.5207515953125 0.5519527453124999
2 0.5339351796875 0.5449215 0.5339351796875 0.636327684375 0.6064448953125 0.636327684375 0.6064448953125 0.5449215 0.5339351796875 0.5449215
2 0.4561520296875 0.5425777515625 0.4561520296875 0.5660152359375 0.47065397343750004 0.5660152359375 0.47065397343750004 0.5425777515625 0.4561520296875 0.5425777515625
2 0.8272699390625 0.5332027578125 0.8272699390625 0.66210891875 0.9261468234375 0.66210891875 0.9261468234375 0.5332027578125 0.8272699390625 0.5332027578125
4 0.313769315625 0.53554650625 0.313769315625 0.64570268125 0.34409156093750004 0.64570268125 0.34409156093750004 0.53554650625 0.313769315625 0.53554650625