2 0.4157960015625 0.5556076812499999 0.4157960015625 0.5741008390625 0.433400065625 0.5741008390625 0.433400065625 0.5556076812499999 0.4157960015625 0.5556076812499999
2 0.40459341249999997 0.55845278125 0.40459341249999997 0.5755233890625 0.4157960015625 0.5755233890625 0.4157960015625 0.55845278125 0.40459341249999997 0.55845278125
2 0.390990271875 0.55845278125 0.390990271875 0.57836849375 0.40459341249999997 0.57836849375 0.40459341249999997 0.55845278125 0.390990271875 0.55845278125
2 0.37098565156249996 0.55987533125 0.37098565156249996 0.57979104375 0.3837886078125 0.57979104375 0.3837886078125 0.55987533125 0.37098565156249996 0.55987533125
2 0.35898288125 0.55845278125 0.35898288125 0.579791040625 0.3717858390625 0.579791040625 0.3717858390625 0.55845278125 0.35898288125 0.55845278125
2 0.34698011093750003 0.561297884375 0.34698011093750003 0.5854812453125 0.3613834359375 0.5854812453125 0.3613834359375 0.561297884375 0.34698011093750003 0.561297884375
2 0.3229745671875 0.564142984375 0.3229745671875 0.594016546875 0.34858047812500004 0.594016546875 0.34858047812500004 0.564142984375 0.3229745671875 0.564142984375
2 0.31497271875 0.5627204328125 0.31497271875 0.5911714484374999 0.33337696875 0.5911714484374999 0.33337696875 0.5627204328125 0.31497271875 0.5627204328125
2 0.3021697625 0.5627204328125 0.3021697625 0.5968616531250001 0.3245749359375 0.5968616531250001 0.3245749359375 0.5627204328125 0.3021697625 0.5627204328125
2 0.27016237187500003 0.55845278125 0.27016237187500003 0.60681950625 0.30857124062499997 0.60681950625 0.30857124062499997 0.55845278125 0.27016237187500003 0.55845278125
2 0.237354796875 0.5527625796875 0.237354796875 0.60966460625 0.2741632953125 0.60966460625 0.2741632953125 0.5527625796875 0.237354796875 0.5527625796875
2 0.198145740625 0.5669880875 0.198145740625 0.6167773640624999 0.2429560875 0.6167773640624999 0.2429560875 0.5669880875 0.198145740625 0.5669880875
2 0.14933447187499999 0.5655655328125 0.14933447187499999 0.6238901125 0.202146665625 0.6238901125 0.202146665625 0.5655655328125 0.14933447187499999 0.5655655328125
2 0.07651765625 0.5442272765625 0.07651765625 0.646650925 0.15733631718750002 0.646650925 0.15733631718750002 0.5442272765625 0.07651765625 0.5442272765625
2 0.0013002890625 0.5655655328125 0.0013002890625 0.6864823437500001 0.0933215359375 0.6864823437500001 0.0933215359375 0.5655655328125 0.0013002890625 0.5655655328125
2 0.5479265234375 0.56759773125 0.5479265234375 0.61169680625 0.5727322515625 0.61169680625 0.5727322515625 0.56759773125 0.5479265234375 0.56759773125
2 0.5695315109375 0.5647526296875001 0.5695315109375 0.6131193546875 0.5911365 0.6131193546875 0.5911365 0.5647526296875001 0.5695315109375 0.5647526296875001
2 0.5879357609375 0.56759773125 0.5879357609375 0.61596445625 0.6055398249999999 0.61596445625 0.6055398249999999 0.56759773125 0.5879357609375 0.56759773125
2 0.6015389015625 0.5633300796875 0.6015389015625 0.6159644546874999 0.6263446312500001 0.6159644546874999 0.6263446312500001 0.5633300796875 0.6015389015625 0.5633300796875
2 0.61834278125 0.5533722265625001 0.61834278125 0.631612515625 0.6703547921874999 0.631612515625 0.6703547921874999 0.5533722265625001 0.61834278125 0.5533722265625001
2 0.662352946875 0.5718653828125 0.662352946875 0.64299291875 0.6943603359375 0.64299291875 0.6943603359375 0.5718653828125 0.662352946875 0.5718653828125
2 0.6871586734374999 0.48793489062499995 0.6871586734374999 0.672866484375 0.808786759375 0.672866484375 0.808786759375 0.48793489062499995 0.6871586734374999 0.48793489062499995
2 0.42789880468749997 0.5106957046875 0.42789880468749997 0.6799792375 0.5327230109375 0.6799792375 0.5327230109375 0.5106957046875 0.42789880468749997 0.5106957046875
5 0.7249757375 0.5434143687499999 0.7249757375 0.67144393125 0.7689859 0.67144393125 0.7689859 0.5434143687499999 0.7249757375 0.5434143687499999
3 0.72695526875 0.5893504187499999 0.72695526875 0.7015105312500001 0.7728389515625 0.7015105312500001 0.7728389515625 0.5893504187499999 0.72695526875 0.5893504187499999