2 0.40914671875 0.468028065625 0.40914671875 0.4825889390625 0.418507278125 0.4825889390625 0.418507278125 0.468028065625 0.40914671875 0.468028065625
2 0.41382699843750004 0.470108190625 0.41382699843750004 0.49090943749999993 0.42552770000000006 0.49090943749999993 0.42552770000000006 0.470108190625 0.41382699843750004 0.470108190625
2 0.418507278125 0.46178769375 0.418507278125 0.5033901859375 0.44190868125 0.5033901859375 0.44190868125 0.46178769375 0.418507278125 0.46178769375
2 0.427867840625 0.46178769375 0.427867840625 0.509630559375 0.4465889625 0.509630559375 0.4465889625 0.46178769375 0.427867840625 0.46178769375
2 0.43605833125000004 0.45762744375000003 0.43605833125000004 0.5221113078124999 0.454779453125 0.5221113078124999 0.454779453125 0.45762744375000003 0.43605833125000004 0.45762744375000003
2 0.39393580625 0.45970756875 0.39393580625 0.470108190625 0.407976646875 0.470108190625 0.407976646875 0.45970756875 0.39393580625 0.45970756875
2 0.3857453125 0.470108190625 0.3857453125 0.4825889390625 0.395105875 0.4825889390625 0.395105875 0.470108190625 0.3857453125 0.470108190625
2 0.3810650328125 0.468028065625 0.3810650328125 0.48674918749999996 0.39042559374999997 0.48674918749999996 0.39042559374999997 0.468028065625 0.3810650328125 0.468028065625
2 0.3623439109375 0.465947940625 0.3623439109375 0.484669065625 0.3693643296875 0.484669065625 0.3693643296875 0.465947940625 0.3623439109375 0.465947940625
2 0.35298335000000003 0.46386781718750003 0.35298335000000003 0.5033901875 0.3646840515625 0.5033901875 0.3646840515625 0.46386781718750003 0.35298335000000003 0.46386781718750003
2 0.31905131249999996 0.4534671921875 0.31905131249999996 0.5137908125 0.3553234890625 0.5137908125 0.3553234890625 0.4534671921875 0.31905131249999996 0.4534671921875
2 0.3026703328125 0.46178769375 0.3026703328125 0.524191434375 0.3366023671875 0.524191434375 0.3366023671875 0.46178769375 0.3026703328125 0.46178769375
2 0.26639815625 0.4721883171875 0.26639815625 0.5408324328125 0.321391453125 0.5408324328125 0.321391453125 0.4721883171875 0.26639815625 0.4721883171875
2 0.4465889625 0.4534671921875 0.4465889625 0.5408324328125 0.49807205000000004 0.5408324328125 0.49807205000000004 0.4534671921875 0.4465889625 0.4534671921875
2 0.39159566562500003 0.470108190625 0.39159566562500003 0.5033901859375 0.4161671390625 0.5033901859375 0.4161671390625 0.470108190625 0.39159566562500003 0.470108190625
2 0.3646840515625 0.470108190625 0.3646840515625 0.5054703125 0.3857453140625 0.5054703125 0.3857453140625 0.470108190625 0.3646840515625 0.470108190625
2 0 0.7030821640625 0.2921397 0.7030821640625 0.2921397 0.44098644531250003 0 0.44098644531250003 0 0.7030821640625
2 0.8525423562500001 0.45168422656249996 0.8525423562500001 0.53280909375 0.942637759375 0.53280909375 0.942637759375 0.45168422656249996 0.8525423562500001 0.45168422656249996