2 0.3877786609375 0.494999653125 0.3877786609375 0.5114058921875 0.402280603125 0.5114058921875 0.402280603125 0.494999653125 0.3877786609375 0.494999653125
2 0.3772317921875 0.49031215625 0.3772317921875 0.5207808859374999 0.39305209375 0.5207808859374999 0.39305209375 0.49031215625 0.3772317921875 0.49031215625
2 0.3627298484375 0.48796840625 0.3627298484375 0.5231246328125 0.3811868671875 0.5231246328125 0.3811868671875 0.48796840625 0.3627298484375 0.48796840625
2 0.33899939687499997 0.45281218125 0.33899939687499997 0.5301558796875 0.37063999999999997 0.5301558796875 0.37063999999999997 0.45281218125 0.33899939687499997 0.45281218125
2 0.3047220765625 0.47390591718749997 0.3047220765625 0.5489058671875 0.357456415625 0.5489058671875 0.357456415625 0.47390591718749997 0.3047220765625 0.47390591718749997
2 0.30340371875 0.49265590625 0.30340371875 0.5723433515624999 0.34559118906249997 0.5723433515624999 0.34559118906249997 0.49265590625 0.30340371875 0.49265590625
2 0.26648968125 0.483280909375 0.26648968125 0.567655853125 0.3099955109375 0.567655853125 0.3099955109375 0.483280909375 0.26648968125 0.483280909375
2 0.246714303125 0.49265590625 0.246714303125 0.60046833125 0.298130284375 0.60046833125 0.298130284375 0.49265590625 0.246714303125 0.49265590625
2 0.10696830625 0.45749967968750005 0.10696830625 0.6449995515625 0.2612162453125 0.6449995515625 0.2612162453125 0.45749967968750005 0.10696830625 0.45749967968750005
2 0.48401882812499997 0.494999653125 0.48401882812499997 0.5301558796875 0.502475846875 0.5301558796875 0.502475846875 0.494999653125 0.48401882812499997 0.494999653125
2 0.49720241249999997 0.49265590625 0.49720241249999997 0.534843375 0.510385996875 0.534843375 0.510385996875 0.49265590625 0.49720241249999997 0.49265590625
2 0.4998391296875 0.49265590625 0.4998391296875 0.534843375 0.516977790625 0.534843375 0.516977790625 0.49265590625 0.4998391296875 0.49265590625
2 0.5051125640625 0.494999653125 0.5051125640625 0.539530871875 0.5407082421875 0.539530871875 0.5407082421875 0.494999653125 0.5051125640625 0.494999653125
2 0.5196145078125001 0.5020308984375 0.5196145078125001 0.5512496140625001 0.55652854375 0.5512496140625001 0.55652854375 0.5020308984375 0.5196145078125001 0.5020308984375
2 0.5420266 0.483280909375 0.5420266 0.558280859375 0.598716015625 0.558280859375 0.598716015625 0.483280909375 0.5420266 0.483280909375
2 0.5723488453125001 0.49265590625 0.5723488453125001 0.577030846875 0.6290382609375 0.577030846875 0.6290382609375 0.49265590625 0.5723488453125001 0.49265590625
2 0.606626165625 0.4785934140625 0.606626165625 0.59812458125 0.70418469375 0.59812458125 0.70418469375 0.4785934140625 0.606626165625 0.4785934140625
2 0.661997221875 0.48796840625 0.661997221875 0.6262495609375 0.7753760515625 0.6262495609375 0.7753760515625 0.48796840625 0.661997221875 0.48796840625
2 0.7305518625 0.45515593125000003 0.7305518625 0.65437454375 0.9138036890624999 0.65437454375 0.9138036890624999 0.45515593125000003 0.7305518625 0.45515593125000003
2 0.4049173203125 0.49031215625 0.4049173203125 0.5535933625 0.452378225 0.5535933625 0.452378225 0.49031215625 0.4049173203125 0.49031215625
2 0 0.6965620140625 0.19266160625 0.6965620140625 0.19266160625 0.49031215625 0 0.49031215625 0 0.6965620140625
3 0 0.7799997265624999 0.1283312484375 0.7799997265624999 0.1283312484375 0.5868747937500001 0 0.5868747937500001 0 0.7799997265624999
2 0.8202002374999999 0.368437240625 0.8202002374999999 0.7668744656250001 0.9994969890625001 0.7668744656250001 0.9994969890625001 0.368437240625 0.8202002374999999 0.368437240625
2 0.4721536015625 0.49265590625 0.4721536015625 0.5278121312499999 0.48665554375 0.5278121312499999 0.48665554375 0.49265590625 0.4721536015625 0.49265590625