2 0.43966858281250004 0.3454083265625 0.43966858281250004 0.35918384375 0.44913925 0.35918384375 0.44913925 0.3454083265625 0.43966858281250004 0.3454083265625
2 0.43364179375 0.3454083265625 0.43364179375 0.36683690625 0.44483439999999996 0.36683690625 0.44483439999999996 0.3454083265625 0.43364179375 0.3454083265625
2 0.42761500625000004 0.3515307796875 0.42761500625000004 0.3821430359375 0.44397343125 0.3821430359375 0.44397343125 0.3515307796875 0.42761500625000004 0.3515307796875
2 0.42072724843750003 0.36071445625 0.42072724843750003 0.39591855468750003 0.435363734375 0.39591855468750003 0.435363734375 0.36071445625 0.42072724843750003 0.36071445625
2 0.395759125 0.3576532296875 0.395759125 0.40663284375000003 0.4267540375 0.40663284375000003 0.4267540375 0.3576532296875 0.395759125 0.3576532296875
2 0.368208090625 0.3474491359375 0.368208090625 0.4209185578125 0.40695173125000006 0.4209185578125 0.40695173125000006 0.3474491359375 0.368208090625 0.3474491359375
2 0.321715725 0.33673484375 0.321715725 0.4423471359375 0.3845665171875 0.4423471359375 0.3845665171875 0.33673484375 0.321715725 0.33673484375
2 0.3234376625 0.35561241875 0.3234376625 0.473469615625 0.3742348796875 0.473469615625 0.3742348796875 0.35561241875 0.3234376625 0.35561241875
2 0.1796556984375 0.30510219375 0.1796556984375 0.513265553125 0.3509886828125 0.513265553125 0.3509886828125 0.30510219375 0.1796556984375 0.30510219375
2 0.4597578578125 0.3474491359375 0.4597578578125 0.365816490625 0.4692285265625 0.365816490625 0.4692285265625 0.3474491359375 0.4597578578125 0.3474491359375
2 0.4632017390625 0.35204097343749996 0.4632017390625 0.38265323125 0.4752553171875 0.38265323125 0.4752553171875 0.35204097343749996 0.4632017390625 0.35204097343749996
2 0.46750658593749994 0.3535715875 0.46750658593749994 0.3918369109375 0.48128210468750005 0.3918369109375 0.48128210468750005 0.3535715875 0.46750658593749994 0.3535715875
2 0.47697725625 0.36275526406249997 0.47697725625 0.3964287484375 0.49419665156250003 0.3964287484375 0.49419665156250003 0.36275526406249997 0.47697725625 0.36275526406249997
2 0.4847259828125 0.365816490625 0.4847259828125 0.404081815625 0.5010844109375 0.404081815625 0.5010844109375 0.365816490625 0.4847259828125 0.365816490625
2 0.496779559375 0.3612246515625 0.496779559375 0.41479610312500004 0.5174428343749999 0.41479610312500004 0.5174428343749999 0.3612246515625 0.496779559375 0.3612246515625
2 0.5036673171875 0.3566328140625 0.5036673171875 0.4255103953125 0.5449938671875 0.4255103953125 0.5449938671875 0.3566328140625 0.5036673171875 0.3566328140625
2 0.527774471875 0.3596940375 0.527774471875 0.44387774999999996 0.5734058703125 0.44387774999999996 0.5734058703125 0.3596940375 0.527774471875 0.3596940375
2 0.5501596859375 0.3413266828125 0.5501596859375 0.4744900078125 0.627646965625 0.4744900078125 0.627646965625 0.3413266828125 0.5501596859375 0.3413266828125
2 0.6066393328124999 0.20112254375 0.6066393328124999 0.5853063984375 0.8916203296875 0.5853063984375 0.8916203296875 0.20112254375 0.6066393328124999 0.20112254375
2 0 0.61642503125 0.26993642812499996 0.61642503125 0.26993642812499996 0.336122596875 0 0.336122596875 0 0.61642503125
2 0 0.7539898 0.0377958796875 0.7539898 0.0377958796875 0.5021763234375001 0 0.5021763234375001 0 0.7539898