2 0.708685303125 0.1438383140625 0.708685303125 0.8615619078125001 0.9994969890625001 0.8615619078125001 0.9994969890625001 0.1438383140625 0.708685303125 0.1438383140625
2 0.017546540625000003 0.5008346078125 0.017546540625000003 0.55629034375 0.10235482343749999 0.55629034375 0.10235482343749999 0.5008346078125 0.017546540625000003 0.5008346078125
2 0.2748958125 0.47137375 0.2748958125 0.49563563281249995 0.2963415859375 0.49563563281249995 0.2963415859375 0.47137375 0.2748958125 0.47137375
2 0.2982912015625 0.462708790625 0.2982912015625 0.4887036671875 0.3119385109375 0.4887036671875 0.3119385109375 0.462708790625 0.2982912015625 0.462708790625
2 0.50397565625 0.44191288906250004 0.50397565625 0.49359341093750003 0.5390687375 0.49359341093750003 0.5390687375 0.44191288906250004 0.50397565625 0.44191288906250004
2 0.540043546875 0.44364588125 0.540043546875 0.4783057171875 0.566363359375 0.4783057171875 0.566363359375 0.44364588125 0.540043546875 0.44364588125
2 0.3811498671875 0.4471118640625 0.3811498671875 0.4869706734375 0.41234372031250005 0.4869706734375 0.41234372031250005 0.4471118640625 0.3811498671875 0.4471118640625
2 0.44256276093749997 0.4367139171875 0.44256276093749997 0.462708790625 0.45913449375 0.462708790625 0.45913449375 0.4367139171875 0.44256276093749997 0.4367139171875
2 0.3528804390625 0.4505778484375 0.3528804390625 0.47310674218750004 0.37920025156250003 0.47310674218750004 0.37920025156250003 0.4505778484375 0.3528804390625 0.4505778484375
2 0.411368909375 0.4471118640625 0.411368909375 0.46790776562499997 0.4308650671875 0.46790776562499997 0.4308650671875 0.4471118640625 0.411368909375 0.4471118640625
2 0.4893535375 0.43324793125000005 0.4893535375 0.46444178125 0.5059252703125 0.46444178125 0.5059252703125 0.43324793125000005 0.4893535375 0.43324793125000005