4 0.788559634375 0.52546838125 0.788559634375 0.6567182921875 0.8122900874999999 0.6567182921875 0.8122900874999999 0.52546838125 0.788559634375 0.52546838125
4 0.9467626515625 0.5512496140625001 0.9467626515625 0.6707807828125001 0.9797216125 0.6707807828125001 0.9797216125 0.5512496140625001 0.9467626515625 0.5512496140625001
4 0.7608741078125 0.5207808843749999 0.7608741078125 0.630937059375 0.7832862015625001 0.630937059375 0.7832862015625001 0.5207808843749999 0.7608741078125 0.5207808843749999
4 0.7780127671875 0.52546838125 0.7780127671875 0.6332808062499999 0.7991065015625 0.6332808062499999 0.7991065015625 0.52546838125 0.7780127671875 0.52546838125
4 0.725278428125 0.5184371359375 0.725278428125 0.5699995999999999 0.7397803703125 0.5699995999999999 0.7397803703125 0.5184371359375 0.725278428125 0.5184371359375
4 0.6910011078125 0.5137496406250001 0.6910011078125 0.577030846875 0.706821409375 0.577030846875 0.706821409375 0.5137496406250001 0.6910011078125 0.5137496406250001
4 0.64222184375 0.5137496406250001 0.64222184375 0.57937459375 0.6606788625 0.57937459375 0.6606788625 0.5137496406250001 0.64222184375 0.5137496406250001
4 0.63431169375 0.5231246328125 0.63431169375 0.5723433499999999 0.6461769203125 0.5723433499999999 0.6461769203125 0.5231246328125 0.63431169375 0.5231246328125
2 0.2730814734375 0.47390591718749997 0.2730814734375 0.4926559046875 0.287583415625 0.4926559046875 0.287583415625 0.47390591718749997 0.2730814734375 0.47390591718749997
2 0.287583415625 0.4832809109375 0.287583415625 0.502030896875 0.3047220765625 0.502030896875 0.3047220765625 0.4832809109375 0.287583415625 0.4832809109375
2 0.2453959453125 0.47390591718749997 0.2453959453125 0.5043746453125 0.265171321875 0.5043746453125 0.265171321875 0.47390591718749997 0.2453959453125 0.47390591718749997
2 0.22957564375 0.47390591718749997 0.22957564375 0.4996871515625 0.246714303125 0.4996871515625 0.246714303125 0.47390591718749997 0.22957564375 0.47390591718749997
2 0.38909701874999997 0.4832809109375 0.38909701874999997 0.5114058906250001 0.402280603125 0.5114058906250001 0.402280603125 0.4832809109375 0.38909701874999997 0.4832809109375
2 0.42337433906250005 0.4926559046875 0.42337433906250005 0.50906214375 0.435239565625 0.50906214375 0.435239565625 0.4926559046875 0.42337433906250005 0.4926559046875
2 0.42732941406249997 0.4926559046875 0.42732941406249997 0.5114058921875 0.44051299843749997 0.5114058921875 0.44051299843749997 0.4926559046875 0.42732941406249997 0.4926559046875
2 0.4352395640625 0.494999653125 0.4352395640625 0.5160933875 0.4497415078125 0.5160933875 0.4497415078125 0.494999653125 0.4352395640625 0.494999653125
2 0.47215360312500004 0.49968715 0.47215360312500004 0.539530871875 0.4998391296875 0.539530871875 0.4998391296875 0.49968715 0.47215360312500004 0.49968715
2 0.4945656953125 0.502030896875 0.4945656953125 0.5559371109375 0.5327980906249999 0.5559371109375 0.5327980906249999 0.502030896875 0.4945656953125 0.502030896875
1 0.4101907546875 0.466874671875 0.4101907546875 0.4926559046875 0.42864777187499997 0.4926559046875 0.42864777187499997 0.466874671875 0.4101907546875 0.466874671875
2 0.2045268328125 0.46921842031249994 0.2045268328125 0.5043746453125 0.23484907812500003 0.5043746453125 0.23484907812500003 0.46921842031249994 0.2045268328125 0.46921842031249994
2 0.4049173203125 0.4926559046875 0.4049173203125 0.5207808843749999 0.42469269687500005 0.5207808843749999 0.42469269687500005 0.4926559046875 0.4049173203125 0.4926559046875
2 0.3376810375 0.494999653125 0.3376810375 0.5934370859375 0.402280603125 0.5934370859375 0.402280603125 0.494999653125 0.3376810375 0.494999653125
2 0.4444680734375 0.4973434015625 0.4444680734375 0.52546838125 0.465561809375 0.52546838125 0.465561809375 0.4973434015625 0.4444680734375 0.4973434015625
2 0.524887940625 0.50906214375 0.524887940625 0.5770308453124999 0.5934425812499999 0.5770308453124999 0.5934425812499999 0.50906214375 0.524887940625 0.50906214375
2 0.1003765140625 0.47156216874999995 0.1003765140625 0.58171834375 0.20848190937500002 0.58171834375 0.20848190937500002 0.47156216874999995 0.1003765140625 0.47156216874999995
4 0.02260971875 0.4463037296875 0.02260971875 0.5017451859375 0.0382026296875 0.5017451859375 0.0382026296875 0.4463037296875 0.02260971875 0.4463037296875