6 0.400451596875 0.5499999437499999 0.400451596875 0.5749999375 0.4118773765625 0.5749999375 0.4118773765625 0.5499999437499999 0.400451596875 0.5499999437499999
2 0.393420346875 0.5624999421875 0.393420346875 0.5734374390625 0.400451596875 0.5734374390625 0.400451596875 0.5624999421875 0.393420346875 0.5624999421875
2 0.3872680046875 0.5624999421875 0.3872680046875 0.5749999406249999 0.393420346875 0.5749999406249999 0.393420346875 0.5624999421875 0.3872680046875 0.5624999421875
2 0.3837523796875 0.5624999421875 0.3837523796875 0.5749999406249999 0.38990472187499997 0.5749999406249999 0.38990472187499997 0.5624999421875 0.3837523796875 0.5624999421875
2 0.3723266 0.5656249421874999 0.3723266 0.579687440625 0.382873475 0.579687440625 0.382873475 0.5656249421874999 0.3723266 0.5656249421874999
2 0.3635375390625 0.568749940625 0.3635375390625 0.587499940625 0.37320550625000004 0.587499940625 0.37320550625000004 0.568749940625 0.3635375390625 0.568749940625
2 0.358264103125 0.5703124421875 0.358264103125 0.5906249375 0.3670531640625 0.5906249375 0.3670531640625 0.5703124421875 0.358264103125 0.5703124421875
2 0.34859613437500003 0.568749940625 0.34859613437500003 0.5921874390624999 0.360021915625 0.5921874390624999 0.360021915625 0.568749940625 0.34859613437500003 0.568749940625
2 0.342443790625 0.5734374390625 0.342443790625 0.592187440625 0.351232853125 0.592187440625 0.351232853125 0.5734374390625 0.342443790625 0.5734374390625
2 0.442639090625 0.5593749421875 0.442639090625 0.5749999375 0.4514281515625 0.5749999375 0.4514281515625 0.5593749421875 0.442639090625 0.5593749421875
2 0.4347289359375 0.56093744375 0.4347289359375 0.579687440625 0.446154715625 0.579687440625 0.446154715625 0.56093744375 0.4347289359375 0.56093744375
2 0.4531859640625 0.56093744375 0.4531859640625 0.579687440625 0.4619750265625 0.579687440625 0.4619750265625 0.56093744375 0.4531859640625 0.56093744375
2 0.2589477078125 0.578124940625 0.2589477078125 0.6015624359375 0.290588328125 0.6015624359375 0.290588328125 0.578124940625 0.2589477078125 0.578124940625
2 0.22467036875000002 0.5812499390625 0.22467036875000002 0.6078124328125 0.24927974218750001 0.6078124328125 0.24927974218750001 0.5812499390625 0.22467036875000002 0.5812499390625
2 0.21851802656250002 0.587499940625 0.21851802656250002 0.6078124375 0.23170161875 0.6078124375 0.23170161875 0.587499940625 0.21851802656250002 0.587499940625
2 0.200060996875 0.578124940625 0.200060996875 0.609374934375 0.2193969328125 0.609374934375 0.2193969328125 0.578124940625 0.200060996875 0.578124940625
2 0.4162719078125 0.5656249421874999 0.4162719078125 0.5984374375 0.4373656546875 0.5984374375 0.4373656546875 0.5656249421874999 0.4162719078125 0.5656249421874999
2 0.4610961203125 0.568749940625 0.4610961203125 0.587499940625 0.47691643125 0.587499940625 0.47691643125 0.568749940625 0.4610961203125 0.568749940625
2 0.33189691875 0.5749999406249999 0.33189691875 0.5984374375 0.34508051093750003 0.5984374375 0.34508051093750003 0.5749999406249999 0.33189691875 0.5749999406249999
2 0.5410765796875 0.5640624421875 0.5410765796875 0.587499940625 0.57711173125 0.587499940625 0.57711173125 0.5640624421875 0.5410765796875 0.5640624421875
2 0.5841429796875001 0.5624999421875 0.5841429796875001 0.589062440625 0.6017211031249999 0.589062440625 0.6017211031249999 0.5624999421875 0.5841429796875001 0.5624999421875
2 0.5999632890625 0.56093744375 0.5999632890625 0.5843749375 0.6131468828125 0.5843749375 0.6131468828125 0.56093744375 0.5999632890625 0.56093744375
2 0.668392425 0.54374994375 0.668392425 0.5906249375 0.7061853890625 0.5906249375 0.7061853890625 0.54374994375 0.668392425 0.54374994375
6 0.7679881734375 0.53124993125 0.7679881734375 0.590624925 0.8470897265625 0.590624925 0.8470897265625 0.53124993125 0.7679881734375 0.53124993125
2 0.838300665625 0.5515624296875 0.838300665625 0.585937425 0.8831248796875 0.585937425 0.8831248796875 0.5515624296875 0.838300665625 0.5515624296875
2 0.8664256625 0.5359374328125 0.8664256625 0.5859374265625 0.9077342500000001 0.5859374265625 0.9077342500000001 0.5359374328125 0.8664256625 0.5359374328125
2 0.9718944 0.54062493125 0.9718944 0.599999925 0.9991404890625001 0.599999925 0.9991404890625001 0.54062493125 0.9718944 0.54062493125
2 0.8912156250000001 0.5117106859375 0.8912156250000001 0.6032361749999999 0.9988620812500001 0.6032361749999999 0.9988620812500001 0.5117106859375 0.8912156250000001 0.5117106859375