2 0 0.76598234375 0.185213490625 0.76598234375 0.185213490625 0.31540449375 0 0.31540449375 0 0.76598234375
2 0.056538856250000005 0.3223364609375 0.056538856250000005 0.634274971875 0.35775447968749996 0.634274971875 0.35775447968749996 0.3223364609375 0.056538856250000005 0.3223364609375
6 0.2797698515625 0.36219526874999997 0.2797698515625 0.5510913687500001 0.502026040625 0.5510913687500001 0.502026040625 0.36219526874999997 0.2797698515625 0.36219526874999997
6 0.4142933359375 0.39165613125 0.4142933359375 0.537227434375 0.5449175859375 0.537227434375 0.5449175859375 0.39165613125 0.4142933359375 0.39165613125
6 0.761324928125 0.3517973203125 0.761324928125 0.727856525 0.9982032343749999 0.727856525 0.9982032343749999 0.3517973203125 0.761324928125 0.3517973203125
2 0.7418287703125 0.4419128921875 0.7418287703125 0.5424264109375 0.7837455078125 0.5424264109375 0.7837455078125 0.4419128921875 0.7418287703125 0.4419128921875
2 0.7135593421875 0.4661747734375 0.7135593421875 0.5441594015625 0.7486524265625001 0.5441594015625 0.7486524265625001 0.4661747734375 0.7135593421875 0.4661747734375
2 0.688214340625 0.4661747734375 0.688214340625 0.537227434375 0.7320806906249999 0.537227434375 0.7320806906249999 0.4661747734375 0.688214340625 0.4661747734375
2 0.631675484375 0.47137375 0.631675484375 0.521630509375 0.6813906843749999 0.521630509375 0.6813906843749999 0.47137375 0.631675484375 0.47137375
2 0.6209525984375001 0.47310674218750004 0.6209525984375001 0.5129655484375 0.6462976015625 0.5129655484375 0.6462976015625 0.47310674218750004 0.6209525984375001 0.47310674218750004
2 0.6073052890625 0.47137375 0.6073052890625 0.50949956875 0.62972586875 0.50949956875 0.62972586875 0.47137375 0.6073052890625 0.47137375
2 0.597557209375 0.46964075781250003 0.597557209375 0.5060335828125 0.613154134375 0.5060335828125 0.613154134375 0.46964075781250003 0.597557209375 0.46964075781250003
2 0.58780913125 0.47483973125 0.58780913125 0.49563563125 0.6004816328125 0.49563563125 0.6004816328125 0.47483973125 0.58780913125 0.47483973125
2 0.5751366296875 0.46964075781250003 0.5751366296875 0.49563563437499997 0.58780913125 0.49563563437499997 0.58780913125 0.46964075781250003 0.5751366296875 0.46964075781250003
2 0.5634389359374999 0.46790776718749993 0.5634389359374999 0.4887036671875 0.5868343234375 0.4887036671875 0.5868343234375 0.46790776718749993 0.5634389359374999 0.46790776718749993