2 0.5160667265625001 0.440027909375 0.5160667265625001 0.456856175 0.5223773234375 0.456856175 0.5223773234375 0.440027909375 0.5160667265625001 0.440027909375
2 0.503445528125 0.4418977203125 0.503445528125 0.475554246875 0.5160667250000001 0.475554246875 0.5160667250000001 0.4418977203125 0.503445528125 0.4418977203125
2 0.49082433124999997 0.45124675468750003 0.49082433124999997 0.48864289375 0.5076525937499999 0.48864289375 0.5076525937499999 0.45124675468750003 0.49082433124999997 0.45124675468750003
2 0.4424430734375 0.4549863671875 0.4424430734375 0.550346521875 0.505549059375 0.550346521875 0.505549059375 0.4549863671875 0.4424430734375 0.4549863671875
2 0.11534371562500001 0.41198080625 0.11534371562500001 0.8214685375 0.468737234375 0.8214685375 0.468737234375 0.41198080625 0.11534371562500001 0.41198080625
2 0.5833797749999999 0.43815810624999996 0.5833797749999999 0.48864289375 0.6233469 0.48864289375 0.6233469 0.43815810624999996 0.5833797749999999 0.43815810624999996
2 0.5938974406249999 0.4475071421875 0.5938974406249999 0.5068872468750001 0.6400784828125 0.5068872468750001 0.6400784828125 0.4475071421875 0.5938974406249999 0.4475071421875
2 0.152155540625 0.4531165640625 0.152155540625 0.5391276859375 0.1837085328125 0.5391276859375 0.1837085328125 0.4531165640625 0.152155540625 0.4531165640625
1 0.5471097781250001 0.40475478125000003 0.5471097781250001 0.47206783124999996 0.5818180703125 0.47206783124999996 0.5818180703125 0.40475478125000003 0.5471097781250001 0.40475478125000003
1 0.522377321875 0.4475071421875 0.522377321875 0.48864289375 0.55287855 0.48864289375 0.55287855 0.4475071421875 0.522377321875 0.4475071421875
2 0.63578013125 0.32858520156250004 0.63578013125 0.8966045796875 0.998274559375 0.8966045796875 0.998274559375 0.32858520156250004 0.63578013125 0.32858520156250004
1 0.0001446140625 0.35150975 0.0001446140625 0.579640165625 0.24205089375000002 0.579640165625 0.24205089375000002 0.35150975 0.0001446140625 0.35150975