2 0.3636733921875 0.43806112812500003 0.3636733921875 0.46193868125000004 0.39466827968749996 0.46193868125000004 0.39466827968749996 0.43806112812500003 0.3636733921875 0.43806112812500003
2 0.323380034375 0.43806112812500003 0.323380034375 0.46377540625 0.358507578125 0.46377540625 0.358507578125 0.43806112812500003 0.323380034375 0.43806112812500003
2 0.27482136874999996 0.4343876625 0.27482136874999996 0.45275500625 0.3016836078125 0.45275500625 0.3016836078125 0.4343876625 0.27482136874999996 0.4343876625
2 0.15290813125 0.43622439531249996 0.15290813125 0.45826520625 0.1704719046875 0.45826520625 0.1704719046875 0.43622439531249996 0.15290813125 0.43622439531249996
2 0.13121170625 0.4343876625 0.13121170625 0.45275500625 0.14051017500000001 0.45275500625 0.14051017500000001 0.4343876625 0.13121170625 0.4343876625
2 0.0216964234375 0.41020401250000005 0.0216964234375 0.546122353125 0.1167474234375 0.546122353125 0.1167474234375 0.41020401250000005 0.0216964234375 0.41020401250000005
2 0 0.695387609375 0.053453278125 0.695387609375 0.053453278125 0.42355093281249995 0 0.42355093281249995 0 0.695387609375
2 0.15986906875 0.42795909375 0.15986906875 0.5418366140625 0.247687928125 0.5418366140625 0.247687928125 0.42795909375 0.15986906875 0.42795909375
2 0.8684122828125 0.4132652171875 0.8684122828125 0.49959172812499997 0.948999 0.49959172812499997 0.948999 0.4132652171875 0.8684122828125 0.4132652171875
2 0.7867924015625001 0.43897949531249997 0.7867924015625001 0.4977549859375 0.8436163703125 0.4977549859375 0.8436163703125 0.43897949531249997 0.7867924015625001 0.43897949531249997
2 0.756830671875 0.424285625 0.756830671875 0.494081521875 0.8064224984375 0.494081521875 0.8064224984375 0.424285625 0.756830671875 0.424285625
0 0.871511771875 0.545510090625 0.871511771875 0.71999985 0.9934250062500001 0.71999985 0.9934250062500001 0.545510090625 0.871511771875 0.545510090625
2 0.17834853281250002 0.48008164375 0.17834853281250002 0.8588978765625 0.7581538390625 0.8588978765625 0.7581538390625 0.48008164375 0.17834853281250002 0.48008164375
4 0.11799215468749999 0.43299224062499997 0.11799215468749999 0.4967717859375 0.1347342859375 0.4967717859375 0.1347342859375 0.43299224062499997 0.11799215468749999 0.43299224062499997