2 0.42503878124999994 0.14999989687499998 0.42503878124999994 0.21093735625 0.4606344625 0.21093735625 0.4606344625 0.14999989687499998 0.42503878124999994 0.14999989687499998
2 0.5378902546875 0.17578112968749998 0.5378902546875 0.21093735468750002 0.562939065625 0.21093735468750002 0.562939065625 0.17578112968749998 0.5378902546875 0.17578112968749998
2 0.1608397328125 0.1804686265625 0.1608397328125 0.25781232187500003 0.24125960000000002 0.25781232187500003 0.24125960000000002 0.1804686265625 0.1608397328125 0.1804686265625
2 0.10942375156249999 0.19218736875 0.10942375156249999 0.26484356875000004 0.15820301406249998 0.26484356875000004 0.15820301406249998 0.19218736875 0.10942375156249999 0.19218736875
2 0.0791015078125 0.17109363125 0.0791015078125 0.2718748125 0.1160155453125 0.2718748125 0.1160155453125 0.17109363125 0.0791015078125 0.17109363125
2 0 0.31874978125000003 0.0791015078125 0.31874978125000003 0.0791015078125 0.1476561484375 0 0.1476561484375 0 0.31874978125000003
4 0.9734758843750001 0.12421866562499999 0.9734758843750001 0.250781078125 0.9932512625 0.250781078125 0.9932512625 0.12421866562499999 0.9734758843750001 0.12421866562499999
4 0.9444719984375001 0.1148436703125 0.9444719984375001 0.24843733124999998 0.9734758843750001 0.24843733124999998 0.9734758843750001 0.1148436703125 0.9444719984375001 0.1148436703125
2 0.5713765515625 0.1476561484375 0.5713765515625 0.24843733124999998 0.630702684375 0.24843733124999998 0.630702684375 0.1476561484375 0.5713765515625 0.1476561484375
2 0.4456051625 0.1453124 0.4456051625 0.31406228281250004 0.5431636890625 0.31406228281250004 0.5431636890625 0.1453124 0.4456051625 0.1453124
2 0.6367671406250001 0.15468739375 0.6367671406250001 0.34218726718750003 0.7989252312499999 0.34218726718750003 0.7989252312499999 0.15468739375 0.6367671406250001 0.15468739375