2 0.2902201328125 0.39890596875 0.2902201328125 0.41765595624999996 0.30867715156250003 0.41765595624999996 0.30867715156250003 0.39890596875 0.2902201328125 0.39890596875
2 0.3179056609375 0.40921846874999995 0.3179056609375 0.48421841875 0.3877786609375 0.48421841875 0.3877786609375 0.40921846874999995 0.3179056609375 0.40921846874999995
2 0.5815773546874999 0.3707809890625 0.5815773546874999 0.45749967812500003 0.63035661875 0.45749967812500003 0.63035661875 0.3707809890625 0.5815773546874999 0.3707809890625
2 0.6118996 0.368437240625 0.6118996 0.485624659375 0.684409315625 0.485624659375 0.684409315625 0.368437240625 0.6118996 0.368437240625
2 0.62640154375 0.3590622453125 0.62640154375 0.54187461875 0.755600671875 0.54187461875 0.755600671875 0.3590622453125 0.62640154375 0.3590622453125
2 0.7450538046874999 0.3871872265625 0.7450538046874999 0.43640594374999997 0.7819678421875 0.43640594374999997 0.7819678421875 0.3871872265625 0.7450538046874999 0.3871872265625
6 0.4998391296875 0.26999980625000003 0.4998391296875 0.389530975 0.5697121296875001 0.389530975 0.5697121296875001 0.26999980625000003 0.4998391296875 0.26999980625000003
2 0.06214411875 0.32390602031250004 0.06214411875 0.77859320625 0.357456415625 0.77859320625 0.357456415625 0.32390602031250004 0.06214411875 0.32390602031250004
6 0 0.647343296875 0.2941752078125 0.647343296875 0.2941752078125 0.0543749546875 0 0.0543749546875 0 0.647343296875
2 0.324497453125 0.258281065625 0.324497453125 0.79031195 0.6382667671875 0.79031195 0.6382667671875 0.258281065625 0.324497453125 0.258281065625
2 0.7147315609375 0.3614059953125 0.7147315609375 0.6778120265625 0.9994969906250001 0.6778120265625 0.9994969906250001 0.3614059953125 0.7147315609375 0.3614059953125
6 0.353501340625 0.3590622453125 0.353501340625 0.4082809625 0.408872396875 0.4082809625 0.408872396875 0.3590622453125 0.353501340625 0.3590622453125