2 0.72539708125 0.43933619999999995 0.72539708125 0.46066320000000005 0.7409924484375 0.46066320000000005 0.7409924484375 0.43933619999999995 0.72539708125 0.43933619999999995
2 0.7074024234375 0.4350708015625 0.7074024234375 0.4649286015625 0.7241974359375 0.4649286015625 0.7241974359375 0.4350708015625 0.7074024234375 0.4350708015625
2 0.6906074109375 0.43720350156250004 0.6906074109375 0.4713267015625 0.7134006421875 0.4713267015625 0.7134006421875 0.43720350156250004 0.6906074109375 0.43720350156250004
2 0.671413109375 0.4308054015625 0.671413109375 0.473459403125 0.6966056296875001 0.473459403125 0.6966056296875001 0.4308054015625 0.671413109375 0.4308054015625
2 0.6342241546875 0.4308054015625 0.6342241546875 0.490521003125 0.6858088359375001 0.490521003125 0.6858088359375001 0.4308054015625 0.6342241546875 0.4308054015625
2 0.5586465984375 0.4116111 0.5586465984375 0.5139807000000001 0.6438213046875 0.5139807000000001 0.6438213046875 0.4116111 0.5586465984375 0.4116111
2 0.49866441093749997 0.42654000156249994 0.49866441093749997 0.5417058031249999 0.6090316359375 0.5417058031249999 0.6090316359375 0.42654000156249994 0.49866441093749997 0.42654000156249994
2 0.3367125046875 0.4350708015625 0.3367125046875 0.6131245796875 0.5202579984375 0.6131245796875 0.5202579984375 0.4350708015625 0.3367125046875 0.4350708015625
2 0 0.793364403125 0.390696471875 0.793364403125 0.390696471875 0.4308054015625 0 0.4308054015625 0 0.793364403125
2 0.7637856796875 0.4414689015625 0.7637856796875 0.4649286015625 0.7721831859375 0.4649286015625 0.7721831859375 0.4414689015625 0.7637856796875 0.4414689015625
2 0.7721831859375 0.44360160156250006 0.7721831859375 0.47985750312500003 0.7997749921875 0.47985750312500003 0.7997749921875 0.44360160156250006 0.7721831859375 0.44360160156250006
2 0.8081724984375 0.3369666 0.8081724984375 0.6931275015625 0.9989158546875 0.6931275015625 0.9989158546875 0.3369666 0.8081724984375 0.3369666
2 1 0.3390993015625 0.8765521921874999 0.3390993015625 0.8765521921874999 0.9213264015625 1 0.9213264015625 1 0.3390993015625
2 0.3047220765625 0.46078093593749997 0.3047220765625 0.50531215625 0.34559118906249997 0.50531215625 0.34559118906249997 0.46078093593749997 0.3047220765625 0.46078093593749997