2 0 0.4847245453125 0.0155462640625 0.4847245453125 0.0155462640625 0.39330719531249997 0 0.39330719531249997 0 0.4847245453125
2 0.07294785468750001 0.42944893593750005 0.07294785468750001 0.48897651406250003 0.10643211718750001 0.48897651406250003 0.10643211718750001 0.42944893593750005 0.07294785468750001 0.42944893593750005
2 0.087298253125 0.42094499843750005 0.087298253125 0.4847245453125 0.1686171734375 0.4847245453125 0.1686171734375 0.42094499843750005 0.087298253125 0.42094499843750005
2 0.161441975 0.3805512859375 0.161441975 0.5378741671875 0.31570874843749996 0.5378741671875 0.31570874843749996 0.3805512859375 0.161441975 0.3805512859375
6 0.4364912625 0.338031590625 0.4364912625 0.386929240625 0.4735631234375 0.386929240625 0.4735631234375 0.338031590625 0.4364912625 0.338031590625
2 0.42094499843750005 0.3848032578125 0.42094499843750005 0.43582689375 0.450841659375 0.43582689375 0.450841659375 0.3848032578125 0.42094499843750005 0.3848032578125
2 0.5154184500000001 0.37629931875 0.5154184500000001 0.38905522656249997 0.5249853812499999 0.38905522656249997 0.5249853812499999 0.37629931875 0.5154184500000001 0.37629931875
2 0.50585151875 0.37629931875 0.50585151875 0.3996851515625 0.5166143171875001 0.3996851515625 0.5166143171875001 0.37629931875 0.50585151875 0.37629931875
2 0.4795424546875 0.3720473453125 0.4795424546875 0.416693028125 0.5082432515625 0.416693028125 0.5082432515625 0.3720473453125 0.4795424546875 0.3720473453125
2 0.4424705953125 0.37629931875 0.4424705953125 0.4443308328125 0.49150112031250004 0.4443308328125 0.49150112031250004 0.37629931875 0.4424705953125 0.37629931875
2 0.5261812484374999 0.3741733328125 0.5261812484374999 0.4103150765625 0.55129444375 0.4103150765625 0.55129444375 0.3741733328125 0.5261812484374999 0.3741733328125
2 0.5225936484375 0.36779537812499996 0.5225936484375 0.3911812109375 0.5393357796875 0.3911812109375 0.5393357796875 0.36779537812499996 0.5225936484375 0.36779537812499996
2 0.557273775 0.3699213609375 0.557273775 0.3996851484375 0.578799371875 0.3996851484375 0.578799371875 0.3699213609375 0.557273775 0.3699213609375
2 0.57760350625 0.3507874984375 0.57760350625 0.42519696875 0.625438165625 0.42519696875 0.625438165625 0.3507874984375 0.57760350625 0.3507874984375
2 0.621850565625 0.3529134828125 0.621850565625 0.4081890890625 0.651747228125 0.4081890890625 0.651747228125 0.3529134828125 0.621850565625 0.3529134828125
2 0.6314174984375 0.3614174234375 0.6314174984375 0.4103150734375 0.651747228125 0.4103150734375 0.651747228125 0.3614174234375 0.6314174984375 0.3614174234375
2 0.6421802953125 0.35716545312500003 0.6421802953125 0.4103150734375 0.6792521578125 0.4103150734375 0.6792521578125 0.35716545312500003 0.6421802953125 0.35716545312500003
2 0.65653069375 0.3614174234375 0.65653069375 0.41669303125 0.6947984218750001 0.41669303125 0.6947984218750001 0.3614174234375 0.65653069375 0.3614174234375
2 0.6660976265625 0.3592914375 0.6660976265625 0.427322953125 0.7187157484375 0.427322953125 0.7187157484375 0.3592914375 0.6660976265625 0.3592914375
2 0.6947984218750001 0.3635434078125 0.6947984218750001 0.43795287656250004 0.7390454796875 0.43795287656250004 0.7390454796875 0.3635434078125 0.6947984218750001 0.3635434078125
2 0.727086815625 0.32314969531250004 0.727086815625 0.45496075625000004 0.8430858625000001 0.45496075625000004 0.8430858625000001 0.32314969531250004 0.727086815625 0.32314969531250004
2 0.816378203125 0.336330796875 0.816378203125 0.5045670921875 0.9975170656250001 0.5045670921875 0.9975170656250001 0.336330796875 0.816378203125 0.336330796875