2 0.531562978125 0.47122683906249996 0.531562978125 0.4814155265625 0.5430252515625 0.4814155265625 0.5430252515625 0.47122683906249996 0.531562978125 0.47122683906249996
2 0.5258318390625 0.473774009375 0.5258318390625 0.4941513875 0.5372941140624999 0.4941513875 0.5372941140624999 0.473774009375 0.5258318390625 0.473774009375
2 0.514369565625 0.46867966718750004 0.514369565625 0.49160421562499995 0.527264625 0.49160421562499995 0.527264625 0.46867966718750004 0.514369565625 0.46867966718750004
2 0.5430252515625 0.46867966718750004 0.5430252515625 0.49160421562499995 0.5530547421875001 0.49160421562499995 0.5530547421875001 0.46867966718750004 0.5430252515625 0.46867966718750004
2 0.5501891734375 0.46867966718750004 0.5501891734375 0.4941513875 0.5602186625 0.4941513875 0.5602186625 0.46867966718750004 0.5501891734375 0.46867966718750004
2 0.49860893749999996 0.46867966718750004 0.49860893749999996 0.49160421562499995 0.5115039968749999 0.49160421562499995 0.5115039968749999 0.46867966718750004 0.49860893749999996 0.46867966718750004
2 0.49287780156250005 0.46613249375 0.49287780156250005 0.5196231078125 0.5100712125 0.5196231078125 0.5100712125 0.46613249375 0.49287780156250005 0.46613249375
2 0.429835290625 0.44320794531249996 0.429835290625 0.4788683546875 0.4656548984375 0.4788683546875 0.4656548984375 0.44320794531249996 0.429835290625 0.44320794531249996
2 0.41837301718750003 0.4814155265625 0.41837301718750003 0.527264625 0.4412975671875 0.527264625 0.4412975671875 0.4814155265625 0.41837301718750003 0.4814155265625
2 0.6089333296875 0.47122683906249996 0.6089333296875 0.5450948296875 0.6375890156249999 0.5450948296875 0.6375890156249999 0.47122683906249996 0.6089333296875 0.47122683906249996
2 0.2114789609375 0.473774009375 0.2114789609375 0.557830690625 0.2917148828125 0.557830690625 0.2917148828125 0.473774009375 0.2114789609375 0.473774009375
2 0.327821053125 0.473774009375 0.327821053125 0.55528351875 0.40318550625 0.55528351875 0.40318550625 0.473774009375 0.327821053125 0.473774009375
2 0.4378588921875 0.44830228906249997 0.4378588921875 0.54254765625 0.49803583281249997 0.54254765625 0.49803583281249997 0.44830228906249997 0.4378588921875 0.44830228906249997
2 0.55534720625 0.47122683906249996 0.55534720625 0.49669855937499996 0.5739734015625 0.49669855937499996 0.5739734015625 0.47122683906249996 0.55534720625 0.47122683906249996
2 0.6241208515625 0.473774009375 0.6241208515625 0.557830690625 0.6957600687500001 0.557830690625 0.6957600687500001 0.473774009375 0.6241208515625 0.473774009375
2 0 0.8074535562499999 0.32810760625 0.8074535562499999 0.32810760625 0.4865098703125 0 0.4865098703125 0 0.8074535562499999
2 0.9373275109374999 0.5858495828125 0.9373275109374999 0.7361327359375001 0.9989372359375001 0.7361327359375001 0.9989372359375001 0.5858495828125 0.9373275109374999 0.5858495828125
6 0.150442353125 0.44320794531249996 0.150442353125 0.5017929046875 0.25503560625 0.5017929046875 0.25503560625 0.44320794531249996 0.150442353125 0.44320794531249996