2 0.44842315 0.49031215625 0.44842315 0.50671839375 0.461606734375 0.50671839375 0.461606734375 0.49031215625 0.44842315 0.49031215625
2 0.44051299843749997 0.49031215625 0.44051299843749997 0.5114058921875 0.452378225 0.5114058921875 0.452378225 0.49031215625 0.44051299843749997 0.49031215625
2 0.42996613124999994 0.485624659375 0.42996613124999994 0.50906214375 0.44446807499999996 0.50906214375 0.44446807499999996 0.485624659375 0.42996613124999994 0.485624659375
2 0.4115091125 0.483280909375 0.4115091125 0.5114058921875 0.43128448906249994 0.5114058921875 0.43128448906249994 0.483280909375 0.4115091125 0.483280909375
2 0.3996438859375 0.483280909375 0.3996438859375 0.50906214375 0.41414583125000004 0.50906214375 0.41414583125000004 0.483280909375 0.3996438859375 0.483280909375
2 0.383823584375 0.476249665625 0.383823584375 0.5160933875 0.4049173203125 0.5160933875 0.4049173203125 0.476249665625 0.383823584375 0.476249665625
2 0.551255109375 0.4645309234375 0.551255109375 0.49265590625 0.565757053125 0.49265590625 0.565757053125 0.4645309234375 0.551255109375 0.4645309234375
2 0.55652854375 0.47156216874999995 0.55652854375 0.5043746437500001 0.5789406390625 0.5043746437500001 0.5789406390625 0.47156216874999995 0.55652854375 0.47156216874999995
2 0.5710304890625 0.4645309234375 0.5710304890625 0.50671839375 0.5908058640625 0.50671839375 0.5908058640625 0.4645309234375 0.5710304890625 0.4645309234375
2 0.5828957124999999 0.4645309234375 0.5828957124999999 0.51140589375 0.617173034375 0.51140589375 0.617173034375 0.4645309234375 0.5828957124999999 0.4645309234375
2 0.6039894484375 0.46218717343750004 0.6039894484375 0.5184371359375 0.6435402031249999 0.5184371359375 0.6435402031249999 0.46218717343750004 0.6039894484375 0.46218717343750004
2 0.19266160625 0.47390591718749997 0.19266160625 0.595780834375 0.28890177499999997 0.595780834375 0.28890177499999997 0.47390591718749997 0.19266160625 0.47390591718749997
2 0.0410503828125 0.49031215625 0.0410503828125 0.6590620390625 0.2032084734375 0.6590620390625 0.2032084734375 0.49031215625 0.0410503828125 0.49031215625
2 0.366684925 0.483280909375 0.366684925 0.52312463125 0.398325528125 0.52312463125 0.398325528125 0.483280909375 0.366684925 0.483280909375
2 0.617173034375 0.4457809359375 0.617173034375 0.5301558796875 0.6975929 0.5301558796875 0.6975929 0.4457809359375 0.617173034375 0.4457809359375
2 0.0001812703125 0.5301558796875 0.0001812703125 0.70593700625 0.0502788921875 0.70593700625 0.0502788921875 0.5301558796875 0.0001812703125 0.5301558796875