2 0.001559290625 0.22869600937499998 0.001559290625 0.415810928125 0.1426751234375 0.415810928125 0.1426751234375 0.22869600937499998 0.001559290625 0.22869600937499998
2 0.12786186093750002 0.2397843 0.12786186093750002 0.39363434375 0.230775065625 0.39363434375 0.230775065625 0.2397843 0.12786186093750002 0.2397843
2 0.22141931874999998 0.257802775 0.22141931874999998 0.28829557499999997 0.2370122296875 0.28829557499999997 0.2370122296875 0.257802775 0.22141931874999998 0.257802775
2 0.22453790156250003 0.253644665625 0.22453790156250003 0.354825325 0.307180321875 0.354825325 0.307180321875 0.253644665625 0.22453790156250003 0.253644665625
2 0.29704493125 0.261960884375 0.29704493125 0.3340347796875 0.34148472343749997 0.3340347796875 0.34148472343749997 0.261960884375 0.29704493125 0.261960884375
2 0.325891815625 0.261960884375 0.325891815625 0.3229464875 0.3508404703125 0.3229464875 0.3508404703125 0.261960884375 0.325891815625 0.261960884375
2 0.3438236609375 0.26334691875 0.3438236609375 0.31324423437500004 0.374229834375 0.31324423437500004 0.374229834375 0.26334691875 0.3438236609375 0.26334691875
2 0.36721302499999997 0.26334691875 0.36721302499999997 0.30492801406250003 0.389822746875 0.30492801406250003 0.389822746875 0.26334691875 0.36721302499999997 0.26334691875
2 0.3882634546875 0.26473295625 0.3882634546875 0.302155940625 0.401517428125 0.302155940625 0.401517428125 0.26473295625 0.3882634546875 0.26473295625
1 0.40073778125 0.242556375 0.40073778125 0.3007699046875 0.43306809218750003 0.3007699046875 0.43306809218750003 0.242556375 0.40073778125 0.242556375
2 0.485719140625 0.27443521249999997 0.485719140625 0.29245368437499997 0.5028713390624999 0.29245368437499997 0.5028713390624999 0.27443521249999997 0.485719140625 0.27443521249999997
2 0.4794819765625 0.2716631390625 0.4794819765625 0.28413746875 0.48883772187499996 0.28413746875 0.48883772187499996 0.2716631390625 0.4794819765625 0.2716631390625
2 0.462329775 0.26473295625 0.462329775 0.27720728437500003 0.471685521875 0.27720728437500003 0.471685521875 0.26473295625 0.462329775 0.26473295625