4 0.9767574625 0.54069341875 0.9767574625 0.72439054375 0.9991780421875 0.72439054375 0.9991780421875 0.54069341875 0.9767574625 0.54069341875
4 0.8695285984375 0.56148931875 0.8695285984375 0.69492968125 0.9055964890625001 0.69492968125 0.9055964890625001 0.56148931875 0.8695285984375 0.56148931875
4 0.773997428125 0.5788192359375001 0.773997428125 0.72265755 0.818838590625 0.72265755 0.818838590625 0.5788192359375001 0.773997428125 0.5788192359375001
4 0.717458575 0.6030811218750001 0.717458575 0.69492968125 0.745728003125 0.69492968125 0.745728003125 0.6030811218750001 0.717458575 0.6030811218750001
4 0.3090140875 0.623877021875 0.3090140875 0.733055503125 0.3353338984375 0.733055503125 0.3353338984375 0.623877021875 0.3090140875 0.623877021875
0 0.4825298828125 0.66546881875 0.4825298828125 0.703594640625 0.4922779640625 0.703594640625 0.4922779640625 0.66546881875 0.4825298828125 0.66546881875
5 0.48058026875 0.64293993125 0.48058026875 0.6914637 0.4952023875 0.6914637 0.4952023875 0.64293993125 0.48058026875 0.64293993125
0 0.46790776562499997 0.66373583125 0.46790776562499997 0.6931966890625 0.47765584531250005 0.6931966890625 0.47765584531250005 0.66373583125 0.46790776562499997 0.66373583125
5 0.46205891875000005 0.6342749734375001 0.46205891875000005 0.682798740625 0.4805802671875 0.682798740625 0.4805802671875 0.6342749734375001 0.46205891875000005 0.6342749734375001
1 0.4318398765625 0.6152120640625001 0.4318398765625 0.6533378828124999 0.4649833421875 0.6533378828124999 0.4649833421875 0.6152120640625001 0.4318398765625 0.6152120640625001
2 0.4893535375 0.639473946875 0.4893535375 0.677599765625 0.5127489265625 0.677599765625 0.5127489265625 0.639473946875 0.4893535375 0.639473946875
2 0.5088496953125 0.616945053125 0.5088496953125 0.687997715625 0.545892390625 0.687997715625 0.545892390625 0.616945053125 0.5088496953125 0.616945053125
2 0.5146985421875 0.6325419812499999 0.5146985421875 0.6931966890625 0.5322450812499999 0.6931966890625 0.5322450812499999 0.6325419812499999 0.5146985421875 0.6325419812499999
2 0.5263962375 0.6325419812499999 0.5263962375 0.68973070625 0.5468672015625 0.68973070625 0.5468672015625 0.6325419812499999 0.5263962375 0.6325419812499999
2 0.5332198921875 0.627343003125 0.5332198921875 0.7070606234375 0.5780610515625 0.7070606234375 0.5780610515625 0.627343003125 0.5332198921875 0.627343003125
2 0.5605145109375 0.627343003125 0.5605145109375 0.734788490625 0.598532015625 0.734788490625 0.598532015625 0.627343003125 0.5605145109375 0.627343003125
2 0.579035859375 0.5926831703125 0.579035859375 0.7711813171874999 0.71453415 0.7711813171874999 0.71453415 0.5926831703125 0.579035859375 0.5926831703125
2 0.407469678125 0.64813890625 0.407469678125 0.6810657499999999 0.42794064374999996 0.6810657499999999 0.42794064374999996 0.64813890625 0.407469678125 0.64813890625
2 0.4172177578125 0.64293993125 0.4172177578125 0.6862647234375 0.46595814999999996 0.6862647234375 0.46595814999999996 0.64293993125 0.4172177578125 0.64293993125
2 0.3811498671875 0.64813890625 0.3811498671875 0.6914637 0.39869640781250004 0.6914637 0.39869640781250004 0.64813890625 0.3811498671875 0.64813890625
2 0.3528804390625 0.64293993125 0.3528804390625 0.7018616468750001 0.3879735234375 0.7018616468750001 0.3879735234375 0.64293993125 0.3528804390625 0.64293993125
2 0.3450819765625 0.64813890625 0.3450819765625 0.7053276328125 0.372376596875 0.7053276328125 0.372376596875 0.64813890625 0.3450819765625 0.64813890625
2 0.32948505156249996 0.64813890625 0.32948505156249996 0.7157255828125 0.35385525156250003 0.7157255828125 0.35385525156250003 0.64813890625 0.32948505156249996 0.64813890625
2 0.2973163921875 0.6377409562499999 0.2973163921875 0.7295895171875 0.3177873578125 0.7295895171875 0.3177873578125 0.6377409562499999 0.2973163921875 0.6377409562499999
2 0.23395388125 0.6221440296875 0.23395388125 0.74518644375 0.30219043125 0.74518644375 0.30219043125 0.6221440296875 0.23395388125 0.6221440296875
2 0 0.734788490625 0.048740392187499995 0.734788490625 0.048740392187499995 0.6464059109375 0 0.6464059109375 0 0.734788490625
2 0.0019496171875 0.623877021875 0.0019496171875 0.87862680625 0.27392100468749997 0.87862680625 0.27392100468749997 0.623877021875 0.0019496171875 0.623877021875