2 0.4196773484375 0.7072424125000001 0.4196773484375 0.7280436609375001 0.4348882609375 0.7280436609375001 0.4348882609375 0.7072424125000001 0.4196773484375 0.7072424125000001
2 0.40680657656249997 0.7051622890625 0.40680657656249997 0.7322039078125 0.42084741875000004 0.7322039078125 0.42084741875000004 0.7051622890625 0.40680657656249997 0.7051622890625
2 0.39744601562500004 0.7072424125000001 0.39744601562500004 0.7280436609375001 0.40914671562500005 0.7280436609375001 0.40914671562500005 0.7072424125000001 0.39744601562500004 0.7072424125000001
2 0.383405175 0.7072424125000001 0.383405175 0.7342840328125 0.3974460171875 0.7342840328125 0.3974460171875 0.7072424125000001 0.383405175 0.7072424125000001
2 0.3658541203125 0.7134827859375 0.3658541203125 0.73844428125 0.3857453125 0.73844428125 0.3857453125 0.7134827859375 0.3658541203125 0.7134827859375
2 0.3541534171875 0.7134827859375 0.3541534171875 0.74260453125 0.3681942609375 0.74260453125 0.3681942609375 0.7134827859375 0.3541534171875 0.7134827859375
2 0.33075201718749997 0.7114026609375 0.33075201718749997 0.7446846546875 0.344792859375 0.7446846546875 0.344792859375 0.7114026609375 0.33075201718749997 0.7114026609375
2 0.3108608234375 0.709322534375 0.3108608234375 0.75300515625 0.3354322953125 0.75300515625 0.3354322953125 0.709322534375 0.3108608234375 0.709322534375
2 0.283949209375 0.7114026609375 0.283949209375 0.7571654031249999 0.3155411015625 0.7571654031249999 0.3155411015625 0.7114026609375 0.283949209375 0.7114026609375
2 0.2663981578125 0.715562909375 0.2663981578125 0.76964615625 0.2921396984375 0.76964615625 0.2921396984375 0.715562909375 0.2663981578125 0.715562909375
2 0.2149150703125 0.7072424125000001 0.2149150703125 0.7987679 0.2862893484375 0.7987679 0.2862893484375 0.7072424125000001 0.2149150703125 0.7072424125000001
2 0.10609854218749999 0.6906014140625001 0.10609854218749999 0.825809521875 0.22310555937499998 0.825809521875 0.22310555937499998 0.6906014140625001 0.10609854218749999 0.6906014140625001
2 0 0.8736523953124999 0.1177992484375 0.8736523953124999 0.1177992484375 0.6864411687499999 0 0.6864411687499999 0 0.8736523953124999
2 0.4313780515625 0.615716925 0.4313780515625 0.8382902718749999 0.5706164015625 0.8382902718749999 0.5706164015625 0.615716925 0.4313780515625 0.615716925
2 0.6712424343750001 0.5949156765625 0.6712424343750001 0.836210146875 0.8537733796874999 0.836210146875 0.8537733796874999 0.5949156765625 0.6712424343750001 0.5949156765625
2 0.7554874875 0.590755425 0.7554874875 0.9256555093750001 0.9988620812500001 0.9256555093750001 0.9988620812500001 0.590755425 0.7554874875 0.590755425