2 0.9709086140625001 0.3621952703125 0.9709086140625001 0.54069341875 0.9982032343749999 0.54069341875 0.9982032343749999 0.3621952703125 0.9709086140625001 0.3621952703125
2 0.7379295390625 0.3032735515625 0.7379295390625 0.45750981562500004 0.9192437999999999 0.45750981562500004 0.9192437999999999 0.3032735515625 0.7379295390625 0.3032735515625
2 0.581960284375 0.31540449531250003 0.581960284375 0.3708602296875 0.62972586875 0.3708602296875 0.62972586875 0.31540449531250003 0.581960284375 0.31540449531250003
2 0.4610841109375 0.31367150312500003 0.4610841109375 0.3362003953125 0.47765584375000003 0.3362003953125 0.47765584375000003 0.31367150312500003 0.4610841109375 0.31367150312500003
2 0.5614893203125 0.31540449531250003 0.5614893203125 0.3535303140625 0.5858595156249999 0.3535303140625 0.5858595156249999 0.31540449531250003 0.5614893203125 0.31540449531250003
2 0.5478420078124999 0.31540449531250003 0.5478420078124999 0.3569962953125 0.5634389343749999 0.3569962953125 0.5634389343749999 0.31540449531250003 0.5478420078124999 0.31540449531250003
2 0.529320659375 0.32060346875 0.529320659375 0.3500643296875 0.5507664328125 0.3500643296875 0.5507664328125 0.32060346875 0.529320659375 0.32060346875
2 0.5166481593750001 0.3171374859375 0.5166481593750001 0.3431323609375 0.531270275 0.3431323609375 0.531270275 0.3171374859375 0.5166481593750001 0.3171374859375
2 0.3879735234375 0.308472528125 0.3879735234375 0.334467403125 0.402595640625 0.334467403125 0.402595640625 0.308472528125 0.3879735234375 0.308472528125
2 0.17254098906249998 0.3119385109375 0.17254098906249998 0.3535303109375 0.2144577265625 0.3535303109375 0.2144577265625 0.3119385109375 0.17254098906249998 0.3119385109375
2 0.3041400484375 0.31367150312500003 0.3041400484375 0.334467403125 0.3236362046875 0.334467403125 0.3236362046875 0.31367150312500003 0.3041400484375 0.31367150312500003
2 0.3216865890625 0.30500654374999997 0.3216865890625 0.3344674015625 0.3363087078125 0.3344674015625 0.3363087078125 0.30500654374999997 0.3216865890625 0.30500654374999997
6 0 0.3621952703125 0.1052792484375 0.3621952703125 0.1052792484375 0.2772786765625 0 0.2772786765625 0 0.3621952703125