2 0.388621475 0.44037451875 0.388621475 0.4728611625 0.4150168734375 0.4728611625 0.4150168734375 0.44037451875 0.388621475 0.44037451875
2 0.354104415625 0.44398414375 0.354104415625 0.4800804171875 0.3825302296875 0.4800804171875 0.3825302296875 0.44398414375 0.354104415625 0.44398414375
2 0.31654173281250003 0.44217933125000003 0.31654173281250003 0.49090930312500003 0.3449675484375 0.49090930312500003 0.3449675484375 0.44217933125000003 0.31654173281250003 0.44217933125000003
2 0.2891311265625 0.447593771875 0.2891311265625 0.49090929843750003 0.31654173281250003 0.49090929843750003 0.31654173281250003 0.447593771875 0.2891311265625 0.447593771875
2 0.195732021875 0.42232638125 0.195732021875 0.5252007562500001 0.28913112343749997 0.5252007562500001 0.28913112343749997 0.42232638125 0.195732021875 0.42232638125
2 0.4678076703125 0.4385697046875 0.4678076703125 0.4692515359375 0.4850662 0.4692515359375 0.4850662 0.4385697046875 0.4678076703125 0.4385697046875
2 0.486081409375 0.436764890625 0.486081409375 0.48008041874999996 0.4982639015625 0.48008041874999996 0.4982639015625 0.436764890625 0.486081409375 0.436764890625
2 0.4962334859375 0.42954563749999997 0.4962334859375 0.48188523125 0.5175528453125 0.48188523125 0.5175528453125 0.42954563749999997 0.4962334859375 0.42954563749999997
2 0.5084159781250001 0.447593771875 0.5084159781250001 0.50534780625 0.5277049218750001 0.50534780625 0.5277049218750001 0.447593771875 0.5084159781250001 0.447593771875
2 0.52872013125 0.4512033984375 0.52872013125 0.512567059375 0.5490242828125 0.512567059375 0.5490242828125 0.4512033984375 0.52872013125 0.4512033984375
2 0.5429330375 0.42954563749999997 0.5429330375 0.5306151984375 0.6028302875 0.5306151984375 0.6028302875 0.42954563749999997 0.5429330375 0.42954563749999997