2 0 0.7417204578125001 0.1413471375 0.7417204578125001 0.1413471375 0.329268428125 0 0.329268428125 0 0.7417204578125001
6 0.70576088125 0.247817815625 0.70576088125 0.8162391015624999 0.9994969890625001 0.8162391015624999 0.9994969890625001 0.247817815625 0.70576088125 0.247817815625
2 0.0789594359375 0.36392826093749997 0.0789594359375 0.6550708703125 0.282694275 0.6550708703125 0.282694275 0.36392826093749997 0.0789594359375 0.36392826093749997
2 0.2437019625 0.3951221140625 0.2437019625 0.580552228125 0.3402079375 0.580552228125 0.3402079375 0.3951221140625 0.2437019625 0.3951221140625
2 0.3216865890625 0.45404383125000003 0.3216865890625 0.542426409375 0.3519056328125 0.542426409375 0.3519056328125 0.45404383125000003 0.3216865890625 0.45404383125000003
2 0.3441071703125 0.46097580000000005 0.3441071703125 0.5233635015625 0.3879735234375 0.5233635015625 0.3879735234375 0.46097580000000005 0.3441071703125 0.46097580000000005
2 0.3840742921875 0.462708790625 0.3840742921875 0.506033584375 0.402595640625 0.506033584375 0.402595640625 0.462708790625 0.3840742921875 0.462708790625
2 0.3943704515625 0.45750981562500004 0.3943704515625 0.497368625 0.42306660625000003 0.497368625 0.42306660625000003 0.45750981562500004 0.3943704515625 0.45750981562500004
2 0.411368909375 0.4505778484375 0.411368909375 0.4869706765625 0.4347642984375 0.4869706765625 0.4347642984375 0.4505778484375 0.411368909375 0.4505778484375
2 0.5468672015625 0.47310674218750004 0.5468672015625 0.585751203125 0.6501968328125 0.585751203125 0.6501968328125 0.47310674218750004 0.5468672015625 0.47310674218750004
2 0.651171640625 0.44017989843749994 0.651171640625 0.53029546875 0.7223326140624999 0.53029546875 0.7223326140624999 0.44017989843749994 0.651171640625 0.44017989843749994
2 0.5088496953125 0.45231084062500004 0.5088496953125 0.5337614515625 0.56928778125 0.5337614515625 0.56928778125 0.45231084062500004 0.5088496953125 0.45231084062500004
2 0.494227578125 0.46097580000000005 0.494227578125 0.49910161875 0.5244466203125 0.49910161875 0.5244466203125 0.46097580000000005 0.494227578125 0.46097580000000005
2 0.478630653125 0.45231084062500004 0.478630653125 0.5025676 0.50300085 0.5025676 0.50300085 0.45231084062500004 0.478630653125 0.45231084062500004
2 0.46985738125000004 0.45404383125000003 0.46985738125000004 0.49563563125 0.4825298828125 0.49563563125 0.4825298828125 0.45404383125000003 0.46985738125000004 0.45404383125000003
2 0.440613146875 0.45750981562500004 0.440613146875 0.49563563281249995 0.460109303125 0.49563563281249995 0.460109303125 0.45750981562500004 0.440613146875 0.45750981562500004