2 0.98150554375 0.387755278125 0.98150554375 0.4214287578125 0.9987249390624999 0.4214287578125 0.9987249390624999 0.387755278125 0.98150554375 0.387755278125
2 0.000286984375 0.393367525 0.000286984375 0.5265308484375 0.08552299375 0.5265308484375 0.08552299375 0.393367525 0.000286984375 0.393367525
6 0.06658165625 0.35255117812500003 0.06658165625 0.5270410531249999 0.22500009531249998 0.5270410531249999 0.22500009531249998 0.35255117812500003 0.06658165625 0.35255117812500003
2 0.22500009687500003 0.416836921875 0.22500009687500003 0.43673489062500004 0.262021796875 0.43673489062500004 0.262021796875 0.416836921875 0.22500009687500003 0.416836921875
2 0.273214403125 0.4183675359375 0.273214403125 0.432143053125 0.293016709375 0.432143053125 0.293016709375 0.4183675359375 0.273214403125 0.4183675359375
2 0.2887118578125 0.41224508593750003 0.2887118578125 0.47806144375 0.32401161875 0.47806144375 0.32401161875 0.41224508593750003 0.2887118578125 0.41224508593750003
2 0.38600144375 0.41224508593750003 0.38600144375 0.461224696875 0.41871829531250004 0.461224696875 0.41871829531250004 0.41224508593750003 0.38600144375 0.41224508593750003
2 0.8738843203125001 0.40153079375 0.8738843203125001 0.4229593734375 0.9057402031249999 0.4229593734375 0.9057402031249999 0.40153079375 0.8738843203125001 0.40153079375
2 0.19888401718749998 0.42091855625 0.19888401718749998 0.52806145625 0.3013394203125 0.52806145625 0.3013394203125 0.42091855625 0.19888401718749998 0.42091855625
2 0.32458560468750003 0.40561242656249996 0.32458560468750003 0.42244917343750005 0.36332924375000003 0.42244917343750005 0.36332924375000003 0.40561242656249996 0.32458560468750003 0.40561242656249996
2 0.3030613609375 0.42091855625 0.3030613609375 0.4989798171875 0.377104759375 0.4989798171875 0.377104759375 0.42091855625 0.3030613609375 0.42091855625
2 0.4784122046875 0.41479610625 0.4784122046875 0.434694071875 0.5085461453125 0.434694071875 0.5085461453125 0.41479610625 0.4784122046875 0.41479610625