2 0.19497053125 0.49625153906249997 0.19497053125 0.5435913218749999 0.244554875 0.5435913218749999 0.244554875 0.49625153906249997 0.19497053125 0.49625153906249997
2 0.2741568203125 0.505346396875 0.2741568203125 0.54289174375 0.2934396203125 0.54289174375 0.2934396203125 0.505346396875 0.2741568203125 0.505346396875
2 0.2925213921875 0.49555195625000004 0.2925213921875 0.560848209375 0.3246593921875 0.560848209375 0.3246593921875 0.49555195625000004 0.2925213921875 0.49555195625000004
2 0.23467299375 0.49228714374999993 0.23467299375 0.55921580625 0.27966619531250003 0.55921580625 0.27966619531250003 0.49228714374999993 0.23467299375 0.49228714374999993
2 0.5585453375 0.47129904062500005 0.5585453375 0.5741406437500001 0.6356765390625 0.5741406437500001 0.6356765390625 0.47129904062500005 0.5585453375 0.47129904062500005
2 0.656366496875 0.45993514375 0.656366496875 0.5056425203125 0.721560725 0.5056425203125 0.721560725 0.45993514375 0.656366496875 0.45993514375
2 0.7858367265624999 0.45177310937500004 0.7858367265624999 0.50237770625 0.8501127296875 0.50237770625 0.8501127296875 0.45177310937500004 0.7858367265624999 0.45177310937500004
2 0.8308299281249999 0.4615675453125 0.8308299281249999 0.5138045499999999 0.90520644375 0.5138045499999999 0.90520644375 0.4615675453125 0.8308299281249999 0.4615675453125
2 0.6077003828125 0.48605364218749997 0.6077003828125 0.60521930625 0.73533415625 0.60521930625 0.73533415625 0.48605364218749997 0.6077003828125 0.48605364218749997
1 0.314544290625 0.3318035953125 0.314544290625 0.61910711875 0.455033265625 0.61910711875 0.455033265625 0.3318035953125 0.314544290625 0.3318035953125
2 0.0023465734375 0.4836173890625 0.0023465734375 0.78234775625 0.1786464625 0.78234775625 0.1786464625 0.4836173890625 0.0023465734375 0.4836173890625
2 0.4469629265625 0.4911126109375 0.4469629265625 0.5202654140625 0.4671456375 0.5202654140625 0.4671456375 0.4911126109375 0.4469629265625 0.4911126109375
2 0.4772369921875 0.4933551328125 0.4772369921875 0.51578036875 0.501203959375 0.51578036875 0.501203959375 0.4933551328125 0.4772369921875 0.4933551328125
2 0.5276937671875 0.4866275625 0.5276937671875 0.5225079359375 0.5529221546875001 0.5225079359375 0.5529221546875001 0.4866275625 0.5276937671875 0.4866275625