2 0.405398734375 0.44858280156249997 0.405398734375 0.5017324234375 0.4484499265625 0.5017324234375 0.4484499265625 0.44858280156249997 0.405398734375 0.44858280156249997
2 0.221235296875 0.3996851484375 0.221235296875 0.5485040890625 0.39702766875 0.5485040890625 0.39702766875 0.3996851484375 0.221235296875 0.3996851484375
2 0.676461825 0.44645681875000004 0.676461825 0.46867966718750004 0.695957071875 0.46867966718750004 0.695957071875 0.44645681875000004 0.676461825 0.44645681875000004
2 0.7840898078125 0.42094499843750005 0.7840898078125 0.5995277203125 0.9610780468750001 0.5995277203125 0.9610780468750001 0.42094499843750005 0.7840898078125 0.42094499843750005
2 0.904872321875 0.3826772703125 0.904872321875 0.6548033296875 0.9981499062499999 0.6548033296875 0.9981499062499999 0.3826772703125 0.904872321875 0.3826772703125
2 0 0.611574984375 0.1554626421875 0.611574984375 0.1554626421875 0.40110248437499996 0 0.40110248437499996 0 0.611574984375
2 0.5843800890625 0.4159843796875 0.5843800890625 0.43724422812499997 0.5999263515625 0.43724422812499997 0.5999263515625 0.4159843796875 0.5843800890625 0.4159843796875
2 0.5712255578125001 0.420236346875 0.5712255578125001 0.45425210624999995 0.5879676890625001 0.45425210624999995 0.5879676890625001 0.420236346875 0.5712255578125001 0.420236346875
2 0.5616586265625 0.43299225625000004 0.5616586265625 0.463585321875 0.5827671109375 0.463585321875 0.5827671109375 0.43299225625000004 0.5616586265625 0.43299225625000004
2 0.6286271671875 0.44149619375000004 0.6286271671875 0.4648820296875 0.6513486296875 0.4648820296875 0.6513486296875 0.44149619375000004 0.6286271671875 0.44149619375000004
4 0.7511524656249999 0.4197132375 0.7511524656249999 0.48141686874999995 0.7669289625 0.48141686874999995 0.7669289625 0.4197132375 0.7511524656249999 0.4197132375