2 0.4764593796875 0.40717747187500003 0.4764593796875 0.4311290875 0.4862577671875 0.4311290875 0.4862577671875 0.40717747187500003 0.4764593796875 0.40717747187500003
2 0.4580874 0.40282263125 0.4580874 0.4267742484375 0.4752345796875 0.4267742484375 0.4752345796875 0.40282263125 0.4580874 0.40282263125
2 0.41766905000000004 0.40282263125 0.41766905000000004 0.41370973125 0.43359143125 0.41370973125 0.43359143125 0.40282263125 0.41766905000000004 0.40282263125
2 0.42011864687499995 0.41370973125 0.42011864687499995 0.43330650625 0.436041028125 0.43330650625 0.436041028125 0.41370973125 0.42011864687499995 0.41370973125
2 0.40787066093749996 0.4267742484375 0.40787066093749996 0.448124684375 0.4274674390625 0.448124684375 0.4274674390625 0.4267742484375 0.40787066093749996 0.4267742484375
2 0.27559241874999996 0.3788710171875 0.27559241874999996 0.4050000515625 0.29886359218749997 0.4050000515625 0.29886359218749997 0.3788710171875 0.27559241874999996 0.3788710171875
2 0.23149967187499998 0.3788710171875 0.23149967187499998 0.4082809625 0.253306096875 0.4082809625 0.253306096875 0.3788710171875 0.23149967187499998 0.3788710171875
2 0.8965652796875 0.43983876562499996 0.8965652796875 0.47903231875 0.9320844375 0.47903231875 0.9320844375 0.43983876562499996 0.8965652796875 0.43983876562499996
2 0.7777598203125 0.45072586562500006 0.7777598203125 0.47903231875 0.824302165625 0.47903231875 0.824302165625 0.45072586562500006 0.7777598203125 0.45072586562500006
2 0.7018223124999999 0.4441936046875 0.7018223124999999 0.5073387734375 0.75448865 0.5073387734375 0.75448865 0.4441936046875 0.7018223124999999 0.4441936046875
2 0.8634957203125 0.43983876562499996 0.8634957203125 0.6488710484375 0.9994969890625001 0.6488710484375 0.9994969890625001 0.43983876562499996 0.8634957203125 0.43983876562499996