2 0.3631046671875 0.2289097875 0.3631046671875 0.32061589218750003 0.41588899062499995 0.32061589218750003 0.41588899062499995 0.2289097875 0.3631046671875 0.2289097875
2 0.261134946875 0.2097154890625 0.261134946875 0.3718006921875 0.387097540625 0.3718006921875 0.387097540625 0.2097154890625 0.261134946875 0.2097154890625
2 0.072790878125 0.2267770875 0.072790878125 0.4443124921875 0.310320340625 0.4443124921875 0.310320340625 0.2267770875 0.072790878125 0.2267770875
2 0.5178587109375 0.231042490625 0.5178587109375 0.267298390625 0.5490494484374999 0.267298390625 0.5490494484374999 0.231042490625 0.5178587109375 0.231042490625
2 0.5466501609375001 0.2118481890625 0.5466501609375001 0.2950234890625 0.6042330609375 0.2950234890625 0.6042330609375 0.2118481890625 0.5466501609375001 0.2118481890625
2 0.6918070546874999 0.22464438750000001 0.6918070546874999 0.32061589218750003 0.7577874609374999 0.32061589218750003 0.7577874609374999 0.22464438750000001 0.6918070546874999 0.22464438750000001
2 0.7529888859375 0.21824628906250002 0.7529888859375 0.30568699062500004 0.8249675109375 0.30568699062500004 0.8249675109375 0.21824628906250002 0.7529888859375 0.21824628906250002
2 0.7997749921875 0.21824628906250002 0.7997749921875 0.3206158875 0.9185397249999999 0.3206158875 0.9185397249999999 0.21824628906250002 0.7997749921875 0.21824628906250002
2 1 0.2459713890625 0.9173400796875001 0.2459713890625 0.9173400796875001 0.4101892921875 1 0.4101892921875 1 0.2459713890625
2 1 0.2225116890625 0.9101422187500001 0.2225116890625 0.9101422187500001 0.348340990625 1 0.348340990625 1 0.2225116890625
2 0.4134897046875 0.1862557875 0.4134897046875 0.3760660890625 0.525056571875 0.3760660890625 0.525056571875 0.1862557875 0.4134897046875 0.1862557875
2 0.5766412546875 0.17772499375 0.5766412546875 0.36753529375 0.7026038484375 0.36753529375 0.7026038484375 0.17772499375 0.5766412546875 0.17772499375