4 0.491051628125 0.5214179375 0.491051628125 0.596302428125 0.5167931734375 0.596302428125 0.5167931734375 0.5214179375 0.491051628125 0.5214179375
4 0.75665755625 0.44653344375000004 0.75665755625 0.75855215625 0.8397325390624999 0.75855215625 0.8397325390624999 0.44653344375000004 0.75665755625 0.44653344375000004
4 0.46765022500000003 0.5255781828125 0.46765022500000003 0.600462675 0.48286113750000004 0.600462675 0.48286113750000004 0.5255781828125 0.46765022500000003 0.5255781828125
5 0.3424527171875 0.54291255625 0.3424527171875 0.5949156765625 0.36000377031249997 0.5949156765625 0.36000377031249997 0.54291255625 0.3424527171875 0.54291255625
0 0.34596292812499996 0.567874053125 0.34596292812499996 0.6115566718750001 0.3576636296875 0.6115566718750001 0.3576636296875 0.567874053125 0.34596292812499996 0.567874053125
2 0.0709964390625 0.54291255625 0.0709964390625 0.66147966875 0.1868333875 0.66147966875 0.1868333875 0.54291255625 0.0709964390625 0.54291255625
2 0.19736401718750002 0.5200311859375 0.19736401718750002 0.6635597921875 0.29799005156249997 0.6635597921875 0.29799005156249997 0.5200311859375 0.19736401718750002 0.5200311859375
2 0 0.6261175453125001 0.0230235609375 0.6261175453125001 0.0230235609375 0.54291255625 0 0.54291255625 0 0.6261175453125001
6 0 0.6115566734375 0.061635876562500004 0.6115566734375 0.061635876562500004 0.492989565625 0 0.492989565625 0 0.6115566734375
6 0.32724180468749997 0.5366721828125 0.32724180468749997 0.578274678125 0.3483030671875 0.578274678125 0.3483030671875 0.5366721828125 0.32724180468749997 0.5366721828125
2 0.82920190625 0.5200311859375 0.82920190625 0.6739604171875 0.9994969890625001 0.6739604171875 0.9994969890625001 0.5200311859375 0.82920190625 0.5200311859375
2 0.39042559374999997 0.54499268125 0.39042559374999997 0.578274678125 0.4161671390625 0.578274678125 0.4161671390625 0.54499268125 0.39042559374999997 0.54499268125
2 0.400956225 0.5408324328125 0.400956225 0.54915293125 0.4161671390625 0.54915293125 0.4161671390625 0.5408324328125 0.400956225 0.5408324328125
2 0.3646840515625 0.54915293125 0.3646840515625 0.57203430625 0.3798949640625 0.57203430625 0.3798949640625 0.54915293125 0.3646840515625 0.54915293125
2 0.3787248921875 0.54915293125 0.3787248921875 0.5741144296875 0.3880854546875 0.5741144296875 0.3880854546875 0.54915293125 0.3787248921875 0.54915293125
2 0.0522753171875 0.55955355625 0.0522753171875 0.6073964265625 0.0862073515625 0.6073964265625 0.0862073515625 0.55955355625 0.0522753171875 0.55955355625