6 0.21150300312499998 0.5400000046875 0.21150300312499998 0.593289478125 0.2444758640625 0.593289478125 0.2444758640625 0.5400000046875 0.21150300312499998 0.5400000046875
2 0.17653178593750002 0.56131579375 0.17653178593750002 0.6003947421875 0.21350135781250001 0.6003947421875 0.21350135781250001 0.56131579375 0.17653178593750002 0.56131579375
2 0.133567146875 0.56842105625 0.133567146875 0.6003947421875 0.1695375421875 0.6003947421875 0.1695375421875 0.56842105625 0.133567146875 0.56842105625
2 0.0756148453125 0.5648684234375 0.0756148453125 0.611052634375 0.133567146875 0.611052634375 0.133567146875 0.5648684234375 0.0756148453125 0.5648684234375
2 0.0346485609375 0.5524342156250001 0.0346485609375 0.611052634375 0.064623890625 0.611052634375 0.064623890625 0.5524342156250001 0.0346485609375 0.5524342156250001
1 0 0.6199342125 0.0346485609375 0.6199342125 0.0346485609375 0.46894737031249994 0 0.46894737031249994 0 0.6199342125
2 0.318415009375 0.57907895 0.318415009375 0.6003947390625 0.327407609375 0.6003947390625 0.327407609375 0.57907895 0.318415009375 0.57907895
2 0.308423234375 0.57907895 0.308423234375 0.5932894765625 0.31741583125 0.5932894765625 0.31741583125 0.57907895 0.308423234375 0.57907895
2 0.301428990625 0.577302634375 0.301428990625 0.5932894765625 0.3094224109375 0.5932894765625 0.3094224109375 0.577302634375 0.301428990625 0.577302634375
2 0.2914372140625 0.5755263187499999 0.2914372140625 0.5897368453125 0.3034273453125 0.5897368453125 0.3034273453125 0.5755263187499999 0.2914372140625 0.5755263187499999
2 0.251470109375 0.5719736859375 0.251470109375 0.5920308453125 0.263460240625 0.5920308453125 0.263460240625 0.5719736859375 0.251470109375 0.5719736859375
2 0.3373993859375 0.559539475 0.3373993859375 0.6199342125 0.3733697796875 0.6199342125 0.3733697796875 0.559539475 0.3373993859375 0.559539475