2 0.7098017109375 0.43364899062499995 0.7098017109375 0.4720375921875 0.7337945859375 0.4720375921875 0.7337945859375 0.43364899062499995 0.7098017109375 0.43364899062499995
2 0.7313952984375 0.44857789062500003 0.7313952984375 0.482701090625 0.7517892421875 0.482701090625 0.7517892421875 0.44857789062500003 0.7313952984375 0.44857789062500003
2 0.7421920921875 0.44004709062499997 0.7421920921875 0.49123189062500006 0.7649853249999999 0.49123189062500006 0.7649853249999999 0.44004709062499997 0.7421920921875 0.44004709062499997
2 0.75658781875 0.431516290625 0.75658781875 0.518956990625 0.8093721453124999 0.518956990625 0.8093721453124999 0.431516290625 0.75658781875 0.431516290625
2 0.6414220171875 0.410189290625 0.6414220171875 0.446445190625 0.6690138234375 0.446445190625 0.6690138234375 0.410189290625 0.6414220171875 0.410189290625
2 0.6090316359375 0.410189290625 0.6090316359375 0.44431249062499995 0.6318248671875 0.44431249062499995 0.6318248671875 0.410189290625 0.6090316359375 0.410189290625
2 0.5994344859375 0.37393339062500003 0.5994344859375 0.41445469218750003 0.6378230859375 0.41445469218750003 0.6378230859375 0.37393339062500003 0.5994344859375 0.37393339062500003
2 0.541851584375 0.38246419062500003 0.541851584375 0.412321990625 0.558646596875 0.412321990625 0.558646596875 0.38246419062500003 0.541851584375 0.38246419062500003
2 0.0739905203125 0.425118190625 0.0739905203125 0.49123189062500006 0.148368434375 0.49123189062500006 0.148368434375 0.425118190625 0.0739905203125 0.425118190625
2 0 0.504028090625 0.0643933703125 0.504028090625 0.0643933703125 0.420852790625 0 0.420852790625 0 0.504028090625
2 0.21554848437500002 0.422985490625 0.21554848437500002 0.452843290625 0.2491385078125 0.452843290625 0.2491385078125 0.422985490625 0.21554848437500002 0.422985490625
2 0.252737440625 0.40805659062500005 0.252737440625 0.5266938421875 0.33368827031250003 0.5266938421875 0.33368827031250003 0.40805659062500005 0.252737440625 0.40805659062500005
2 0.4674736734375 0.427250890625 0.4674736734375 0.49549729062500003 0.52385693125 0.49549729062500003 0.52385693125 0.427250890625 0.4674736734375 0.427250890625
2 0.331913928125 0.388862290625 0.331913928125 0.565876390625 0.465074384375 0.565876390625 0.465074384375 0.388862290625 0.331913928125 0.388862290625
2 0.5250565734375 0.425118190625 0.5250565734375 0.550947490625 0.61023128125 0.550947490625 0.61023128125 0.425118190625 0.5250565734375 0.425118190625