2 0.8422970234375 0.5247504609375 0.8422970234375 0.6054813 0.9179821875 0.6054813 0.9179821875 0.5247504609375 0.8422970234375 0.5247504609375
2 0.4298128890625 0.46420233125 0.4298128890625 0.542690646875 0.45504127656250004 0.542690646875 0.45504127656250004 0.46420233125 0.4298128890625 0.46420233125
2 0.3995388234375 0.46195980625 0.3995388234375 0.553903265625 0.4424270828125 0.553903265625 0.4424270828125 0.46195980625 0.3995388234375 0.46195980625
2 0.36421908125 0.46420233125 0.36421908125 0.5673584046875 0.423505790625 0.5673584046875 0.423505790625 0.46420233125 0.36421908125 0.46420233125
2 0.2948410140625 0.47989999375 0.2948410140625 0.614451396875 0.41846011406250005 0.614451396875 0.41846011406250005 0.47989999375 0.2948410140625 0.47989999375
2 0.5912745703125 0.49784018124999996 0.5912745703125 0.542690646875 0.624071471875 0.542690646875 0.624071471875 0.49784018124999996 0.5912745703125 0.49784018124999996
2 0.5559548265625 0.49784018124999996 0.5559548265625 0.5247504609375 0.5811832140625001 0.5247504609375 0.5811832140625001 0.49784018124999996 0.5559548265625 0.49784018124999996
2 0.5092823078125 0.49784018124999996 0.5092823078125 0.526992984375 0.5420792140625 0.526992984375 0.5420792140625 0.49784018124999996 0.5092823078125 0.49784018124999996
2 0.4424270828125 0.484385040625 0.4424270828125 0.52699298125 0.48783818125 0.52699298125 0.48783818125 0.484385040625 0.4424270828125 0.484385040625
2 0.624071471875 0.4933551328125 0.624071471875 0.5359630796875 0.6518226984375 0.5359630796875 0.6518226984375 0.4933551328125 0.624071471875 0.4933551328125
2 0.634162828125 0.5157803671875001 0.634162828125 0.542690646875 0.6581297968750001 0.542690646875 0.6581297968750001 0.5157803671875001 0.634162828125 0.5157803671875001
2 0.6505612796875 0.48887008906249996 0.6505612796875 0.54941821875 0.7048023140625 0.54941821875 0.7048023140625 0.48887008906249996 0.6505612796875 0.48887008906249996
2 0.670743990625 0.5090527953125 0.670743990625 0.558388309375 0.7098479906249999 0.558388309375 0.7098479906249999 0.5090527953125 0.670743990625 0.5090527953125
2 0.0009303 0.48887008906249996 0.0009303 0.90373690625 0.3049323703125 0.90373690625 0.3049323703125 0.48887008906249996 0.0009303 0.48887008906249996