2 0.5390134515625 0.46358532031250005 0.5390134515625 0.48650987187499994 0.5633707828125 0.48650987187499994 0.5633707828125 0.46358532031250005 0.5390134515625 0.46358532031250005
2 0.5576396484374999 0.46358532031250005 0.5576396484374999 0.49669856250000005 0.5705347078125 0.49669856250000005 0.5705347078125 0.46358532031250005 0.5576396484374999 0.46358532031250005
2 0.5676691375 0.4584909796875 0.5676691375 0.5017929046875 0.589160903125 0.5017929046875 0.589160903125 0.4584909796875 0.5676691375 0.4584909796875
2 0.573400275 0.46358532031250005 0.573400275 0.5119815921875001 0.5991903921875 0.5119815921875001 0.5991903921875 0.46358532031250005 0.573400275 0.46358532031250005
2 0.5905936875 0.4584909796875 0.5905936875 0.5272646265625001 0.6407411375 0.5272646265625001 0.6407411375 0.4584909796875 0.5905936875 0.4584909796875
2 0.609219903125 0.4712268375 0.609219903125 0.545094828125 0.6608001390625 0.545094828125 0.6608001390625 0.4712268375 0.609219903125 0.4712268375
2 0.744092665625 0.46018910625 0.744092665625 0.7250950031250001 0.9976954859375 0.7250950031250001 0.9976954859375 0.46018910625 0.744092665625 0.46018910625
2 0.48055586874999995 0.4396418984375 0.48055586874999995 0.513509890625 0.539300025 0.513509890625 0.539300025 0.4396418984375 0.48055586874999995 0.4396418984375
2 0.45333296718750005 0.4396418984375 0.45333296718750005 0.5160570625 0.48915257343749996 0.5160570625 0.48915257343749996 0.4396418984375 0.45333296718750005 0.4396418984375
2 0.45190018125 0.4651136203125 0.45190018125 0.53134009375 0.481988653125 0.53134009375 0.481988653125 0.4651136203125 0.45190018125 0.4651136203125
2 0.426110065625 0.4396418984375 0.426110065625 0.5517174703125 0.464795240625 0.5517174703125 0.464795240625 0.4396418984375 0.426110065625 0.4396418984375
2 0.35447085 0.4396418984375 0.35447085 0.574642021875 0.4561985359375 0.574642021875 0.4561985359375 0.4396418984375 0.35447085 0.4396418984375
2 0.153307921875 0.40550979062500003 0.153307921875 0.7188119562499999 0.39258290156250003 0.7188119562499999 0.39258290156250003 0.40550979062500003 0.153307921875 0.40550979062500003
2 0.0010566828125 0.46103815 0.0010566828125 0.9144347843749999 0.286180759375 0.9144347843749999 0.286180759375 0.46103815 0.0010566828125 0.46103815
2 1 0.58839675625 0.9280681296875001 0.58839675625 0.9280681296875001 0.8205887953125 1 0.8205887953125 1 0.58839675625
2 0.6450395125 0.4508494625 0.6450395125 0.5909439296875 0.7424688453125 0.5909439296875 0.7424688453125 0.4508494625 0.6450395125 0.4508494625