6 0.1766521796875 0.33444106875 0.1766521796875 0.3861026953125 0.2110649421875 0.3861026953125 0.2110649421875 0.33444106875 0.1766521796875 0.33444106875
6 0.3120090453125 0.23587611874999997 0.3120090453125 0.43844408125 0.39612912968749997 0.43844408125 0.39612912968749997 0.23587611874999997 0.3120090453125 0.23587611874999997
6 0 0.40241689531249997 0.149685959375 0.40241689531249997 0.149685959375 0.2651057234375 0 0.2651057234375 0 0.40241689531249997
6 0.5242497609375001 0.312688803125 0.5242497609375001 0.371148015625 0.5578977953125 0.371148015625 0.5578977953125 0.312688803125 0.5242497609375001 0.312688803125
6 0.408801765625 0.329974084375 0.408801765625 0.357164415625 0.4263905109375 0.357164415625 0.4263905109375 0.329974084375 0.408801765625 0.329974084375
2 0.2618428859375 0.35211478125 0.2618428859375 0.373867046875 0.288608365625 0.373867046875 0.288608365625 0.35211478125 0.2618428859375 0.35211478125
2 0.3061971109375 0.3480362328125 0.3061971109375 0.375226565625 0.3184327609375 0.375226565625 0.3184327609375 0.3480362328125 0.3061971109375 0.3480362328125
2 0.24960723593749998 0.3534742984375 0.24960723593749998 0.36842898125 0.2603134296875 0.36842898125 0.2603134296875 0.3534742984375 0.24960723593749998 0.3534742984375
2 0.22513593906249998 0.3534742984375 0.22513593906249998 0.3793051125 0.25190142187500003 0.3793051125 0.25190142187500003 0.3534742984375 0.22513593906249998 0.3534742984375
2 0.21519447500000002 0.3534742984375 0.21519447500000002 0.375226565625 0.22743012343750002 0.375226565625 0.22743012343750002 0.3534742984375 0.21519447500000002 0.3534742984375
2 0.38909364687500003 0.3507552640625 0.38909364687500003 0.373867046875 0.3997998390625 0.373867046875 0.3997998390625 0.3507552640625 0.38909364687500003 0.3507552640625
2 0.3982703828125 0.3575528484375 0.3982703828125 0.37794559687499996 0.41203548906250004 0.37794559687499996 0.41203548906250004 0.3575528484375 0.3982703828125 0.3575528484375
2 0.41050603125 0.3575528484375 0.41050603125 0.375226565625 0.4265653203125 0.375226565625 0.4265653203125 0.3575528484375 0.41050603125 0.3575528484375
2 0.42503586562500006 0.3507552640625 0.42503586562500006 0.3752265625 0.442624609375 0.3752265625 0.442624609375 0.3507552640625 0.42503586562500006 0.3507552640625
2 0.44109515312500003 0.3480362328125 0.44109515312500003 0.373867046875 0.45180134687500006 0.373867046875 0.45180134687500006 0.3480362328125 0.44109515312500003 0.3480362328125
2 0.448742434375 0.3466767171875 0.448742434375 0.37250753125 0.459448628125 0.37250753125 0.459448628125 0.3466767171875 0.448742434375 0.3466767171875
2 0.4533308015625 0.34259816718749997 0.4533308015625 0.371148015625 0.4724490046875 0.371148015625 0.4724490046875 0.34259816718749997 0.4533308015625 0.34259816718749997
2 0.4625075390625 0.3466767171875 0.4625075390625 0.375226565625 0.4808610125 0.375226565625 0.4808610125 0.3466767171875 0.4625075390625 0.3466767171875
2 0.47397845937499994 0.3507552640625 0.47397845937499994 0.3779455953125 0.49003775000000005 0.3779455953125 0.49003775000000005 0.3507552640625 0.47397845937499994 0.3507552640625
2 0.5053323093750001 0.33444106875 0.5053323093750001 0.37658608125000004 0.5290388796875 0.37658608125000004 0.5290388796875 0.33444106875 0.5053323093750001 0.33444106875
2 0.5573338171875 0.34123864843749996 0.5573338171875 0.35619333124999997 0.569569465625 0.35619333124999997 0.569569465625 0.34123864843749996 0.5573338171875 0.34123864843749996
2 0.5573338171875 0.3507552640625 0.5573338171875 0.3779455953125 0.577216746875 0.3779455953125 0.577216746875 0.3507552640625 0.5573338171875 0.3507552640625
2 0.5328625203125 0.35211478125 0.5328625203125 0.3901812453125 0.5603927296875 0.3901812453125 0.5603927296875 0.35211478125 0.5328625203125 0.35211478125
2 0.5720165828125 0.3480362328125 0.5720165828125 0.36706946406249996 0.5865464140625 0.36706946406249996 0.5865464140625 0.3480362328125 0.5720165828125 0.3480362328125
2 0.6079588 0.3466767171875 0.6079588 0.36570994687499997 0.6217239046875 0.36570994687499997 0.6217239046875 0.3466767171875 0.6079588 0.3466767171875
2 0.619429721875 0.34259816718749997 0.619429721875 0.36706946406249996 0.633959553125 0.36706946406249996 0.633959553125 0.34259816718749997 0.619429721875 0.34259816718749997
2 0.6546072109375001 0.3439576828125 0.6546072109375001 0.3793051125 0.677549053125 0.3793051125 0.677549053125 0.3439576828125 0.6546072109375001 0.3439576828125
2 0.6798432359375 0.34123864843749996 0.6798432359375 0.37658608125000004 0.7165501828124999 0.37658608125000004 0.7165501828124999 0.34123864843749996 0.6798432359375 0.34123864843749996
2 0.4829682375 0.35017463437499996 0.4829682375 0.38824109687499997 0.5097337203125 0.38824109687499997 0.5097337203125 0.35017463437499996 0.4829682375 0.35017463437499996
2 0.6351491203124999 0.34881511875000004 0.6351491203124999 0.3814435171875 0.6665029687499999 0.3814435171875 0.6665029687499999 0.34881511875000004 0.6351491203124999 0.34881511875000004
6 0.787245040625 0.240053796875 0.787245040625 0.4263075625 0.9233666328125001 0.4263075625 0.9233666328125001 0.240053796875 0.787245040625 0.240053796875
2 0.9118957140624999 0.3311414046875 0.9118957140624999 0.3624102859375 0.9463084765625001 0.3624102859375 0.9463084765625001 0.3311414046875 0.9118957140624999 0.3311414046875
2 0.9440142921874999 0.339298503125 0.9440142921874999 0.37192689843750004 0.989133246875 0.37192689843750004 0.989133246875 0.339298503125 0.9440142921874999 0.339298503125
2 0.9845448796875 0.347455603125 0.9845448796875 0.37464593281249997 0.9990747109375 0.37464593281249997 0.9990747109375 0.347455603125 0.9845448796875 0.347455603125
2 0.0004248375 0.3814435171875 0.0004248375 0.6383921421875 0.07689764375 0.6383921421875 0.07689764375 0.3814435171875 0.0004248375 0.3814435171875