2 0.4254814953125 0.5595885859374999 0.4254814953125 0.59577156875 0.4521508515625 0.59577156875 0.4521508515625 0.5595885859374999 0.4254814953125 0.5595885859374999
2 0.4037249171875 0.568322409375 0.4037249171875 0.607000775 0.42969244843750004 0.607000775 0.42969244843750004 0.568322409375 0.4037249171875 0.568322409375
2 0.3833719890625 0.5720654765625001 0.3833719890625 0.61573459375 0.40933951874999996 0.61573459375 0.40933951874999996 0.5720654765625001 0.3833719890625 0.5720654765625001
2 0.3686336609375 0.5708177875 0.3686336609375 0.6319545578125 0.39389936875 0.6319545578125 0.39389936875 0.5708177875 0.3686336609375 0.5708177875
2 0.304065746875 0.55459783125 0.304065746875 0.65815603125 0.37775738593749997 0.65815603125 0.37775738593749997 0.55459783125 0.304065746875 0.55459783125
2 0.1875627703125 0.5283573671874999 0.1875627703125 0.7055682187500001 0.32371685 0.7055682187500001 0.32371685 0.5283573671874999 0.1875627703125 0.5283573671874999
2 0 0.81891583125 0.2636323140625 0.81891583125 0.2636323140625 0.57693448125 0 0.57693448125 0 0.81891583125
2 0.4914530609375 0.5695700968749999 0.4914530609375 0.5845423656250001 0.5019804375 0.5845423656250001 0.5019804375 0.5695700968749999 0.4914530609375 0.5695700968749999
2 0.541984471875 0.5708177875 0.541984471875 0.5907808140624999 0.5595301 0.5907808140624999 0.5595301 0.5708177875 0.541984471875 0.5708177875
2 0.567250178125 0.5595885859374999 0.567250178125 0.5970192625 0.5763739046875 0.5970192625 0.5763739046875 0.5595885859374999 0.567250178125 0.5595885859374999
2 0.5718120390625 0.55584551875 0.5718120390625 0.6020100203125 0.58795401875 0.6020100203125 0.58795401875 0.55584551875 0.5718120390625 0.55584551875
2 0.5816375921875 0.54711169375 0.5816375921875 0.6045053953124999 0.6132197234375 0.6045053953124999 0.6132197234375 0.54711169375 0.5816375921875 0.54711169375
2 0.5977795718750001 0.55584551875 0.5977795718750001 0.6182299796875 0.6469073296875 0.6182299796875 0.6469073296875 0.55584551875 0.5977795718750001 0.55584551875
2 0.6209398 0.55459783125 0.6209398 0.6556606515625 0.735640365625 0.6556606515625 0.735640365625 0.55459783125 0.6209398 0.55459783125
2 0.6805949390625 0.5633316515625 0.6805949390625 0.7391951671875 0.9259413015625 0.7391951671875 0.9259413015625 0.5633316515625 0.6805949390625 0.5633316515625
2 0.478549959375 0.5697175062500001 0.478549959375 0.5850005390625 0.49001223281249995 0.5850005390625 0.49001223281249995 0.5697175062500001 0.478549959375 0.5697175062500001