2 0.26718761562500004 0.36938792187499997 0.26718761562500004 0.41377569843749995 0.2955996171875 0.41377569843749995 0.2955996171875 0.36938792187499997 0.26718761562500004 0.36938792187499997
2 0.3257335609375 0.387755278125 0.3257335609375 0.41377569843749995 0.36275525937499997 0.41377569843749995 0.36275525937499997 0.387755278125 0.3257335609375 0.387755278125
2 0.409247628125 0.3938777296875 0.409247628125 0.40918385781250005 0.4264670234375 0.40918385781250005 0.4264670234375 0.3938777296875 0.409247628125 0.3938777296875
2 0.40063793125 0.392347115625 0.40063793125 0.41224508281250005 0.4126915078125 0.41224508281250005 0.4126915078125 0.392347115625 0.40063793125 0.392347115625
2 0.4574619359375 0.3892858890625 0.4574619359375 0.4336736640625 0.477264240625 0.4336736640625 0.477264240625 0.3892858890625 0.4574619359375 0.3892858890625
2 0.47468133124999995 0.39846956875 0.47468133124999995 0.41377569843749995 0.48673490625 0.41377569843749995 0.48673490625 0.39846956875 0.47468133124999995 0.39846956875
2 0.4996494546875 0.39846956875 0.4996494546875 0.415306309375 0.50998109375 0.415306309375 0.50998109375 0.39846956875 0.4996494546875 0.39846956875
2 0.5401150359375 0.396938953125 0.5401150359375 0.40612263125 0.5521686109374999 0.40612263125 0.5521686109374999 0.396938953125 0.5401150359375 0.396938953125
2 0.509120121875 0.3938777296875 0.509120121875 0.4397961171875 0.5375321234375 0.4397961171875 0.5375321234375 0.3938777296875 0.509120121875 0.3938777296875
2 0.000286984375 0.35867363124999996 0.000286984375 0.45204102187500006 0.0510842015625 0.45204102187500006 0.0510842015625 0.35867363124999996 0.000286984375 0.35867363124999996
2 0.743877884375 0.2994899375 0.743877884375 0.88673510625 0.9978639687499999 0.88673510625 0.9978639687499999 0.2994899375 0.743877884375 0.2994899375
2 0.191422275 0.3744899578125 0.191422275 0.4295920234375 0.2714924640625 0.4295920234375 0.2714924640625 0.3744899578125 0.191422275 0.3744899578125
2 0.377391746875 0.39285731562500004 0.377391746875 0.411224671875 0.3980550203125 0.411224671875 0.3980550203125 0.39285731562500004 0.377391746875 0.39285731562500004
2 0.4213012046875 0.38826547499999997 0.4213012046875 0.45714305624999996 0.4652106640625 0.45714305624999996 0.4652106640625 0.38826547499999997 0.4213012046875 0.38826547499999997
2 0.50998109375 0.40204099375 0.50998109375 0.469387965625 0.5581953984375 0.469387965625 0.5581953984375 0.40204099375 0.50998109375 0.40204099375
2 0.6044007812500001 0.4127552828125 0.6044007812500001 0.48469409375000005 0.6681125437500001 0.48469409375000005 0.6681125437500001 0.4127552828125 0.6044007812500001 0.4127552828125
2 0.4838650140625 0.394085 0.4838650140625 0.41551358125000004 0.5019453781250001 0.41551358125000004 0.5019453781250001 0.394085 0.4838650140625 0.394085