2 0.589562171875 0.44061035937500004 0.589562171875 0.4618702078125 0.60750016875 0.4618702078125 0.60750016875 0.44061035937500004 0.589562171875 0.44061035937500004
2 0.5704283078125 0.438484371875 0.5704283078125 0.517145809375 0.5979332359375 0.517145809375 0.5979332359375 0.438484371875 0.5704283078125 0.438484371875
2 0.5943456375 0.44273634375000004 0.5943456375 0.49163399375 0.612283634375 0.49163399375 0.612283634375 0.44273634375000004 0.5943456375 0.44273634375000004
2 0.606304303125 0.44061035937500004 0.606304303125 0.489508009375 0.6326133640625 0.489508009375 0.6326133640625 0.44061035937500004 0.606304303125 0.44061035937500004
2 0.6170671 0.44061035937500004 0.6170671 0.495885965625 0.666097625 0.495885965625 0.666097625 0.44061035937500004 0.6170671 0.44061035937500004
2 0.6589224265625 0.42147649375 0.6589224265625 0.50226391875 0.698386021875 0.50226391875 0.698386021875 0.42147649375 0.6589224265625 0.42147649375
2 0.674468690625 0.4108465703125 0.674468690625 0.5384056609375001 0.7904677390625 0.5384056609375001 0.7904677390625 0.4108465703125 0.674468690625 0.4108465703125
2 0.827838565625 0.41722452656250003 0.827838565625 0.510767859375 0.94503348125 0.510767859375 0.94503348125 0.41722452656250003 0.827838565625 0.41722452656250003
6 0.31212114999999996 0.40659460000000003 0.31212114999999996 0.529901725 0.3635434078125 0.529901725 0.3635434078125 0.40659460000000003 0.31212114999999996 0.40659460000000003
2 0.273853421875 0.4682481625 0.273853421875 0.549035584375 0.3312550140625 0.549035584375 0.3312550140625 0.4682481625 0.273853421875 0.4682481625
2 0.357564075 0.29179141875000003 0.357564075 0.6957285390625 0.5764076390625 0.6957285390625 0.5764076390625 0.29179141875000003 0.357564075 0.29179141875000003
2 0.9127450859374999 0.415098540625 0.9127450859374999 0.5213977828125 0.998847471875 0.5213977828125 0.998847471875 0.415098540625 0.9127450859374999 0.415098540625
6 0.7846528359375 0.327401665625 0.7846528359375 0.4889765125 0.9138064140625 0.4889765125 0.9138064140625 0.327401665625 0.7846528359375 0.327401665625
4 0.101813078125 0.4783465890625 0.101813078125 0.54425211875 0.12094694218749999 0.54425211875 0.12094694218749999 0.4783465890625 0.101813078125 0.4783465890625