2 0.360092496875 0.4514785640625 0.360092496875 0.4893635859375 0.375165653125 0.4893635859375 0.375165653125 0.4514785640625 0.360092496875 0.4514785640625
2 0.3398217 0.439466240625 0.3398217 0.4949077328125 0.36113202499999997 0.4949077328125 0.36113202499999997 0.439466240625 0.3398217 0.439466240625
2 0.32422877968749997 0.445934415625 0.32422877968749997 0.498603834375 0.3413809921875 0.498603834375 0.3413809921875 0.445934415625 0.32422877968749997 0.445934415625
2 0.30291845624999997 0.445934415625 0.30291845624999997 0.5041479843750001 0.331505475 0.5041479843750001 0.331505475 0.445934415625 0.30291845624999997 0.445934415625
2 0.278489546875 0.443162340625 0.278489546875 0.51246420625 0.3122742078125 0.51246420625 0.3122742078125 0.443162340625 0.278489546875 0.443162340625
2 0.2571792234375 0.441314290625 0.2571792234375 0.5235525046875 0.29876034375 0.5235525046875 0.29876034375 0.441314290625 0.2571792234375 0.441314290625
2 0.45635279687499997 0.4552213890625 0.45635279687499997 0.49865056093750004 0.476103828125 0.49865056093750004 0.476103828125 0.4552213890625 0.45635279687499997 0.4552213890625
2 0.46986666093749996 0.45337334062499995 0.46986666093749996 0.5004986078125 0.48701887343749994 0.5004986078125 0.48701887343749994 0.45337334062499995 0.46986666093749996 0.45337334062499995
2 0.4828607609375 0.4589174890625 0.4828607609375 0.5069667828125 0.512487309375 0.5069667828125 0.512487309375 0.4589174890625 0.4828607609375 0.4589174890625
2 0.4958548609375 0.44043699218750004 0.4958548609375 0.5106628828125 0.5421138578125 0.5106628828125 0.5421138578125 0.44043699218750004 0.4958548609375 0.44043699218750004
2 0.510408253125 0.449677240625 0.510408253125 0.531915453125 0.5447126765625 0.531915453125 0.5447126765625 0.449677240625 0.510408253125 0.449677240625
2 0.5331833640625 0.43674089218749995 0.5331833640625 0.5679524265625 0.6360966390625 0.5679524265625 0.6360966390625 0.43674089218749995 0.5331833640625 0.43674089218749995
2 0.5787572203125 0.4657085484375 0.5787572203125 0.656981703125 0.727409725 0.656981703125 0.727409725 0.4657085484375 0.5787572203125 0.4657085484375
2 0.23169923906249998 0.45268557343750004 0.23169923906249998 0.5367718375 0.2774384734375 0.5367718375 0.2774384734375 0.45268557343750004 0.23169923906249998 0.45268557343750004
2 0 0.61993408125 0.070052634375 0.61993408125 0.070052634375 0.5044309671875 0 0.5044309671875 0 0.61993408125
2 0.7123076921875 0.38800383125 0.7123076921875 0.65966715 0.999217425 0.65966715 0.999217425 0.38800383125 0.7123076921875 0.38800383125
2 0.3777005890625 0.46016440000000003 0.3777005890625 0.483265021875 0.40212949687500005 0.483265021875 0.40212949687500005 0.46016440000000003 0.3777005890625 0.46016440000000003
2 0.4156433609375 0.4638604984375 0.4156433609375 0.4878851453125 0.43539439375000005 0.4878851453125 0.43539439375000005 0.4638604984375 0.4156433609375 0.4638604984375