1 0.85909291875 0.32684210625 0.85909291875 0.45828947500000006 0.9809925906249999 0.45828947500000006 0.9809925906249999 0.32684210625 0.85909291875 0.32684210625
2 0.680240121875 0.40500000312499995 0.680240121875 0.4440789515625 0.715211340625 0.4440789515625 0.715211340625 0.40500000312499995 0.680240121875 0.40500000312499995
2 0.6382746625 0.4014473703125 0.6382746625 0.44940789687500005 0.68323765625 0.44940789687500005 0.68323765625 0.4014473703125 0.6382746625 0.4014473703125
2 0.568332228125 0.39434210625 0.568332228125 0.4511842125 0.632279596875 0.4511842125 0.632279596875 0.39434210625 0.568332228125 0.39434210625
2 0.386481896875 0.4014473703125 0.386481896875 0.47427631875 0.4764078859375 0.47427631875 0.4764078859375 0.4014473703125 0.386481896875 0.4014473703125
2 0.369495878125 0.42098684531249997 0.369495878125 0.4440789515625 0.386481896875 0.4440789515625 0.386481896875 0.42098684531249997 0.369495878125 0.42098684531249997
2 0.3535090359375 0.4192105296875 0.3535090359375 0.4529605296875 0.3724934109375 0.4529605296875 0.3724934109375 0.4192105296875 0.3535090359375 0.4192105296875
2 0.3295287734375 0.41210526718749996 0.3295287734375 0.45118421406250003 0.3545082125 0.45118421406250003 0.3545082125 0.41210526718749996 0.3295287734375 0.41210526718749996
2 0.2765723578125 0.42809210625 0.2765723578125 0.46184210937500003 0.324532884375 0.46184210937500003 0.324532884375 0.42809210625 0.2765723578125 0.42809210625
2 0.0017985078125000002 0.40500000312499995 0.0017985078125000002 0.468947371875 0.0707417640625 0.468947371875 0.0707417640625 0.40500000312499995 0.0017985078125000002 0.40500000312499995
4 0.25159291562499997 0.40677631875 0.25159291562499997 0.4582894765625 0.2645822265625 0.4582894765625 0.2645822265625 0.40677631875 0.25159291562499997 0.40677631875
4 0.4644177546875 0.27355263281250003 0.4644177546875 0.6501315812499999 0.5893149578125 0.6501315812499999 0.5893149578125 0.27355263281250003 0.4644177546875 0.27355263281250003