2 0.2748958140625 0.48697067499999996 0.2748958140625 0.537227434375 0.30803928125 0.537227434375 0.30803928125 0.48697067499999996 0.2748958140625 0.48697067499999996
2 0.189112721875 0.4661747734375 0.189112721875 0.564955303125 0.27879504375 0.564955303125 0.27879504375 0.4661747734375 0.189112721875 0.4661747734375
2 0.0019496156250000001 0.38819014687500003 0.0019496156250000001 0.644672921875 0.1969111859375 0.644672921875 0.1969111859375 0.38819014687500003 0.0019496156250000001 0.38819014687500003
2 0.36262851875 0.45577682499999994 0.36262851875 0.54589239375 0.398696409375 0.54589239375 0.398696409375 0.45577682499999994 0.36262851875 0.45577682499999994
2 0.282694275 0.447111865625 0.282694275 0.5510913703125 0.37042698125 0.5510913703125 0.37042698125 0.447111865625 0.282694275 0.447111865625
2 0.42111698906250006 0.4817717 0.42111698906250006 0.53029546875 0.450361225 0.53029546875 0.450361225 0.4817717 0.42111698906250006 0.4817717
2 0.464008534375 0.4817717 0.464008534375 0.511232559375 0.47765584531250005 0.511232559375 0.47765584531250005 0.4817717 0.464008534375 0.4817717
2 0.478630653125 0.4835046921875 0.478630653125 0.516431534375 0.49617719375 0.516431534375 0.49617719375 0.4835046921875 0.478630653125 0.4835046921875
2 0.498126809375 0.4939026421875 0.498126809375 0.51469854375 0.5107993109375 0.51469854375 0.5107993109375 0.4939026421875 0.498126809375 0.4939026421875
2 0.5078748875 0.48870366875000004 0.5078748875 0.5372274375 0.5400435453125 0.5372274375 0.5400435453125 0.48870366875000004 0.5078748875 0.48870366875000004
2 0.555640471875 0.48697067499999996 0.555640471875 0.54069341875 0.5946327859375 0.54069341875 0.5946327859375 0.48697067499999996 0.555640471875 0.48697067499999996
2 0.5702625890624999 0.4800387078125 0.5702625890624999 0.6498718984375 0.7155089578125 0.6498718984375 0.7155089578125 0.4800387078125 0.5702625890624999 0.4800387078125
2 0.8714782140624999 0.4505778484375 0.8714782140624999 0.6029258453125 0.9815736718749999 0.6029258453125 0.9815736718749999 0.4505778484375 0.8714782140624999 0.4505778484375
2 0.816888975 0.5043005921875 0.816888975 0.5493583796875 0.8734278296875001 0.5493583796875 0.8734278296875001 0.5043005921875 0.816888975 0.5043005921875