4 0.0897175609375 0.4021574390625 0.0897175609375 0.4687214296875 0.1049284734375 0.4687214296875 0.1049284734375 0.4021574390625 0.0897175609375 0.4021574390625
4 0.0745066484375 0.4021574390625 0.0745066484375 0.4666413078125 0.0897175609375 0.4666413078125 0.0897175609375 0.4021574390625 0.0745066484375 0.4021574390625
4 0.702834328125 0.412558065625 0.702834328125 0.4832823046875 0.7168751703125 0.4832823046875 0.7168751703125 0.412558065625 0.702834328125 0.412558065625
4 0.852603309375 0.39175681562500003 0.852603309375 0.5207245484375 0.8912156265625001 0.5207245484375 0.8912156265625001 0.39175681562500003 0.852603309375 0.39175681562500003
4 0.59635794375 0.43127918281250005 0.59635794375 0.46248105625 0.6033783640625 0.46248105625 0.6033783640625 0.43127918281250005 0.59635794375 0.43127918281250005
2 0.4103167859375 0.4333593109375 0.4103167859375 0.450000309375 0.42318755625 0.450000309375 0.42318755625 0.4333593109375 0.4103167859375 0.4333593109375
2 0.4465889625 0.4333593109375 0.4465889625 0.450000309375 0.4582896640625 0.450000309375 0.4582896640625 0.4333593109375 0.4465889625 0.4333593109375
2 0.1961939484375 0.4208785609375 0.1961939484375 0.450000309375 0.21842528125 0.450000309375 0.21842528125 0.4208785609375 0.1961939484375 0.4208785609375
2 0.1552414921875 0.412558065625 0.1552414921875 0.44792018593750005 0.21491506875000002 0.44792018593750005 0.21491506875000002 0.412558065625 0.1552414921875 0.412558065625
2 0.14471085781249998 0.41671831406250004 0.14471085781249998 0.44584005781249997 0.17864289375 0.44584005781249997 0.17864289375 0.41671831406250004 0.14471085781249998 0.41671831406250004
2 0.1306700171875 0.41879843437500003 0.1306700171875 0.44584005781249997 0.159921771875 0.44584005781249997 0.159921771875 0.41879843437500003 0.1306700171875 0.41879843437500003
2 0.11311896562499998 0.412558065625 0.11311896562499998 0.44792018593750005 0.150561209375 0.44792018593750005 0.150561209375 0.412558065625 0.11311896562499998 0.412558065625
2 0.097908053125 0.41047793749999995 0.097908053125 0.44584005624999995 0.1248196671875 0.44584005624999995 0.1248196671875 0.41047793749999995 0.097908053125 0.41047793749999995
2 0.058125667187499994 0.412558065625 0.058125667187499994 0.4520804328125 0.1119488953125 0.4520804328125 0.1119488953125 0.412558065625 0.058125667187499994 0.412558065625
2 0.0101527890625 0.4063176890625 0.0101527890625 0.44792018125000005 0.07684679062500001 0.44792018125000005 0.07684679062500001 0.4063176890625 0.0101527890625 0.4063176890625
2 0.0019622984375 0.41463818750000003 0.0019622984375 0.4416798078125 0.0230235609375 0.4416798078125 0.0230235609375 0.41463818750000003 0.0019622984375 0.41463818750000003
2 0 0.45416055625 0.0066425796875 0.45416055625 0.0066425796875 0.3875965671875 0 0.3875965671875 0 0.45416055625
6 0.49807205000000004 0.41671831406250004 0.49807205000000004 0.45832080781249995 0.5238135921875 0.45832080781249995 0.5238135921875 0.41671831406250004 0.49807205000000004 0.41671831406250004
2 0.34596292812499996 0.42919906250000006 0.34596292812499996 0.44375993437499994 0.36000377031249997 0.44375993437499994 0.36000377031249997 0.42919906250000006 0.34596292812499996 0.42919906250000006
2 0.3787248921875 0.42919906250000006 0.3787248921875 0.450000309375 0.39744601562500004 0.450000309375 0.39744601562500004 0.42919906250000006 0.3787248921875 0.42919906250000006
2 0.46414001406249994 0.42295868593749997 0.46414001406249994 0.47288168124999996 0.495731909375 0.47288168124999996 0.495731909375 0.42295868593749997 0.46414001406249994 0.42295868593749997
2 0.517963240625 0.42711893593749994 0.517963240625 0.47496180312499997 0.5542354171875 0.47496180312499997 0.5542354171875 0.42711893593749994 0.517963240625 0.42711893593749994
6 0.47233050624999995 0.41047793749999995 0.47233050624999995 0.42503881093749996 0.494561840625 0.42503881093749996 0.494561840625 0.41047793749999995 0.47233050624999995 0.41047793749999995
2 0.324901665625 0.42919906250000006 0.324901665625 0.44584005781249997 0.3412826484375 0.44584005781249997 0.3412826484375 0.42919906250000006 0.324901665625 0.42919906250000006