2 0.7235713921875 0.45346719375 0.7235713921875 0.4680280671875 0.734102021875 0.4680280671875 0.734102021875 0.45346719375 0.7235713921875 0.45346719375
2 0.7177210406250001 0.44930694375 0.7177210406250001 0.4701081921875 0.7259115296875 0.4701081921875 0.7259115296875 0.44930694375 0.7177210406250001 0.44930694375
2 0.7071904078125 0.44930694375 0.7071904078125 0.47426844062500007 0.722401321875 0.47426844062500007 0.722401321875 0.44930694375 0.7071904078125 0.44930694375
2 0.702510128125 0.44930694375 0.702510128125 0.4680280671875 0.70953055 0.4680280671875 0.70953055 0.44930694375 0.702510128125 0.44930694375
2 0.6978298484375001 0.44722681875000003 0.6978298484375001 0.4680280671875 0.7071904078125 0.4680280671875 0.7071904078125 0.44722681875000003 0.6978298484375001 0.44722681875000003
2 0.6884692859375 0.44722681875000003 0.6884692859375 0.4721883171875 0.701340059375 0.4721883171875 0.701340059375 0.44722681875000003 0.6884692859375 0.44722681875000003
2 0.676768584375 0.45346719375 0.676768584375 0.47426843906249994 0.69314956875 0.47426843906249994 0.69314956875 0.45346719375 0.676768584375 0.45346719375
2 0.6428365515625 0.45554731875 0.6428365515625 0.4825889421875 0.6603876046875 0.4825889421875 0.6603876046875 0.45554731875 0.6428365515625 0.45554731875
2 0.6287957093750001 0.45762744375000003 0.6287957093750001 0.4825889375 0.6475168296875 0.4825889375 0.6475168296875 0.45762744375000003 0.6287957093750001 0.45762744375000003
2 0.7364421640625001 0.44930694375 0.7364421640625001 0.4784286890625 0.764523846875 0.4784286890625 0.764523846875 0.44930694375 0.7364421640625001 0.44930694375
2 0.7621837078125 0.45138707031249997 0.7621837078125 0.4825889421875 0.77154426875 0.4825889421875 0.77154426875 0.45138707031249997 0.7621837078125 0.45138707031249997
2 0.764523846875 0.44930694375 0.764523846875 0.48674919218749996 0.7832449687499999 0.48674919218749996 0.7832449687499999 0.44930694375 0.764523846875 0.44930694375
2 0.7750544781250001 0.44722681875000003 0.7750544781250001 0.490909440625 0.8019660921874999 0.490909440625 0.8019660921874999 0.44722681875000003 0.7750544781250001 0.44722681875000003
2 0.7820749 0.45762744375000003 0.7820749 0.4971498109375 0.8054763046875 0.4971498109375 0.8054763046875 0.45762744375000003 0.7820749 0.45762744375000003
2 0.7937756015625 0.45762744375000003 0.7937756015625 0.5013100640625 0.8288777046875 0.5013100640625 0.8288777046875 0.45762744375000003 0.7937756015625 0.45762744375000003
2 0.8260695374999999 0.45554731875 0.8260695374999999 0.520031184375 0.88223290625 0.520031184375 0.88223290625 0.45554731875 0.8260695374999999 0.45554731875
2 0.71257273125 0.4659479421875 0.71257273125 0.5387523078124999 0.7745864499999999 0.5387523078124999 0.7745864499999999 0.4659479421875 0.71257273125 0.4659479421875
2 0.6072664171875 0.44722681875000003 0.6072664171875 0.4659479421875 0.6236474000000001 0.4659479421875 0.6236474000000001 0.44722681875000003 0.6072664171875 0.44722681875000003
2 0.5733343828125 0.46178769375 0.5733343828125 0.4784286921875 0.5897153625 0.4784286921875 0.5897153625 0.46178769375 0.5733343828125 0.46178769375
2 0.539402346875 0.44930694375 0.539402346875 0.47218831874999995 0.560463609375 0.47218831874999995 0.560463609375 0.44930694375 0.539402346875 0.44930694375
2 0.40952455781249997 0.44098644374999996 0.40952455781249997 0.5491529328125 0.492599540625 0.5491529328125 0.492599540625 0.44098644374999996 0.40952455781249997 0.44098644374999996
2 0.2281636828125 0.44514669375000004 0.2281636828125 0.4950696875 0.296027753125 0.4950696875 0.296027753125 0.44514669375000004 0.2281636828125 0.44514669375000004
2 0.9489269046875 0.48050881562500003 0.9489269046875 0.5616336796875 0.999239921875 0.5616336796875 0.999239921875 0.48050881562500003 0.9489269046875 0.48050881562500003
4 0.51997918125 0.44306656875000006 0.51997918125 0.46802806406249997 0.5281696734375 0.46802806406249997 0.5281696734375 0.44306656875000006 0.51997918125 0.44306656875000006
4 0.5047682703125 0.44930694375 0.5047682703125 0.46594794375 0.510618621875 0.46594794375 0.510618621875 0.44930694375 0.5047682703125 0.44930694375
4 0.511788690625 0.44930694375 0.511788690625 0.46594794375 0.5188091125 0.46594794375 0.5188091125 0.44930694375 0.511788690625 0.44930694375
4 0.49774784843750003 0.44514669375000004 0.49774784843750003 0.4680280671875 0.5047682703125 0.4680280671875 0.5047682703125 0.44514669375000004 0.49774784843750003 0.44514669375000004
4 0.37372041093749997 0.44514669375000004 0.37372041093749997 0.46178769218750004 0.3819109015625 0.46178769218750004 0.3819109015625 0.44514669375000004 0.37372041093749997 0.44514669375000004
4 0.366699990625 0.44514669375000004 0.366699990625 0.46178769218750004 0.37489048125 0.46178769218750004 0.37489048125 0.44514669375000004 0.366699990625 0.44514669375000004
4 0.360849640625 0.44514669375000004 0.360849640625 0.465947940625 0.366699990625 0.465947940625 0.366699990625 0.44514669375000004 0.360849640625 0.44514669375000004
4 0.3526591484375 0.44514669375000004 0.3526591484375 0.4638678140625 0.362019709375 0.4638678140625 0.362019709375 0.44514669375000004 0.3526591484375 0.44514669375000004
4 0.3070264125 0.44514669375000004 0.3070264125 0.46178769218750004 0.3187271140625 0.46178769218750004 0.3187271140625 0.44514669375000004 0.3070264125 0.44514669375000004
4 0.9395663437499999 0.45970756718750005 0.9395663437499999 0.5241914328124999 0.9524371171875 0.5241914328124999 0.9524371171875 0.45970756718750005 0.9395663437499999 0.45970756718750005
4 0.91850508125 0.45138707031249997 0.91850508125 0.5221113093749999 0.9337159937499999 0.5221113093749999 0.9337159937499999 0.45138707031249997 0.91850508125 0.45138707031249997