2 0 0.918847078125 0.234402565625 0.918847078125 0.234402565625 0.503648903125 0 0.503648903125 0 0.918847078125
2 0.9664625109375 0.67361306875 0.9664625109375 0.8508614140624999 0.9989777890625 0.8508614140624999 0.9989777890625 0.67361306875 0.9664625109375 0.67361306875
2 0.9555362421875 0.45994383125000005 0.9555362421875 0.5789187453125 0.9992413140625 0.5789187453125 0.9992413140625 0.45994383125000005 0.9555362421875 0.45994383125000005
4 0.4447332234375 0.4332351765625 0.4447332234375 0.5716345671874999 0.4747804609375 0.5716345671874999 0.4747804609375 0.4332351765625 0.4447332234375 0.4332351765625
4 0.5239486656250001 0.44294741562500006 0.5239486656250001 0.564350390625 0.5498985515625 0.564350390625 0.5498985515625 0.44294741562500006 0.5239486656250001 0.44294741562500006
4 0.7042320828124999 0.46722800937500003 0.7042320828124999 0.4915086046875 0.7124267843750001 0.4915086046875 0.7124267843750001 0.46722800937500003 0.7042320828124999 0.46722800937500003
2 0.1128478390625 0.48422442656250003 0.1128478390625 0.6371921734375 0.28083920625 0.6371921734375 0.28083920625 0.48422442656250003 0.1128478390625 0.48422442656250003
2 0.2535235375 0.48422442656250003 0.2535235375 0.58863098125 0.3559572984375 0.58863098125 0.3559572984375 0.48422442656250003 0.2535235375 0.48422442656250003
2 0.3286416265625 0.48179636718749996 0.3286416265625 0.5667784499999999 0.394199234375 0.5667784499999999 0.394199234375 0.48179636718749996 0.3286416265625 0.48179636718749996
4 0.3573230796875 0.46965606875 0.3573230796875 0.564350390625 0.3860045328125 0.564350390625 0.3860045328125 0.46965606875 0.3573230796875 0.46965606875
2 0.3545915140625 0.46237189062499995 0.3545915140625 0.5473539734374999 0.4174175546875 0.5473539734374999 0.4174175546875 0.46237189062499995 0.3545915140625 0.46237189062499995
2 0.39966236875 0.46479995 0.39966236875 0.5400697937500001 0.43653852187500003 0.5400697937500001 0.43653852187500003 0.46479995 0.39966236875 0.46479995
2 0.4228806875 0.46237189062499995 0.4228806875 0.5279294953125 0.45019635625000004 0.5279294953125 0.45019635625000004 0.46237189062499995 0.4228806875 0.46237189062499995
2 0.4870725109375 0.46479995 0.4870725109375 0.49636472343750004 0.5061934796875 0.49636472343750004 0.5061934796875 0.46479995 0.4870725109375 0.46479995
2 0.578580003125 0.45994383125000005 0.578580003125 0.5206453203125 0.6195535078125001 0.5206453203125 0.6195535078125001 0.45994383125000005 0.578580003125 0.45994383125000005
2 0.6482349609375 0.4550877125 0.6482349609375 0.53035755625 0.7069636499999999 0.53035755625 0.7069636499999999 0.4550877125 0.6482349609375 0.4550877125
2 0.7574976390625 0.46237189062499995 0.7574976390625 0.5400697937500001 0.8408104312500001 0.5400697937500001 0.8408104312500001 0.46237189062499995 0.7574976390625 0.46237189062499995
2 0.8039342765624999 0.44294741562500006 0.8039342765624999 0.50850501875 0.8599314 0.50850501875 0.8599314 0.44294741562500006 0.8039342765624999 0.44294741562500006
1 0.7301990046875 0.42837905625 0.7301990046875 0.50802631875 0.808031628125 0.50802631875 0.808031628125 0.42837905625 0.7301990046875 0.42837905625
2 0.55672746875 0.46479995 0.55672746875 0.5060769625 0.5813115703125 0.5060769625 0.5813115703125 0.46479995 0.55672746875 0.46479995
2 0.623650859375 0.4720841296875 0.623650859375 0.50850501875 0.6468691765625 0.50850501875 0.6468691765625 0.4720841296875 0.623650859375 0.4720841296875
2 0.6154561562499999 0.46479995 0.6154561562499999 0.49879278281249995 0.6277482062499999 0.49879278281249995 0.6277482062499999 0.46479995 0.6154561562499999 0.46479995
2 0.51848553125 0.46479995 0.51848553125 0.50122084375 0.5294118 0.50122084375 0.5294118 0.46479995 0.51848553125 0.46479995
2 0.5485327671875 0.46237189062499995 0.5485327671875 0.5012208421875 0.562190603125 0.5012208421875 0.562190603125 0.46237189062499995 0.5485327671875 0.46237189062499995
4 0.9145627390625 0.46965606875 0.9145627390625 0.5327856171875001 0.9282205749999999 0.5327856171875001 0.9282205749999999 0.46965606875 0.9145627390625 0.46965606875
4 0.8954417703124999 0.45023159375 0.8954417703124999 0.5359074203125 0.9090996046875001 0.5359074203125 0.9090996046875001 0.45023159375 0.8954417703124999 0.45023159375