4 0.2624090125 0.61460528125 0.2624090125 0.6767763359375001 0.276397496875 0.6767763359375001 0.276397496875 0.61460528125 0.2624090125 0.61460528125
4 0.2913851625 0.60927633125 0.2913851625 0.6625658062500001 0.3043744734375 0.6625658062500001 0.3043744734375 0.60927633125 0.2913851625 0.60927633125
2 0.23905325 0.624375003125 0.23905325 0.6403618484375 0.24804585 0.6403618484375 0.24804585 0.624375003125 0.23905325 0.624375003125
2 0.2290614734375 0.6279276328125001 0.2290614734375 0.6403618437499999 0.2400524296875 0.6403618437499999 0.2400524296875 0.6279276328125001 0.2290614734375 0.6279276328125001
2 0.21507298593750002 0.6314802671875 0.21507298593750002 0.649243425 0.23205900625 0.649243425 0.23205900625 0.6314802671875 0.21507298593750002 0.6314802671875
2 0.205081209375 0.6332565812500001 0.205081209375 0.651019740625 0.2150729890625 0.651019740625 0.2150729890625 0.6332565812500001 0.205081209375 0.6332565812500001
2 0.18909436875000002 0.6368092140625 0.18909436875000002 0.654572371875 0.20408203125000002 0.654572371875 0.20408203125000002 0.6368092140625 0.18909436875000002 0.6368092140625
2 0.24804584843750002 0.6279276328125001 0.24804584843750002 0.6563486843749999 0.25603926875 0.6563486843749999 0.25603926875 0.6279276328125001 0.24804584843750002 0.6279276328125001
2 0.250044203125 0.6332565812500001 0.250044203125 0.6563486890625 0.2670302234375 0.6563486890625 0.2670302234375 0.6332565812500001 0.250044203125 0.6332565812500001
2 0.3059981515625 0.6225986875 0.3059981515625 0.654572371875 0.3139915734375 0.654572371875 0.3139915734375 0.6225986875 0.3059981515625 0.6225986875
2 0.31499075 0.61194079375 0.31499075 0.6545723703124999 0.333975125 0.6545723703124999 0.333975125 0.61194079375 0.31499075 0.61194079375
2 0.320985815625 0.6225986875 0.320985815625 0.654572371875 0.32997841562499997 0.654572371875 0.32997841562499997 0.6225986875 0.320985815625 0.6225986875
2 0.3299784140625 0.6048355296875 0.3299784140625 0.6652302671875 0.34396689999999996 0.6652302671875 0.34396689999999996 0.6048355296875 0.3299784140625 0.6048355296875
2 0.3379718359375 0.59950658125 0.3379718359375 0.6741118484374999 0.3809364734375 0.6741118484374999 0.3809364734375 0.59950658125 0.3379718359375 0.59950658125
2 0.3479636109375 0.61194079375 0.3479636109375 0.67233553125 0.3749414078125 0.67233553125 0.3749414078125 0.61194079375 0.3479636109375 0.61194079375
2 0.36494963281250004 0.59950658125 0.36494963281250004 0.6741118484374999 0.4318945328125 0.6741118484374999 0.4318945328125 0.59950658125 0.36494963281250004 0.59950658125
6 0.067621425 0.56960526875 0.067621425 0.724144740625 0.16554083125000002 0.724144740625 0.16554083125000002 0.56960526875 0.067621425 0.56960526875
2 0 0.7365789453125 0.06562306875 0.7365789453125 0.06562306875 0.66730263125 0 0.66730263125 0 0.7365789453125
2 0.9809925921874999 0.4902631609375 0.9809925921874999 0.577302634375 0.9989777890625 0.577302634375 0.9989777890625 0.4902631609375 0.9809925921874999 0.4902631609375