2 0.333113571875 0.435781690625 0.333113571875 0.45497598906250003 0.3451100109375 0.45497598906250003 0.3451100109375 0.435781690625 0.333113571875 0.435781690625
2 0.315118915625 0.43364899062499995 0.315118915625 0.465639490625 0.33551285937499997 0.465639490625 0.33551285937499997 0.43364899062499995 0.315118915625 0.43364899062499995
2 0.294724971875 0.429383590625 0.294724971875 0.472037590625 0.31631855937500003 0.472037590625 0.31631855937500003 0.429383590625 0.294724971875 0.429383590625
2 0.2731313859375 0.431516290625 0.2731313859375 0.48696649062499997 0.2995235484375 0.48696649062499997 0.2995235484375 0.431516290625 0.2731313859375 0.431516290625
2 0.038001209375 0.3739333921875 0.038001209375 0.465639490625 0.1579655859375 0.465639490625 0.1579655859375 0.3739333921875 0.038001209375 0.3739333921875
2 0.1363719984375 0.4059238890625 0.1363719984375 0.46777218906250007 0.184357746875 0.46777218906250007 0.184357746875 0.4059238890625 0.1363719984375 0.4059238890625
6 0.45243931406250004 0.435781690625 0.45243931406250004 0.495763053125 0.48906726093749997 0.495763053125 0.48906726093749997 0.435781690625 0.45243931406250004 0.435781690625
2 0.5418515859374999 0.478435690625 0.5418515859374999 0.512558890625 0.5742419671875 0.512558890625 0.5742419671875 0.478435690625 0.5418515859374999 0.478435690625
2 0.598234840625 0.48483379062500004 0.598234840625 0.5402839890625 0.6474202359375 0.5402839890625 0.6474202359375 0.48483379062500004 0.598234840625 0.48483379062500004
2 0.7997749921875 0.5296204890625 0.7997749921875 0.58080529375 0.8633561109375 0.58080529375 0.8633561109375 0.5296204890625 0.7997749921875 0.5296204890625
2 0.804573565625 0.525355090625 0.804573565625 0.6981037875 0.9965165656250001 0.6981037875 0.9965165656250001 0.525355090625 0.804573565625 0.525355090625