2 0.41096956875 0.43724510156249996 0.41096956875 0.466326740625 0.4290499328125 0.466326740625 0.4290499328125 0.43724510156249996 0.41096956875 0.43724510156249996
2 0.48156908906250007 0.43112264375000003 0.48156908906250007 0.463265515625 0.49620557656250003 0.463265515625 0.49620557656250003 0.43112264375000003 0.48156908906250007 0.43112264375000003
2 0.4910397578125 0.43112264375000003 0.4910397578125 0.464796128125 0.5151469109375 0.464796128125 0.5151469109375 0.43112264375000003 0.4910397578125 0.43112264375000003
2 0.503093334375 0.43418386875000003 0.503093334375 0.47091857968750006 0.524617578125 0.47091857968750006 0.524617578125 0.43418386875000003 0.503093334375 0.43418386875000003
2 0.265813659375 0.408673653125 0.265813659375 0.567857396875 0.361381303125 0.567857396875 0.361381303125 0.408673653125 0.265813659375 0.408673653125
2 0.1977970453125 0.40408181406250004 0.1977970453125 0.632143140625 0.3226376625 0.632143140625 0.3226376625 0.40408181406250004 0.1977970453125 0.40408181406250004
2 0.3786006984375 0.4304083578125 0.3786006984375 0.49163287499999997 0.4199272484375 0.49163287499999997 0.4199272484375 0.4304083578125 0.3786006984375 0.4304083578125
2 0.52152168125 0.401326709375 0.52152168125 0.5222451312499999 0.5817895656250001 0.5222451312499999 0.5817895656250001 0.401326709375 0.52152168125 0.401326709375
2 0 0.8096942421875 0.2630262671875 0.8096942421875 0.2630262671875 0.3581634265625 0 0.3581634265625 0 0.8096942421875
2 0.8011323750000001 0.37959200625 0.8011323750000001 0.6137757859375 0.998294453125 0.6137757859375 0.998294453125 0.37959200625 0.8011323750000001 0.37959200625
2 0.4136959765625 0.408673653125 0.4136959765625 0.5479594296875 0.49721004375 0.5479594296875 0.49721004375 0.408673653125 0.4136959765625 0.408673653125
2 0.567809565625 0.3841838453125 0.567809565625 0.5755104640625001 0.7296718828125 0.5755104640625001 0.7296718828125 0.3841838453125 0.567809565625 0.3841838453125