2 0.35427544375000003 0.450177290625 0.35427544375000003 0.4820670640625 0.37340930625 0.4820670640625 0.37340930625 0.450177290625 0.35427544375000003 0.450177290625
2 0.3324508796875 0.4384843734375 0.3324508796875 0.4937599796875 0.36234754062499996 0.4937599796875 0.36234754062499996 0.4384843734375 0.3324508796875 0.4384843734375
2 0.313317015625 0.45549225312499997 0.313317015625 0.5128938437499999 0.34680127656250004 0.5128938437499999 0.34680127656250004 0.45549225312499997 0.313317015625 0.45549225312499997
2 0.3013583515625 0.45336626874999997 0.3013583515625 0.5299017218750001 0.3276674125 0.5299017218750001 0.3276674125 0.45336626874999997 0.3013583515625 0.45336626874999997
2 0.2367815609375 0.42147649375 0.2367815609375 0.5405316453125 0.316904615625 0.5405316453125 0.316904615625 0.42147649375 0.2367815609375 0.42147649375
2 0.16383370625 0.4469883140625 0.16383370625 0.58305134375 0.2905955546875 0.58305134375 0.2905955546875 0.4469883140625 0.16383370625 0.4469883140625
2 0.40898633437500004 0.44911429687500004 0.40898633437500004 0.4767521 0.42094499843750005 0.4767521 0.42094499843750005 0.44911429687500004 0.40898633437500004 0.44911429687500004
2 0.41974913281250004 0.44273634375000004 0.41974913281250004 0.48738202499999994 0.4424705953125 0.48738202499999994 0.4424705953125 0.44273634375000004 0.41974913281250004 0.44273634375000004
2 0.42931606406249995 0.444862328125 0.42931606406249995 0.49588596249999994 0.4532333921875 0.49588596249999994 0.4532333921875 0.444862328125 0.42931606406249995 0.444862328125
2 0.44605819375 0.444862328125 0.44605819375 0.5086418734375 0.4687796578125 0.5086418734375 0.4687796578125 0.444862328125 0.44605819375 0.444862328125
2 0.4616044578125 0.4384843734375 0.4616044578125 0.5171458109375 0.5154184500000001 0.5171458109375 0.5154184500000001 0.4384843734375 0.4616044578125 0.4384843734375
2 0.49867632031250003 0.44273634375000004 0.49867632031250003 0.55328755625 0.5477068453125 0.55328755625 0.5477068453125 0.44273634375000004 0.49867632031250003 0.44273634375000004
2 0.3719144734375 0.45124028125000004 0.3719144734375 0.5065158890625 0.41257393281250004 0.5065158890625 0.41257393281250004 0.45124028125000004 0.3719144734375 0.45124028125000004
2 0.5285729796874999 0.4108465703125 0.5285729796874999 0.5873033109375 0.6768604234375 0.5873033109375 0.6768604234375 0.4108465703125 0.5285729796874999 0.4108465703125
2 0 0.738248234375 0.19014276875 0.738248234375 0.19014276875 0.42360247968750003 0 0.42360247968750003 0 0.738248234375
2 0.8462748375 0.462335265625 0.8462748375 0.7752758015625 0.9987659421874999 0.7752758015625 0.9987659421874999 0.462335265625 0.8462748375 0.462335265625