6 0.41229244062500003 0.33890251562499996 0.41229244062500003 0.3781684625 0.44069013437500004 0.3781684625 0.44069013437500004 0.33890251562499996 0.41229244062500003 0.33890251562499996
2 0.2955463671875 0.394996725 0.2955463671875 0.434262671875 0.323944059375 0.434262671875 0.323944059375 0.394996725 0.2955463671875 0.394996725
2 0.2766145703125 0.40060614687499996 0.2766145703125 0.45857016093749997 0.3155299296875 0.45857016093749997 0.3155299296875 0.40060614687499996 0.2766145703125 0.40060614687499996
2 0.24295804531249998 0.368819428125 0.24295804531249998 0.40060614687499996 0.2755628046875 0.40060614687499996 0.2755628046875 0.368819428125 0.24295804531249998 0.368819428125
2 0.188266190625 0.40995518124999997 0.188266190625 0.516534178125 0.290287534375 0.516534178125 0.290287534375 0.40995518124999997 0.188266190625 0.40995518124999997
2 0.4554148640625 0.38003826875 0.4554148640625 0.398736340625 0.4669842953125 0.398736340625 0.4669842953125 0.38003826875 0.4554148640625 0.38003826875
2 0.465932528125 0.394996725 0.465932528125 0.43239286562499996 0.4880196234375 0.43239286562499996 0.4880196234375 0.394996725 0.465932528125 0.394996725
2 0.4838125578125 0.3875174984375 0.4838125578125 0.47726823281249997 0.5153655500000001 0.47726823281249997 0.5153655500000001 0.3875174984375 0.4838125578125 0.3875174984375
2 0 0.792531053125 0.24025349999999998 0.792531053125 0.24025349999999998 0.3755640953125 0 0.3755640953125 0 0.792531053125
2 0.295997121875 0.30237450312499997 0.295997121875 0.683815128125 0.49688450937499995 0.683815128125 0.49688450937499995 0.30237450312499997 0.295997121875 0.30237450312499997
1 0.5039463843750001 0.0024040203125 0.5039463843750001 0.814701615625 0.9993283703125 0.814701615625 0.9993283703125 0.0024040203125 0.5039463843750001 0.0024040203125