2 0.3945619359375 0.5620619609374999 0.3945619359375 0.5847423765624999 0.406159875 0.5847423765624999 0.406159875 0.5620619609374999 0.3945619359375 0.5620619609374999
2 0.4038402875 0.5682475296875 0.4038402875 0.59092794375 0.4131186390625 0.59092794375 0.4131186390625 0.5682475296875 0.4038402875 0.5682475296875
2 0.3794846140625 0.5620619609374999 0.3794846140625 0.5888660890625 0.39804131875 0.5888660890625 0.39804131875 0.5620619609374999 0.3794846140625 0.5620619609374999
2 0.367886671875 0.5682475296875 0.367886671875 0.60329908125 0.3841237890625 0.60329908125 0.3841237890625 0.5682475296875 0.367886671875 0.5682475296875
2 0.35048976249999997 0.5620619609374999 0.35048976249999997 0.60742279375 0.372525846875 0.60742279375 0.372525846875 0.5620619609374999 0.35048976249999997 0.5620619609374999
2 0.44907225312500004 0.553814521875 0.44907225312500004 0.5888660734375 0.4676289578125 0.5888660734375 0.4676289578125 0.553814521875 0.44907225312500004 0.553814521875
2 0.4513918421875 0.5579382328125 0.4513918421875 0.601237209375 0.47110833906250005 0.601237209375 0.47110833906250005 0.5579382328125 0.4513918421875 0.5579382328125
2 0.4618299875 0.5620619453125 0.4618299875 0.6032990671875 0.4861856609375 0.6032990671875 0.4861856609375 0.5620619453125 0.4618299875 0.5620619453125
6 0.4084794625 0.5393815453124999 0.4084794625 0.597113515625 0.43631451875 0.597113515625 0.43631451875 0.5393815453124999 0.4084794625 0.5393815453124999
2 0.3242784109375 0.5690722578125 0.3242784109375 0.6123712375 0.36139181875 0.6123712375 0.36139181875 0.5690722578125 0.3242784109375 0.5690722578125
2 0.4124227546875 0.55876298125 0.4124227546875 0.61443309375 0.45069595937500007 0.61443309375 0.45069595937500007 0.55876298125 0.4124227546875 0.55876298125
2 0.47157225 0.564948546875 0.47157225 0.6164949453124999 0.5144846281250001 0.6164949453124999 0.5144846281250001 0.564948546875 0.47157225 0.564948546875
4 0.595206296875 0.5711341156249999 0.595206296875 0.6288660828125 0.612603209375 0.6288660828125 0.612603209375 0.5711341156249999 0.595206296875 0.5711341156249999
4 0.6320877328125001 0.55876298125 0.6320877328125001 0.6474227906250001 0.6506444375 0.6474227906250001 0.6506444375 0.55876298125 0.6320877328125001 0.55876298125
2 0.7939618546875 0.592341775 0.7939618546875 0.9985274093750001 0.9980855999999999 0.9985274093750001 0.9980855999999999 0.592341775 0.7939618546875 0.592341775
2 0.926218840625 0.57381908125 0.926218840625 0.6597533390625 0.9815736718749999 0.6597533390625 0.9815736718749999 0.57381908125 0.926218840625 0.57381908125