2 0.287034446875 0.28952855624999996 0.287034446875 0.33537765625 0.30566064375 0.33537765625 0.30566064375 0.28952855624999996 0.287034446875 0.28952855624999996
2 0.29133280156249997 0.28698138281249996 0.29133280156249997 0.3532078546875 0.3085262125 0.3532078546875 0.3085262125 0.28698138281249996 0.29133280156249997 0.28698138281249996
2 0.2984967234375 0.28952855624999996 0.2984967234375 0.3583022 0.3199884875 0.3583022 0.3199884875 0.28952855624999996 0.2984967234375 0.28952855624999996
2 0.2970639390625 0.28698138281249996 0.2970639390625 0.388868265625 0.3701359375 0.388868265625 0.3701359375 0.28698138281249996 0.2970639390625 0.28698138281249996
2 0.209664096875 0.2818870375 0.209664096875 0.33283048125 0.2340214296875 0.33283048125 0.2340214296875 0.2818870375 0.209664096875 0.2818870375
2 0.18817233125 0.279339865625 0.18817233125 0.3353776515625 0.22542472500000002 0.3353776515625 0.22542472500000002 0.279339865625 0.18817233125 0.279339865625
2 0.1767100578125 0.2818870375 0.1767100578125 0.35320785625 0.2153952328125 0.35320785625 0.2153952328125 0.2818870375 0.1767100578125 0.2818870375
2 0.125129821875 0.27679269375 0.125129821875 0.368490890625 0.1924706828125 0.368490890625 0.1924706828125 0.27679269375 0.125129821875 0.27679269375
2 0.087877428125 0.29717006874999996 0.087877428125 0.39650978124999997 0.1595166453125 0.39650978124999997 0.1595166453125 0.29717006874999996 0.087877428125 0.29717006874999996
2 0.0234021359375 0.3048115859375 0.0234021359375 0.4296230203125 0.125129821875 0.4296230203125 0.125129821875 0.3048115859375 0.0234021359375 0.3048115859375
2 0 0.4958494953125 0.050625037500000004 0.4958494953125 0.050625037500000004 0.29971724375000003 0 0.29971724375000003 0 0.4958494953125
2 0.30566064531250003 0.3107549953125 0.30566064531250003 0.44320794374999994 0.405955546875 0.44320794374999994 0.405955546875 0.3107549953125 0.30566064531250003 0.3107549953125
2 0.0019103718749999999 0.26830211406250004 0.0019103718749999999 0.3141512140625 0.03199884375 0.3141512140625 0.03199884375 0.26830211406250004 0.0019103718749999999 0.26830211406250004
2 0.0377299796875 0.2750945828125 0.0377299796875 0.31075499375 0.0821462921875 0.31075499375 0.0821462921875 0.2750945828125 0.0377299796875 0.2750945828125
2 0.05922174375 0.271698353125 0.05922174375 0.30735876093750003 0.0950413515625 0.30735876093750003 0.0950413515625 0.271698353125 0.05922174375 0.271698353125
2 0.254080409375 0.307358759375 0.254080409375 0.327736134375 0.28130330937500003 0.327736134375 0.28130330937500003 0.307358759375 0.254080409375 0.307358759375