2 0.41721003437500004 0.3597129328125 0.41721003437500004 0.3817537453125 0.4254753375 0.3817537453125 0.4254753375 0.3597129328125 0.41721003437500004 0.3597129328125
2 0.408944728125 0.3597129328125 0.408944728125 0.3872639484375 0.421342684375 0.3872639484375 0.421342684375 0.3597129328125 0.408944728125 0.3597129328125
2 0.396546771875 0.36154966875 0.396546771875 0.39644761875 0.41307738125000004 0.39644761875 0.41307738125000004 0.36154966875 0.396546771875 0.36154966875
2 0.3820824890625 0.3542027296875 0.3820824890625 0.41114149375000003 0.400679425 0.41114149375000003 0.400679425 0.3542027296875 0.3820824890625 0.3542027296875
2 0.361419228125 0.356039465625 0.361419228125 0.420325165625 0.3934472828125 0.420325165625 0.3934472828125 0.356039465625 0.361419228125 0.356039465625
2 0.35108759843750004 0.35787620000000003 0.35108759843750004 0.4295088390625 0.3800161625 0.4295088390625 0.3800161625 0.35787620000000003 0.35108759843750004 0.35787620000000003
2 0.31905954375 0.3450190578125 0.31905954375 0.46624352187499996 0.36968453437500004 0.46624352187499996 0.36968453437500004 0.3450190578125 0.31905954375 0.3450190578125
2 0.25087078125 0.3395088578125 0.25087078125 0.506651678125 0.3293911734375 0.506651678125 0.3293911734375 0.3395088578125 0.25087078125 0.3395088578125
2 0.112426934375 0.330325184375 0.112426934375 0.6095087968749999 0.27463353281249997 0.6095087968749999 0.27463353281249997 0.330325184375 0.112426934375 0.330325184375
2 0.444072271875 0.35787620000000003 0.444072271875 0.383590478125 0.45543706562499997 0.383590478125 0.45543706562499997 0.35787620000000003 0.444072271875 0.35787620000000003
2 0.45233757499999994 0.36154966875 0.45233757499999994 0.3854272140625 0.466801859375 0.3854272140625 0.466801859375 0.36154966875 0.45233757499999994 0.36154966875
2 0.4595697171875 0.363386403125 0.4595697171875 0.3891006828125 0.4761003265625 0.3891006828125 0.4761003265625 0.363386403125 0.4595697171875 0.363386403125
2 0.466801859375 0.363386403125 0.466801859375 0.400121090625 0.4895314453125 0.400121090625 0.4895314453125 0.363386403125 0.466801859375 0.363386403125
2 0.4812661421875 0.35787620000000003 0.4812661421875 0.416651696875 0.51019470625 0.416651696875 0.51019470625 0.35787620000000003 0.4812661421875 0.35787620000000003
2 0.4998630765625 0.35236599687500003 0.4998630765625 0.42583536874999994 0.54532225 0.42583536874999994 0.54532225 0.35236599687500003 0.4998630765625 0.35236599687500003
2 0.5225926624999999 0.35052926093750003 0.5225926624999999 0.46440678750000003 0.6062788703125 0.46440678750000003 0.6062788703125 0.35052926093750003 0.5225926624999999 0.35052926093750003
2 0.5876819359375001 0.37257007343750004 0.5876819359375001 0.6003251296875 0.8428732078125 0.6003251296875 0.8428732078125 0.37257007343750004 0.5876819359375001 0.37257007343750004
2 0 0.8097128390625 0.1568529453125 0.8097128390625 0.1568529453125 0.25318234375 0 0.25318234375 0 0.8097128390625