2 0.5130601375 0.59146879375 0.5130601375 0.63199009375 0.534653725 0.63199009375 0.534653725 0.59146879375 0.5130601375 0.59146879375
2 0.491466546875 0.59360149375 0.491466546875 0.6469189937500001 0.5226572859374999 0.6469189937500001 0.5226572859374999 0.59360149375 0.491466546875 0.59360149375
2 0.455477234375 0.60213229375 0.455477234375 0.6639805937500001 0.5010636984375 0.6639805937500001 0.5010636984375 0.60213229375 0.455477234375 0.60213229375
2 0.369102884375 0.59360149375 0.369102884375 0.70450189375 0.459076165625 0.70450189375 0.459076165625 0.59360149375 0.369102884375 0.59360149375
2 0.6546180984375 0.60213229375 0.6546180984375 0.61919389375 0.6834095484375 0.61919389375 0.6834095484375 0.60213229375 0.6546180984375 0.60213229375
2 0.6726127546875 0.58933609375 0.6726127546875 0.62132659375 0.7122009984375001 0.62132659375 0.7122009984375001 0.58933609375 0.6726127546875 0.58933609375
2 0.0847873140625 0.565876390625 0.0847873140625 0.8218003921875001 0.318717846875 0.8218003921875001 0.318717846875 0.565876390625 0.0847873140625 0.565876390625
2 0.5466501609375001 0.5872033937500001 0.5466501609375001 0.78554449375 0.67981061875 0.78554449375 0.67981061875 0.5872033937500001 0.5466501609375001 0.5872033937500001
2 0.295485640625 0.60431188125 0.295485640625 0.6264884640624999 0.31419713125 0.6264884640624999 0.31419713125 0.60431188125 0.295485640625 0.60431188125
2 0.3196546515625 0.6015398078125 0.3196546515625 0.6237163921875 0.34850153281249996 0.6237163921875 0.34850153281249996 0.6015398078125 0.3196546515625 0.6015398078125
2 0.350060825 0.60431188125 0.350060825 0.62094431875 0.3664333796875 0.62094431875 0.3664333796875 0.60431188125 0.350060825 0.60431188125