4 0.1096087546875 0.382742953125 0.1096087546875 0.4784286921875 0.1376904390625 0.4784286921875 0.1376904390625 0.382742953125 0.1096087546875 0.382742953125
4 0.19736401718750002 0.382742953125 0.19736401718750002 0.46178769375 0.2125749296875 0.46178769375 0.2125749296875 0.382742953125 0.19736401718750002 0.382742953125
4 0.2699083671875 0.3931435765625 0.2699083671875 0.47634856562500005 0.2909696296875 0.47634856562500005 0.2909696296875 0.3931435765625 0.2699083671875 0.3931435765625
4 0.764848046875 0.44514669375000004 0.764848046875 0.520031184375 0.7929297328125 0.520031184375 0.7929297328125 0.44514669375000004 0.764848046875 0.44514669375000004
2 0.572956540625 0.434746071875 0.572956540625 0.45346719375 0.5823171015625 0.45346719375 0.5823171015625 0.434746071875 0.572956540625 0.434746071875
2 0.5799769609375 0.4389063203125 0.5799769609375 0.45762744375000003 0.5893375234375 0.45762744375000003 0.5893375234375 0.4389063203125 0.5799769609375 0.4389063203125
2 0.5635959796875001 0.434746071875 0.5635959796875001 0.45346719375 0.5741266109375001 0.45346719375 0.5741266109375001 0.434746071875 0.5635959796875001 0.434746071875
2 0.5893375234375 0.44098644374999996 0.5893375234375 0.45762744375000003 0.5986980843749999 0.45762744375000003 0.5986980843749999 0.44098644374999996 0.5893375234375 0.44098644374999996
2 0.6022082953125001 0.44514669375000004 0.6022082953125001 0.4784286890625 0.6267797671875 0.4784286890625 0.6267797671875 0.44514669375000004 0.6022082953125001 0.44514669375000004
2 0.551895278125 0.4368261953125 0.551895278125 0.45346719375 0.5647660484375 0.45346719375 0.5647660484375 0.4368261953125 0.551895278125 0.4368261953125
2 0.3436227890625 0.384823078125 0.3436227890625 0.526271559375 0.4465889625 0.526271559375 0.4465889625 0.384823078125 0.3436227890625 0.384823078125