4 0.14602037343750002 0.45061215 0.14602037343750002 0.5332651921875 0.16151781875 0.5332651921875 0.16151781875 0.45061215 0.14602037343750002 0.45061215
4 0.1270790546875 0.44142849531249995 0.1270790546875 0.6195917265625 0.15187496875 0.6195917265625 0.15187496875 0.44142849531249995 0.1270790546875 0.44142849531249995
2 0.47267209218749995 0.510612134375 0.47267209218749995 0.5546937609375 0.48610321250000005 0.5546937609375 0.48610321250000005 0.510612134375 0.47267209218749995 0.510612134375
2 0.493594159375 0.5142856046875 0.493594159375 0.5540831921875 0.51813126875 0.5540831921875 0.51813126875 0.5142856046875 0.493594159375 0.5142856046875
2 0.6555419515625001 0.49959173124999995 0.6555419515625001 0.5675509 0.6793047015625 0.5675509 0.6793047015625 0.49959173124999995 0.6555419515625001 0.49959173124999995
2 0.930363321875 0.5133672375 0.930363321875 0.5739794671875 0.9985520828125001 0.5739794671875 0.9985520828125001 0.5133672375 0.930363321875 0.5133672375
2 0.8415113015625 0.53265295 0.8415113015625 0.67040801875 0.997518921875 0.67040801875 0.997518921875 0.53265295 0.8415113015625 0.53265295
2 0.9019633984375 0.5381631515625 0.9019633984375 0.57836376875 0.9871872921874999 0.57836376875 0.9871872921874999 0.5381631515625 0.9019633984375 0.5381631515625
2 0.5615241156249999 0.47938765156249996 0.5615241156249999 0.6061223234375 0.6576082796875 0.6061223234375 0.6576082796875 0.47938765156249996 0.5615241156249999 0.47938765156249996
2 0.1297007046875 0.3820407328125 0.1297007046875 0.87215896875 0.49769150937499995 0.87215896875 0.49769150937499995 0.3820407328125 0.1297007046875 0.3820407328125
2 0.6322957984375 0.505521984375 0.6322957984375 0.7244604906250001 0.8732819453125 0.7244604906250001 0.8732819453125 0.505521984375 0.6322957984375 0.505521984375
2 0.7714284124999999 0.5895917078124999 0.7714284124999999 0.9440814312500001 0.9987242828125 0.9440814312500001 0.9987242828125 0.5895917078124999 0.7714284124999999 0.5895917078124999
2 0.5143540640625 0.5006658640625 0.5143540640625 0.5759357078125 0.5621564859375 0.5759357078125 0.5621564859375 0.5006658640625 0.5143540640625 0.5006658640625