4 0.015523121875 0.4702624046875 0.015523121875 0.587734775 0.0522332359375 0.587734775 0.0522332359375 0.4702624046875 0.015523121875 0.4702624046875
4 0.1676078875 0.4516159953125 0.1676078875 0.5728176484375 0.19697598125 0.5728176484375 0.19697598125 0.4516159953125 0.1676078875 0.4516159953125
4 0.23263723593750002 0.44975135625 0.23263723593750002 0.5560358812499999 0.24732128125 0.5560358812499999 0.24732128125 0.44975135625 0.23263723593750002 0.44975135625
4 0.2609564671875 0.46653312187499996 0.2609564671875 0.54111875625 0.2798359546875 0.54111875625 0.2798359546875 0.46653312187499996 0.2609564671875 0.46653312187499996
4 0.29242228125 0.45348063749999995 0.29242228125 0.5448480359375 0.3154972125 0.5448480359375 0.3154972125 0.45348063749999995 0.29242228125 0.45348063749999995
4 0.67630520625 0.4385635109375 0.67630520625 0.5038259375 0.6909892515625 0.5038259375 0.6909892515625 0.4385635109375 0.67630520625 0.4385635109375
4 0.7748980890625 0.4385635109375 0.7748980890625 0.490773453125 0.7864355546875 0.490773453125 0.7864355546875 0.4385635109375 0.7748980890625 0.4385635109375
4 0.8692955281250001 0.43296958906249994 0.8692955281250001 0.501961296875 0.8902727390624999 0.501961296875 0.8902727390624999 0.43296958906249994 0.8692955281250001 0.43296958906249994
4 0.9280317140625 0.41991710312499997 0.9280317140625 0.5187430640625 0.950057784375 0.5187430640625 0.950057784375 0.41991710312499997 0.9280317140625 0.41991710312499997
4 0.9479600625 0.4161878203125 0.9479600625 0.522472346875 0.9720838546874999 0.522472346875 0.9720838546874999 0.4161878203125 0.9479600625 0.4161878203125
4 0.9762792953125 0.41432318125 0.9762792953125 0.5243369875 0.999354225 0.5243369875 0.999354225 0.41432318125 0.9762792953125 0.41432318125
4 0.0648195640625 0.4702624046875 0.0648195640625 0.5206077062500001 0.076357028125 0.5206077062500001 0.076357028125 0.4702624046875 0.0648195640625 0.4702624046875
4 0.0805524703125 0.4702624046875 0.0805524703125 0.507555221875 0.08789449375 0.507555221875 0.08789449375 0.4702624046875 0.0805524703125 0.4702624046875
4 0.0910410734375 0.4683977640625 0.0910410734375 0.546712678125 0.101529678125 0.546712678125 0.101529678125 0.4683977640625 0.0910410734375 0.4683977640625
4 0.15187498125 0.48890881249999996 0.15187498125 0.56349444375 0.16446130625 0.56349444375 0.16446130625 0.48890881249999996 0.15187498125 0.48890881249999996
4 0.1948782578125 0.447886715625 0.1948782578125 0.5616298046875 0.2116600265625 0.5616298046875 0.2116600265625 0.447886715625 0.1948782578125 0.447886715625
4 0.213757746875 0.47399168593749996 0.213757746875 0.5560358812499999 0.2231974921875 0.5560358812499999 0.2231974921875 0.47399168593749996 0.213757746875 0.47399168593749996
4 0.24732128125 0.4628038421875 0.24732128125 0.554171240625 0.2578098859375 0.554171240625 0.2578098859375 0.4628038421875 0.24732128125 0.4628038421875
4 0.7990218796875 0.43669886875 0.7990218796875 0.49263809375 0.8095104828125 0.49263809375 0.8095104828125 0.43669886875 0.7990218796875 0.43669886875
4 0.7937775765625 0.43669886875 0.7937775765625 0.4889088109375 0.8011195984375 0.4889088109375 0.8011195984375 0.43669886875 0.7937775765625 0.43669886875
4 0.8493671796875001 0.431104946875 0.8493671796875001 0.46653312187499996 0.8619535046875001 0.46653312187499996 0.8619535046875001 0.431104946875 0.8493671796875001 0.431104946875
4 0.8399274359375 0.43483422968749996 0.8399274359375 0.459074559375 0.8493671812500001 0.459074559375 0.8493671812500001 0.43483422968749996 0.8399274359375 0.43483422968749996
4 0.9122988078125 0.41991710312499997 0.9122988078125 0.5056905781250001 0.9301294359375 0.5056905781250001 0.9301294359375 0.41991710312499997 0.9122988078125 0.41991710312499997
4 0.965790690625 0.41432318125 0.965790690625 0.50009665625 0.9804747375 0.50009665625 0.9804747375 0.41432318125 0.965790690625 0.41432318125
2 0.591347509375 0.4516159953125 0.591347509375 0.48145024843749995 0.6133735796875001 0.48145024843749995 0.6133735796875001 0.4516159953125 0.591347509375 0.4516159953125
2 0.56722371875 0.4516159953125 0.56722371875 0.483314890625 0.58715206875 0.483314890625 0.58715206875 0.4516159953125 0.56722371875 0.4516159953125
2 0.5504419515625 0.44602207343750006 0.5504419515625 0.48517953125 0.563028278125 0.48517953125 0.563028278125 0.44602207343750006 0.5504419515625 0.44602207343750006
2 0.5273670218750001 0.43669886875 0.5273670218750001 0.48704417031249997 0.5504419515625 0.48704417031249997 0.5504419515625 0.43669886875 0.5273670218750001 0.43669886875
2 0.49904778906249997 0.44415743281250003 0.49904778906249997 0.47399168593749996 0.5284158828125001 0.47399168593749996 0.5284158828125001 0.44415743281250003 0.49904778906249997 0.44415743281250003
2 0.487510325 0.459074559375 0.487510325 0.50569058125 0.5252693015625 0.50569058125 0.5252693015625 0.459074559375 0.487510325 0.459074559375
2 0.42038325624999995 0.46653312187499996 0.42038325624999995 0.5206077062500001 0.4707285578125 0.5206077062500001 0.4707285578125 0.46653312187499996 0.42038325624999995 0.46653312187499996
2 0.6416928125 0.44975135625 0.6416928125 0.48145024843749995 0.65113255625 0.48145024843749995 0.65113255625 0.44975135625 0.6416928125 0.44975135625
2 0.6511325546875 0.42924030625 0.6511325546875 0.48890881249999996 0.6784029265625 0.48890881249999996 0.6784029265625 0.42924030625 0.6511325546875 0.42924030625
2 0.69518469375 0.43483422968749996 0.69518469375 0.47399168593749996 0.7455299953125001 0.47399168593749996 0.7455299953125001 0.43483422968749996 0.69518469375 0.43483422968749996
2 0.71511304375 0.44602207343750006 0.71511304375 0.5038259375 0.768604925 0.5038259375 0.768604925 0.44602207343750006 0.71511304375 0.44602207343750006
2 0.6196667421875001 0.447886715625 0.6196667421875001 0.47399168593749996 0.6374973703125 0.47399168593749996 0.6374973703125 0.447886715625 0.6196667421875001 0.447886715625