4 0.02287164375 0.52163254375 0.02287164375 0.7071427078125 0.064198165625 0.7071427078125 0.064198165625 0.52163254375 0.02287164375 0.52163254375
4 0.9312285984375 0.497754996875 0.9312285984375 0.7604080015625 0.9766877734375001 0.7604080015625 0.9766877734375001 0.497754996875 0.9312285984375 0.497754996875
4 0.7948510765625 0.5197958078125 0.7948510765625 0.62816313125 0.819646990625 0.62816313125 0.819646990625 0.5197958078125 0.7948510765625 0.5197958078125
4 0.9312285984375 0.475714184375 0.9312285984375 0.7659182046875 0.9808204249999999 0.7659182046875 0.9808204249999999 0.475714184375 0.9312285984375 0.475714184375
4 0.8558076968749999 0.49224479375 0.8558076968749999 0.7530610656250001 0.9023000343750001 0.7530610656250001 0.9023000343750001 0.49224479375 0.8558076968749999 0.49224479375
4 0.807249034375 0.48673459062499996 0.807249034375 0.745714128125 0.867172490625 0.745714128125 0.867172490625 0.48673459062499996 0.807249034375 0.48673459062499996
2 0.3369532109375 0.53265295 0.3369532109375 0.6079590546875 0.3607159609375 0.6079590546875 0.3607159609375 0.53265295 0.3369532109375 0.53265295
2 0.2811624046875 0.5271427453124999 0.2811624046875 0.62816313125 0.3441853515625 0.62816313125 0.3441853515625 0.5271427453124999 0.2811624046875 0.5271427453124999
2 0.2666981234375 0.552857025 0.2666981234375 0.65020394375 0.3204226015625 0.65020394375 0.3204226015625 0.552857025 0.2666981234375 0.552857025
2 0.6874021203125 0.5179590734375 0.6874021203125 0.6391835390625 0.7958842390624999 0.6391835390625 0.7958842390624999 0.5179590734375 0.6874021203125 0.5179590734375
2 0.45700676093750003 0.5381631515625 0.45700676093750003 0.562040696875 0.4704378796875 0.562040696875 0.4704378796875 0.5381631515625 0.45700676093750003 0.5381631515625
2 0.4652720640625 0.5363264171875 0.4652720640625 0.5675509 0.4828358375 0.5675509 0.4828358375 0.5363264171875 0.4652720640625 0.5363264171875
2 0.481802671875 0.53265295 0.481802671875 0.5730611046874999 0.505565421875 0.5730611046874999 0.505565421875 0.53265295 0.481802671875 0.53265295
2 0.4921343046875 0.5363264171875 0.4921343046875 0.57857130625 0.5179633796875 0.57857130625 0.5179633796875 0.5363264171875 0.4921343046875 0.5363264171875
2 0.5045322609375 0.53448968125 0.5045322609375 0.5895917125000001 0.5344939875 0.5895917125000001 0.5344939875 0.53448968125 0.5045322609375 0.53448968125
2 0.5241623578125 0.5381631515625 0.5241623578125 0.6134692562499999 0.5913179546875 0.6134692562499999 0.5913179546875 0.5381631515625 0.5241623578125 0.5381631515625
2 0.15718284062500001 0.5473468234375 0.15718284062500001 0.7016325046875 0.2801292421875 0.7016325046875 0.2801292421875 0.5473468234375 0.15718284062500001 0.5473468234375
2 0.597516934375 0.53265295 0.597516934375 0.6667345546875 0.7204633375 0.6667345546875 0.7204633375 0.53265295 0.597516934375 0.53265295
2 0.394810340625 0.5032652 0.394810340625 0.596938646875 0.4382031875 0.596938646875 0.4382031875 0.5032652 0.394810340625 0.5032652