2 0.293592115625 0.5925635140625001 0.293592115625 0.6562273625 0.33307594375 0.6562273625 0.33307594375 0.5925635140625001 0.293592115625 0.5925635140625001
2 0.2605358859375 0.6007255453125 0.2605358859375 0.66765420625 0.306447315625 0.66765420625 0.306447315625 0.6007255453125 0.2605358859375 0.6007255453125
2 0.364143221875 0.5983935578125 0.364143221875 0.6261444671875 0.3843442515625 0.6261444671875 0.3843442515625 0.5983935578125 0.364143221875 0.5983935578125
2 0.413727565625 0.5869667140625 0.413727565625 0.614717621875 0.434846821875 0.614717621875 0.434846821875 0.5869667140625 0.413727565625 0.5869667140625
2 0.40729996562500004 0.5934963390625 0.40729996562500004 0.624512059375 0.42841922343750005 0.624512059375 0.42841922343750005 0.5934963390625 0.40729996562500004 0.5934963390625
2 0.4642301375 0.5820694937499999 0.4642301375 0.6196148421875 0.48626762343749996 0.6196148421875 0.48626762343749996 0.5820694937499999 0.4642301375 0.5820694937499999
2 0.3797385203125 0.589723803125 0.3797385203125 0.63543118125 0.4109582921875 0.63543118125 0.4109582921875 0.589723803125 0.3797385203125 0.589723803125
6 0.43830110624999996 0.5827690765625 0.43830110624999996 0.6088875781249999 0.45115630624999997 0.6088875781249999 0.45115630624999997 0.5827690765625 0.43830110624999996 0.5827690765625
2 0.57440298125 0.56850251875 0.57440298125 0.62237193125 0.6083774375 0.62237193125 0.6083774375 0.56850251875 0.57440298125 0.56850251875
2 0.5918493234375 0.5636053015625 0.5918493234375 0.6615496828125 0.6726534390625 0.6615496828125 0.6726534390625 0.5636053015625 0.5918493234375 0.5636053015625
2 0.05009445781250001 0.56523770625 0.05009445781250001 0.834584759375 0.288833890625 0.834584759375 0.288833890625 0.56523770625 0.05009445781250001 0.56523770625
2 0.4899259515625 0.5603404875 0.4899259515625 0.710521875 0.5909310953125 0.710521875 0.5909310953125 0.5603404875 0.4899259515625 0.5603404875