4 0.6823654921875 0.4505778484375 0.6823654921875 0.5441594015625 0.6999120343749999 0.5441594015625 0.6999120343749999 0.4505778484375 0.6823654921875 0.4505778484375
2 0.208608878125 0.49390264375 0.208608878125 0.5233635015625 0.21835695937500002 0.5233635015625 0.21835695937500002 0.49390264375 0.208608878125 0.49390264375
2 0.1764402203125 0.4887036671875 0.1764402203125 0.537227434375 0.20958368593749999 0.537227434375 0.20958368593749999 0.4887036671875 0.1764402203125 0.4887036671875
2 0.1501204078125 0.4887036671875 0.1501204078125 0.54069341875 0.17936464375 0.54069341875 0.17936464375 0.4887036671875 0.1501204078125 0.4887036671875
2 0.025345003124999998 0.447111865625 0.025345003124999998 0.584018209375 0.1559692546875 0.584018209375 0.1559692546875 0.447111865625 0.025345003124999998 0.447111865625
2 0.0009748078125000001 0.5077665765625 0.0009748078125000001 0.5718872687500001 0.033143465625 0.5718872687500001 0.033143465625 0.5077665765625 0.0009748078125000001 0.5077665765625
2 0.215432534375 0.4904366578125 0.215432534375 0.5320284578125001 0.257349271875 0.5320284578125001 0.257349271875 0.4904366578125 0.215432534375 0.4904366578125
2 0.43866353125 0.47830571875 0.43866353125 0.49563563437499997 0.447436803125 0.49563563437499997 0.447436803125 0.47830571875 0.43866353125 0.47830571875
2 0.43086506875 0.4817717 0.43086506875 0.5181645265625 0.44256276093749997 0.5181645265625 0.44256276093749997 0.4817717 0.43086506875 0.4817717
2 0.42209179687500004 0.4817717 0.42209179687500004 0.521630509375 0.437688721875 0.521630509375 0.437688721875 0.4817717 0.42209179687500004 0.4817717
2 0.40552006562500004 0.47830571875 0.40552006562500004 0.5268294859375 0.42696583749999995 0.5268294859375 0.42696583749999995 0.47830571875 0.40552006562500004 0.47830571875
2 0.3996712171875 0.4817717 0.3996712171875 0.537227434375 0.4191673734375 0.537227434375 0.4191673734375 0.4817717 0.3996712171875 0.4817717
2 0.376275828125 0.4817717 0.376275828125 0.53549444375 0.41039410312499996 0.53549444375 0.41039410312499996 0.4817717 0.376275828125 0.4817717
2 0.48447950000000006 0.4817717 0.48447950000000006 0.497368625 0.49325277031250003 0.497368625 0.49325277031250003 0.4817717 0.48447950000000006 0.4817717
2 0.48837873125 0.4835046921875 0.48837873125 0.5077665765625 0.4971520015625 0.5077665765625 0.4971520015625 0.4835046921875 0.48837873125 0.4835046921875
2 0.49325277031250003 0.4817717 0.49325277031250003 0.5043005921875 0.5127489265625 0.5043005921875 0.5127489265625 0.4817717 0.49325277031250003 0.4817717
2 0.499101615625 0.4817717 0.499101615625 0.51989751875 0.5244466203125 0.51989751875 0.5244466203125 0.4817717 0.499101615625 0.4817717
2 0.6804158765625 0.47830571875 0.6804158765625 0.5077665765625 0.711609728125 0.5077665765625 0.711609728125 0.47830571875 0.6804158765625 0.47830571875
2 0.7028364578125 0.46097579843750003 0.7028364578125 0.511232559375 0.7925187796875 0.511232559375 0.7925187796875 0.46097579843750003 0.7028364578125 0.46097579843750003
6 0.524446621875 0.40725305624999997 0.524446621875 0.537227434375 0.5829350921875001 0.537227434375 0.5829350921875001 0.40725305624999997 0.524446621875 0.40725305624999997
2 0.5527160484375 0.462708790625 0.5527160484375 0.5718872687500001 0.6375243312500001 0.5718872687500001 0.6375243312500001 0.462708790625 0.5527160484375 0.462708790625
2 0.4406131453125 0.47137375 0.4406131453125 0.5302954671875 0.478630653125 0.5302954671875 0.478630653125 0.47137375 0.4406131453125 0.47137375
2 0.2592988875 0.44884485625000003 0.2592988875 0.580552228125 0.3918727546875 0.580552228125 0.3918727546875 0.44884485625000003 0.2592988875 0.44884485625000003
2 0.6291199093750001 0.47426844062500007 0.6291199093750001 0.4971498125 0.644330821875 0.4971498125 0.644330821875 0.47426844062500007 0.6291199093750001 0.47426844062500007