2 0 0.619939540625 0.12120939687500001 0.619939540625 0.12120939687500001 0.4799093359375 0 0.4799093359375 0 0.619939540625
2 0.6129582140625 0.4858912125 0.6129582140625 0.5062839578125 0.6542535296875001 0.5062839578125 0.6542535296875001 0.4858912125 0.6129582140625 0.4858912125
1 0.5601919796875 0.46821749375 0.5601919796875 0.504924440625 0.5892516453125001 0.504924440625 0.5892516453125001 0.46821749375 0.5601919796875 0.46821749375
1 0.5574389531249999 0.47583078749999996 0.5574389531249999 0.5057401515625 0.58343970625 0.5057401515625 0.58343970625 0.47583078749999996 0.5574389531249999 0.47583078749999996
2 0.5162965875000001 0.4975830515625 0.5162965875000001 0.5519637109375 0.5507093484375 0.5519637109375 0.5507093484375 0.4975830515625 0.5162965875000001 0.4975830515625
2 0.4880016484375 0.5057401515625 0.4880016484375 0.55468274375 0.518590771875 0.55468274375 0.518590771875 0.5057401515625 0.4880016484375 0.5057401515625
2 0.45511834375 0.5057401515625 0.45511834375 0.5601208109375 0.49411947500000003 0.5601208109375 0.49411947500000003 0.5057401515625 0.45511834375 0.5057401515625
2 0.4237644921875 0.500302084375 0.4237644921875 0.5682779109375 0.4635303515625 0.5682779109375 0.4635303515625 0.500302084375 0.4237644921875 0.500302084375
2 0.356468425 0.4975830515625 0.356468425 0.57099694375 0.4268234046875 0.57099694375 0.4268234046875 0.4975830515625 0.356468425 0.4975830515625
2 0.337350225 0.4717522359375 0.337350225 0.564199359375 0.41458775625 0.564199359375 0.41458775625 0.4717522359375 0.337350225 0.4717522359375
2 0.31440838125 0.5030211171875 0.31440838125 0.5737159765625 0.3411738640625 0.5737159765625 0.3411738640625 0.5030211171875 0.31440838125 0.5030211171875
2 0.773551103125 0.47719030625 0.773551103125 0.516616284375 0.7987871296875 0.516616284375 0.7987871296875 0.47719030625 0.773551103125 0.47719030625
2 0.7995518578125 0.485347403125 0.7995518578125 0.52477338125 0.8270820671875001 0.52477338125 0.8270820671875001 0.485347403125 0.7995518578125 0.485347403125
2 0.860730103125 0.47854981875 0.860730103125 0.5302114515625 0.912731609375 0.5302114515625 0.912731609375 0.47854981875 0.860730103125 0.47854981875
2 0.9402618203124999 0.492144984375 0.9402618203124999 0.53157096875 0.9983811515625 0.53157096875 0.9983811515625 0.492144984375 0.9402618203124999 0.492144984375
2 0.6519593453125 0.500302084375 0.6519593453125 0.5179758 0.6672539078125 0.5179758 0.6672539078125 0.500302084375 0.6519593453125 0.500302084375
2 0.6710775453125 0.5043806328125 0.6710775453125 0.5193353171874999 0.6856073796875 0.5193353171874999 0.6856073796875 0.5043806328125 0.6710775453125 0.5043806328125
2 0.7314910640625001 0.4962235328125 0.7314910640625001 0.5166162812499999 0.7544329046875 0.5166162812499999 0.7544329046875 0.4962235328125 0.7314910640625001 0.4962235328125
2 0.7406678 0.507099665625 0.7406678 0.5234138625 0.762080184375 0.5234138625 0.762080184375 0.507099665625 0.7406678 0.507099665625
2 0.755962359375 0.5302114484375 0.755962359375 0.5519637109375 0.77049219375 0.5519637109375 0.77049219375 0.5302114484375 0.755962359375 0.5302114484375
2 0.7031961234375 0.507099665625 0.7031961234375 0.5274924140625 0.7192554125 0.5274924140625 0.7192554125 0.507099665625 0.7031961234375 0.507099665625
2 0.6886662921875 0.5111782171875 0.6886662921875 0.5302114484375 0.7016666687499999 0.5302114484375 0.7016666687499999 0.5111782171875 0.6886662921875 0.5111782171875
2 0.7131375890625 0.5125377328125 0.7131375890625 0.53700903125 0.732255790625 0.53700903125 0.732255790625 0.5125377328125 0.7131375890625 0.5125377328125
2 0.7192554140625 0.5193353171874999 0.7192554140625 0.55060419375 0.738373615625 0.55060419375 0.738373615625 0.5193353171874999 0.7192554140625 0.5193353171874999
2 0.7299616062500001 0.5274924140625 0.7299616062500001 0.5478851625 0.7567270875000001 0.5478851625 0.7567270875000001 0.5274924140625 0.7299616062500001 0.5274924140625
2 0.736844159375 0.550604196875 0.736844159375 0.5886706625 0.762080184375 0.5886706625 0.762080184375 0.550604196875 0.736844159375 0.550604196875
2 0.7284321484375 0.5465256484375 0.7284321484375 0.5818730765625 0.7406678 0.5818730765625 0.7406678 0.5465256484375 0.7284321484375 0.5465256484375
2 0.68637210625 0.52477338125 0.68637210625 0.553323228125 0.7085492203125 0.553323228125 0.7085492203125 0.52477338125 0.68637210625 0.52477338125
2 0.6573124406249999 0.5043806328125 0.6573124406249999 0.526132896875 0.68025428125 0.526132896875 0.68025428125 0.5043806328125 0.6573124406249999 0.5043806328125
2 0.6435473359375 0.507099665625 0.6435473359375 0.52885193125 0.6580771703125 0.52885193125 0.6580771703125 0.507099665625 0.6435473359375 0.507099665625
2 0.659606625 0.5261329 0.659606625 0.5492446796875 0.6787248265625 0.5492446796875 0.6787248265625 0.5261329 0.659606625 0.5261329
2 0.659606625 0.53429 0.659606625 0.556042265625 0.6779600968749999 0.556042265625 0.6779600968749999 0.53429 0.659606625 0.53429
2 0.66113608125 0.54516613125 0.66113608125 0.5709969453125 0.6825484687500001 0.5709969453125 0.6825484687500001 0.54516613125 0.66113608125 0.54516613125
2 0.64584151875 0.5478851625 0.64584151875 0.5737159765625 0.674136459375 0.5737159765625 0.674136459375 0.5478851625 0.64584151875 0.5478851625
2 0.1320972140625 0.45679755625 0.1320972140625 0.7531721609375001 0.3446916125 0.7531721609375001 0.3446916125 0.45679755625 0.1320972140625 0.45679755625
5 0.364694625 0.48673347187499993 0.364694625 0.5615068812499999 0.396813203125 0.5615068812499999 0.396813203125 0.48673347187499993 0.364694625 0.48673347187499993
3 0.3593415296875 0.5302380015625 0.3593415296875 0.5805401125 0.401401571875 0.5805401125 0.401401571875 0.5302380015625 0.3593415296875 0.5302380015625