2 0.2461133453125 0.6276318875 0.2461133453125 0.6407205375 0.256631009375 0.6407205375 0.256631009375 0.6276318875 0.2461133453125 0.6276318875
2 0.25557924375 0.62576208125 0.25557924375 0.63885073125 0.2639933734375 0.63885073125 0.2639933734375 0.62576208125 0.25557924375 0.62576208125
2 0.22612978125 0.618282853125 0.22612978125 0.6407205375 0.24400981093750002 0.6407205375 0.24400981093750002 0.618282853125 0.22612978125 0.618282853125
2 0.21140505312500002 0.6238922734375 0.21140505312500002 0.64259034375 0.225078015625 0.64259034375 0.225078015625 0.6238922734375 0.21140505312500002 0.6238922734375
2 0.1956285546875 0.6238922734375 0.1956285546875 0.6538091859375 0.21245681875 0.6538091859375 0.21245681875 0.6238922734375 0.1956285546875 0.6238922734375
2 0.1525061328125 0.62576208125 0.1525061328125 0.6824795515625001 0.191421490625 0.6824795515625001 0.191421490625 0.62576208125 0.1525061328125 0.62576208125
2 0.100969578125 0.624515534375 0.100969578125 0.6319947625 0.1272637375 0.6319947625 0.1272637375 0.624515534375 0.100969578125 0.624515534375
2 0.0872966140625 0.6282551484375001 0.0872966140625 0.64695321875 0.1083319421875 0.64695321875 0.1083319421875 0.6282551484375001 0.0872966140625 0.6282551484375001
2 0.0835403046875 0.63119341875 0.0835403046875 0.7041158921874999 0.14243922343749998 0.7041158921874999 0.14243922343749998 0.63119341875 0.0835403046875 0.63119341875
2 0.3170324515625 0.63119341875 0.3170324515625 0.6629801375000001 0.3286018828125 0.6629801375000001 0.3286018828125 0.63119341875 0.3170324515625 0.63119341875
2 0.73428323125 0.606885928125 0.73428323125 0.7342999171875 0.945688284375 0.7342999171875 0.945688284375 0.606885928125 0.73428323125 0.606885928125
2 0.324394815625 0.6162349625 0.324394815625 0.68167820625 0.3601548734375 0.68167820625 0.3601548734375 0.6162349625 0.324394815625 0.6162349625
2 0.29179005468749997 0.6293236125 0.29179005468749997 0.6741989796875 0.3180842171875 0.6741989796875 0.3180842171875 0.6293236125 0.29179005468749997 0.6293236125
2 0.00045075625000000005 0.6218443828125 0.00045075625000000005 0.7065199343749999 0.07512617187500001 0.7065199343749999 0.07512617187500001 0.6218443828125 0.00045075625000000005 0.6218443828125
2 0.9930177718750001 0.6803426375 0.9930177718750001 0.7270878109375001 0.999328371875 0.7270878109375001 0.999328371875 0.6803426375 0.9930177718750001 0.6803426375
4 0.6764360765624999 0.6162349625 0.6764360765624999 0.7377724171875 0.7006267046875 0.7377724171875 0.7006267046875 0.6162349625 0.6764360765624999 0.6162349625