2 0.111054871875 0.6182610375 0.111054871875 0.6751780453125 0.17108453125 0.6751780453125 0.17108453125 0.6182610375 0.111054871875 0.6182610375
2 0 0.7025693453125 0.03801750625 0.7025693453125 0.03801750625 0.6353147781249999 0 0.6353147781249999 0 0.7025693453125
2 0.40620069531249997 0.6243084578125 0.40620069531249997 0.64743099375 0.42120810937500003 0.64743099375 0.42120810937500003 0.6243084578125 0.40620069531249997 0.6243084578125
2 0.4472209625 0.6243084578125 0.4472209625 0.6456523375 0.4592268953125 0.6456523375 0.4592268953125 0.6243084578125 0.4472209625 0.6243084578125
2 0.30515076875 0.6047432359375 0.30515076875 0.6189724890625 0.321158678125 0.6189724890625 0.321158678125 0.6047432359375 0.30515076875 0.6047432359375
2 0.290143353125 0.60296458125 0.290143353125 0.6154151765625 0.3041502734375 0.6154151765625 0.3041502734375 0.60296458125 0.290143353125 0.60296458125
2 0.27013346562499996 0.595849953125 0.27013346562499996 0.615415175 0.290143353125 0.615415175 0.290143353125 0.595849953125 0.27013346562499996 0.595849953125
2 0.2441206140625 0.5940712968749999 0.2441206140625 0.6154151765625 0.2721344578125 0.6154151765625 0.2721344578125 0.5940712968749999 0.2441206140625 0.5940712968749999
6 0.33435909218750004 0.59545596875 0.33435909218750004 0.61719383125 0.3501730125 0.61719383125 0.3501730125 0.59545596875 0.33435909218750004 0.59545596875
6 0.4232090984375 0.601185921875 0.4232090984375 0.6420950234375 0.4382165140625 0.6420950234375 0.4382165140625 0.601185921875 0.4232090984375 0.601185921875
2 0.528261003125 0.6083005484374999 0.528261003125 0.697233378125 0.5752842375 0.697233378125 0.5752842375 0.6083005484374999 0.528261003125 0.6083005484374999
2 0.5622778109375 0.5780633875000001 0.5622778109375 0.7434784484375 0.6833376234374999 0.7434784484375 0.6833376234374999 0.5780633875000001 0.5622778109375 0.5780633875000001
4 0.9008451140625 0.58339935625 0.9008451140625 0.62430845625 0.9168530234375 0.62430845625 0.9168530234375 0.58339935625 0.9008451140625 0.58339935625
4 0.891840665625 0.5976286109375 0.891840665625 0.6314230843749999 0.9018456078125 0.6314230843749999 0.9018456078125 0.5976286109375 0.891840665625 0.5976286109375
4 0.8668283062500001 0.601185921875 0.8668283062500001 0.618972490625 0.8798347312500001 0.618972490625 0.8798347312500001 0.601185921875 0.8668283062500001 0.601185921875
4 0.8528213859375 0.60296458125 0.8528213859375 0.64743099375 0.8658278109375 0.64743099375 0.8658278109375 0.60296458125 0.8528213859375 0.60296458125
4 0.94107951875 0.564955303125 0.94107951875 0.6204110375 0.9596008671874999 0.6204110375 0.9596008671874999 0.564955303125 0.94107951875 0.564955303125