2 0.26613149062499997 0.6314230843749999 0.26613149062499997 0.6492096468749999 0.27913791875 0.6492096468749999 0.27913791875 0.6314230843749999 0.26613149062499997 0.6314230843749999
2 0.310153240625 0.6189724890625 0.310153240625 0.6385377078125 0.3281621375 0.6385377078125 0.3281621375 0.6189724890625 0.310153240625 0.6189724890625
2 0.38218883125 0.615415175 0.38218883125 0.64920965 0.4031992125 0.64920965 0.4031992125 0.615415175 0.38218883125 0.615415175
2 0.4272110765625 0.5994072671875 0.4272110765625 0.611857865625 0.43521503125 0.611857865625 0.43521503125 0.5994072671875 0.4272110765625 0.5994072671875
2 0.42220860312499997 0.6047432359375 0.42220860312499997 0.61719383125 0.43421453593750003 0.61719383125 0.43421453593750003 0.6047432359375 0.42220860312499997 0.6047432359375
2 0.40019773125 0.6029645796875001 0.40019773125 0.615415175 0.40920217968749995 0.615415175 0.40920217968749995 0.6029645796875001 0.40019773125 0.6029645796875001
2 0.4382165140625 0.60652189375 0.4382165140625 0.6314230843749999 0.47023233124999997 0.6314230843749999 0.47023233124999997 0.60652189375 0.4382165140625 0.60652189375
2 0.50224815 0.60340924375 0.50224815 0.6176384953125 0.52525951875 0.6176384953125 0.52525951875 0.60340924375 0.50224815 0.60340924375
2 0.365180428125 0.6194171515625 0.365180428125 0.6354250625 0.3741848765625 0.6354250625 0.3741848765625 0.6194171515625 0.365180428125 0.6194171515625
2 0.41320415625000007 0.6016305890625 0.41320415625000007 0.615859840625 0.42220860312499997 0.615859840625 0.42220860312499997 0.6016305890625 0.41320415625000007 0.6016305890625
2 0.381588534375 0.61754955625 0.381588534375 0.75984208125 0.4866404375 0.75984208125 0.4866404375 0.61754955625 0.381588534375 0.61754955625
2 0.7099757703125 0.5928855265624999 0.7099757703125 0.9237156515624999 0.9991707468750001 0.9237156515624999 0.9991707468750001 0.5928855265624999 0.7099757703125 0.5928855265624999