2 0.4539048109375 0.3563489515625 0.4539048109375 0.373419559375 0.4635070296875 0.373419559375 0.4635070296875 0.3563489515625 0.4539048109375 0.3563489515625
2 0.4643072140625 0.3762646609375 0.4643072140625 0.3947578203125 0.4755098015625 0.3947578203125 0.4755098015625 0.3762646609375 0.4643072140625 0.3762646609375
2 0.454704996875 0.38906761875 0.454704996875 0.4004480234375 0.46510740000000006 0.4004480234375 0.46510740000000006 0.38906761875 0.454704996875 0.38906761875
2 0.4539048109375 0.397602921875 0.4539048109375 0.4118284296875 0.46510740000000006 0.4118284296875 0.46510740000000006 0.397602921875 0.4539048109375 0.397602921875
2 0.4515042578125 0.4104058796875 0.4515042578125 0.4360117921875 0.465907584375 0.4360117921875 0.465907584375 0.4104058796875 0.4515042578125 0.4104058796875
2 0.474029465625 0.36701808125 0.474029465625 0.3755533859375 0.4828314984375 0.3755533859375 0.4828314984375 0.36701808125 0.474029465625 0.36701808125
2 0.4756298359375 0.36986318281249997 0.4756298359375 0.3855112421875 0.4884327921875 0.3855112421875 0.4884327921875 0.36986318281249997 0.4756298359375 0.36986318281249997
2 0.478030390625 0.3769759375 0.478030390625 0.3940465453125 0.49083334843750004 0.3940465453125 0.49083334843750004 0.3769759375 0.478030390625 0.3769759375
2 0.466827803125 0.3954690953125 0.466827803125 0.41538480624999996 0.47883057500000004 0.41538480624999996 0.47883057500000004 0.3954690953125 0.466827803125 0.3954690953125
2 0.479630759375 0.39120144375 0.479630759375 0.4054269515625 0.49643463906249996 0.4054269515625 0.49643463906249996 0.39120144375 0.479630759375 0.39120144375
2 0.48363168281249996 0.398314196875 0.48363168281249996 0.4210750109375 0.499635378125 0.4210750109375 0.499635378125 0.398314196875 0.48363168281249996 0.398314196875
2 0.474029465625 0.40684950156250005 0.474029465625 0.43814561875 0.49163353125000003 0.43814561875 0.49163353125000003 0.40684950156250005 0.474029465625 0.40684950156250005
2 0.492433715625 0.40684950156250005 0.492433715625 0.43530051875 0.502035934375 0.43530051875 0.502035934375 0.40684950156250005 0.492433715625 0.40684950156250005
2 0.498035009375 0.409694603125 0.498035009375 0.43814561875 0.5076372265625 0.43814561875 0.5076372265625 0.409694603125 0.498035009375 0.409694603125
2 0.5012357484375001 0.409694603125 0.5012357484375001 0.44241326875000003 0.5204401843750001 0.44241326875000003 0.5204401843750001 0.409694603125 0.5012357484375001 0.409694603125
2 0.5092375953125 0.41538480624999996 0.5092375953125 0.43814561875 0.5196399984375 0.43814561875 0.5196399984375 0.41538480624999996 0.5092375953125 0.41538480624999996
2 0.5156390734375 0.41396225624999994 0.5156390734375 0.44952602343750003 0.53804425 0.44952602343750003 0.53804425 0.41396225624999994 0.5156390734375 0.41396225624999994
2 0.3872894296875 0.378754125 0.3872894296875 0.39013453125 0.39529127656249996 0.39013453125 0.39529127656249996 0.378754125 0.3872894296875 0.378754125
2 0.3880896140625 0.3858668796875 0.3880896140625 0.3986698359375 0.39529127656249996 0.3986698359375 0.39529127656249996 0.3858668796875 0.3880896140625 0.3858668796875
2 0.3808879515625 0.3858668796875 0.3808879515625 0.4015149375 0.389689984375 0.4015149375 0.389689984375 0.3858668796875 0.3808879515625 0.3858668796875
2 0.3800877671875 0.39297963125 0.3800877671875 0.41005024375000004 0.3880896140625 0.41005024375000004 0.3880896140625 0.39297963125 0.3800877671875 0.39297963125
2 0.3688851796875 0.3986698359375 0.3688851796875 0.41431789218750004 0.37688702812499997 0.41431789218750004 0.37688702812499997 0.3986698359375 0.3688851796875 0.3986698359375
2 0.3448796375 0.40862769062500004 0.3448796375 0.4370787046875 0.365684440625 0.4370787046875 0.365684440625 0.40862769062500004 0.3448796375 0.40862769062500004
2 0.321674278125 0.4100502421875 0.321674278125 0.42996595156249995 0.3472801921875 0.42996595156249995 0.3472801921875 0.4100502421875 0.321674278125 0.4100502421875
2 0.30567058281250004 0.4100502421875 0.30567058281250004 0.43992380468750003 0.3264753859375 0.43992380468750003 0.3264753859375 0.4100502421875 0.30567058281250004 0.4100502421875
2 0.2568593125 0.40862769062500004 0.2568593125 0.44703655937500003 0.2824652265625 0.44703655937500003 0.2824652265625 0.40862769062500004 0.2568593125 0.40862769062500004
2 0.227252475 0.4057825890625 0.227252475 0.45272676250000005 0.2600600515625 0.45272676250000005 0.2600600515625 0.4057825890625 0.227252475 0.4057825890625
2 0.200846378125 0.4114727921875 0.200846378125 0.45414931249999996 0.2344541375 0.45414931249999996 0.2344541375 0.4114727921875 0.200846378125 0.4114727921875
2 0.1752404640625 0.4100502421875 0.1752404640625 0.458416965625 0.210448596875 0.458416965625 0.210448596875 0.4100502421875 0.1752404640625 0.4100502421875
2 0.1288297484375 0.40862769062500004 0.1288297484375 0.46695226874999995 0.1840424984375 0.46695226874999995 0.1840424984375 0.40862769062500004 0.1288297484375 0.40862769062500004
2 0.061614228125 0.41289534375 0.061614228125 0.478332675 0.140032334375 0.478332675 0.140032334375 0.41289534375 0.061614228125 0.41289534375
2 0 0.48971308125 0.0392090546875 0.48971308125 0.0392090546875 0.407205140625 0 0.407205140625 0 0.48971308125
2 0.5625298953125 0.4029374875 0.5625298953125 0.4811777765625 0.6241441234375 0.4811777765625 0.6241441234375 0.4029374875 0.5625298953125 0.4029374875
2 0.634546525 0.40862769062500004 0.634546525 0.5210091953125 0.7145650015625 0.5210091953125 0.7145650015625 0.40862769062500004 0.634546525 0.40862769062500004
2 0.6769563171875 0.4125397046875 0.6769563171875 0.5576398765625 0.8161884687500001 0.5576398765625 0.8161884687500001 0.4125397046875 0.6769563171875 0.4125397046875
2 0.762416065625 0.4111171546875 0.762416065625 0.6287674125 0.9992707578125 0.6287674125 0.9992707578125 0.4111171546875 0.762416065625 0.4111171546875
2 0.9784659546875 0.5206535578125 0.9784659546875 0.6885145421875001 0.999270759375 0.6885145421875001 0.999270759375 0.5206535578125 0.9784659546875 0.5206535578125