4 0.1314953109375 0.4049998578125 0.1314953109375 0.5287498140625 0.151534365625 0.5287498140625 0.151534365625 0.4049998578125 0.1314953109375 0.4049998578125
4 0.089307825 0.41062485625 0.089307825 0.5362498109375 0.12200312656250001 0.5362498109375 0.12200312656250001 0.41062485625 0.089307825 0.41062485625
4 0.2084874703125 0.4162498546875 0.2084874703125 0.52124981875 0.2316905875 0.52124981875 0.2316905875 0.4162498546875 0.2084874703125 0.4162498546875
4 0.813877884375 0.46874983437499995 0.813877884375 0.5362498109375 0.8286435031250001 0.5362498109375 0.8286435031250001 0.46874983437499995 0.813877884375 0.46874983437499995
4 0.769581025 0.4649998375 0.769581025 0.50999981875 0.779073209375 0.50999981875 0.779073209375 0.4649998375 0.769581025 0.4649998375
5 0.7885653921875 0.44437484375 0.7885653921875 0.5587498046875 0.8138778828125 0.5587498046875 0.8138778828125 0.44437484375 0.7885653921875 0.44437484375
0 0.7906747671875001 0.49124982812500007 0.7906747671875001 0.581249796875 0.8075497609375001 0.581249796875 0.8075497609375001 0.49124982812500007 0.7906747671875001 0.49124982812500007
5 0.7337216609375 0.4162498546875 0.7337216609375 0.5587498046875 0.7653622765625 0.5587498046875 0.7653622765625 0.4162498546875 0.7337216609375 0.4162498546875
0 0.7379404093749999 0.46874983437499995 0.7379404093749999 0.575624796875 0.7632529015625 0.575624796875 0.7632529015625 0.46874983437499995 0.7379404093749999 0.46874983437499995
4 0.7147372937500001 0.46124983906250006 0.7147372937500001 0.51562481875 0.723174790625 0.51562481875 0.723174790625 0.46124983906250006 0.7147372937500001 0.46124983906250006
4 0.704190421875 0.46124983906250006 0.704190421875 0.51937481875 0.71262791875 0.51937481875 0.71262791875 0.46124983906250006 0.704190421875 0.46124983906250006
4 0.6862607406250001 0.44999984218750005 0.6862607406250001 0.5249998171875 0.703135734375 0.5249998171875 0.703135734375 0.44999984218750005 0.6862607406250001 0.44999984218750005
4 0.6546201265625 0.457499840625 0.6546201265625 0.5062498234375 0.666221684375 0.5062498234375 0.666221684375 0.457499840625 0.6546201265625 0.457499840625
4 0.60715920625 0.4518748421875 0.60715920625 0.4949998265625 0.6166513890624999 0.4949998265625 0.6166513890624999 0.4518748421875 0.60715920625 0.4518748421875
4 0.5955576484375 0.4518748421875 0.5955576484375 0.5006248249999999 0.6050498328125 0.5006248249999999 0.6050498328125 0.4518748421875 0.5955576484375 0.4518748421875
4 0.5881748359375 0.44999984218750005 0.5881748359375 0.5024998234375 0.5955576484375 0.5024998234375 0.5955576484375 0.44999984218750005 0.5881748359375 0.44999984218750005
4 0.56813578125 0.45374984218750003 0.56813578125 0.493124828125 0.57551859375 0.493124828125 0.57551859375 0.45374984218750003 0.56813578125 0.45374984218750003
4 0.5502061015625 0.45374984218750003 0.5502061015625 0.4949998265625 0.5596982859375 0.4949998265625 0.5596982859375 0.45374984218750003 0.5502061015625 0.45374984218750003
4 0.5364951671875 0.457499840625 0.5364951671875 0.4949998265625 0.5438779796875 0.4949998265625 0.5438779796875 0.457499840625 0.5364951671875 0.457499840625
2 0.5037998671875 0.45562484062499997 0.5037998671875 0.47812483281249996 0.5164561125 0.47812483281249996 0.5164561125 0.45562484062499997 0.5037998671875 0.45562484062499997
2 0.4837608125 0.4518748421875 0.4837608125 0.4762498328125 0.50063580625 0.4762498328125 0.50063580625 0.4518748421875 0.4837608125 0.4518748421875
6 0.4679405046875 0.4331248484375 0.4679405046875 0.457499840625 0.48270612343749997 0.457499840625 0.48270612343749997 0.4331248484375 0.4679405046875 0.4331248484375
2 0.46372175625 0.45374984218750003 0.46372175625 0.48374983125000004 0.4837608125 0.48374983125000004 0.4837608125 0.45374984218750003 0.46372175625 0.45374984218750003
2 0.45106551093749997 0.4481248421875 0.45106551093749997 0.46874983437499995 0.46266706874999997 0.46874983437499995 0.46266706874999997 0.4481248421875 0.45106551093749997 0.4481248421875
2 0.42997176875000004 0.44999984218750005 0.42997176875000004 0.47999983124999995 0.453174884375 0.47999983124999995 0.453174884375 0.44999984218750005 0.42997176875000004 0.44999984218750005
1 0.4130967734375 0.41999985312500004 0.4130967734375 0.47249983437500004 0.4447373875 0.47249983437500004 0.4447373875 0.41999985312500004 0.4130967734375 0.41999985312500004
2 0.4025499015625 0.43874984531249994 0.4025499015625 0.47249983437500004 0.417315521875 0.47249983437500004 0.417315521875 0.43874984531249994 0.4025499015625 0.43874984531249994
2 0.40044052812500003 0.44999984218750005 0.40044052812500003 0.48374983125000004 0.41098739999999995 0.48374983125000004 0.41098739999999995 0.44999984218750005 0.40044052812500003 0.44999984218750005
6 0.3424327359375 0.3812581796875 0.3424327359375 0.4949998265625 0.404659278125 0.4949998265625 0.404659278125 0.3812581796875 0.3424327359375 0.3812581796875
2 0.2991905640625 0.4312498484375 0.2991905640625 0.45374984218750003 0.33610461406250003 0.45374984218750003 0.33610461406250003 0.4312498484375 0.2991905640625 0.4312498484375
2 0.302354625 0.44624984375 0.302354625 0.5081248203125 0.362471790625 0.5081248203125 0.362471790625 0.44624984375 0.302354625 0.44624984375
2 0.27176869843749996 0.44624984375 0.27176869843749996 0.498749825 0.3160655578125 0.498749825 0.3160655578125 0.44624984375 0.27176869843749996 0.44624984375
1 0.2517296421875 0.41999985312500004 0.2517296421875 0.47999983124999995 0.2991905640625 0.47999983124999995 0.2991905640625 0.41999985312500004 0.2517296421875 0.41999985312500004
2 0.1979406 0.4331248484375 0.1979406 0.5118748203125 0.2686046375 0.5118748203125 0.2686046375 0.4331248484375 0.1979406 0.4331248484375
2 0.11567500312500001 0.44249984375 0.11567500312500001 0.50999981875 0.19688591093750002 0.50999981875 0.19688591093750002 0.44249984375 0.11567500312500001 0.44249984375
2 0.9625887687500001 0.493124828125 0.9625887687500001 0.5362498125 0.99844813125 0.5362498125 0.99844813125 0.493124828125 0.9625887687500001 0.493124828125
3 0.9847371984375 0.51749981875 0.9847371984375 0.5737497984375 0.9995028187500001 0.5737497984375 0.9995028187500001 0.51749981875 0.9847371984375 0.51749981875
4 0.990010634375 0.47249983437500004 0.990010634375 0.5493748093749999 0.99844813125 0.5493748093749999 0.99844813125 0.47249983437500004 0.990010634375 0.47249983437500004
2 0.8476278703125001 0.48374983125000004 0.8476278703125001 0.5362498125 0.9425497140625 0.5362498125 0.9425497140625 0.48374983125000004 0.8476278703125001 0.48374983125000004
1 0.9235653453125 0.44624984375 0.9235653453125 0.5268748140625 0.99528406875 0.5268748140625 0.99528406875 0.44624984375 0.9235653453125 0.44624984375