2 0.3376170234375 0.44033954375000006 0.3376170234375 0.4571678078125 0.35023822187500003 0.4571678078125 0.35023822187500003 0.44033954375000006 0.3376170234375 0.44033954375000006
2 0.323944059375 0.4384697359375 0.323944059375 0.4571678078125 0.334461721875 0.4571678078125 0.334461721875 0.4384697359375 0.323944059375 0.4384697359375
2 0.3039604984375 0.4291207 0.3039604984375 0.447818775 0.3218405265625 0.447818775 0.3218405265625 0.4291207 0.3039604984375 0.4291207
2 0.27451103906249996 0.42351128125 0.27451103906249996 0.470256459375 0.2997534328125 0.470256459375 0.2997534328125 0.42351128125 0.27451103906249996 0.42351128125
2 0.2650451390625 0.432860315625 0.2650451390625 0.4552980015625 0.2776663375 0.4552980015625 0.2776663375 0.432860315625 0.2650451390625 0.432860315625
2 0.2534757109375 0.4309905109375 0.2534757109375 0.45529800312499996 0.2682004390625 0.45529800312499996 0.2682004390625 0.4309905109375 0.2534757109375 0.4309905109375
2 0.2250780140625 0.42725089687500006 0.2250780140625 0.47212626562500004 0.258734540625 0.47212626562500004 0.258734540625 0.42725089687500006 0.2250780140625 0.42725089687500006
2 0.283976934375 0.4347301234375 0.283976934375 0.479605490625 0.32078876093750003 0.479605490625 0.32078876093750003 0.4347301234375 0.283976934375 0.4347301234375
6 0.3512899875 0.3281511265625 0.3512899875 0.5095224015625 0.4564666296875 0.5095224015625 0.4564666296875 0.3281511265625 0.3512899875 0.3281511265625
2 0.1305636515625 0.3702217828125 0.1305636515625 0.5328949875 0.23258499531250001 0.5328949875 0.23258499531250001 0.3702217828125 0.1305636515625 0.3702217828125
2 0.0010517671875 0.25429375 0.0010517671875 0.79466796875 0.1768413765625 0.79466796875 0.1768413765625 0.25429375 0.0010517671875 0.25429375
6 0.5342973468750001 0.33656525625 0.5342973468750001 0.7105266546875 0.9507968515625 0.7105266546875 0.9507968515625 0.33656525625 0.5342973468750001 0.33656525625
4 0.9352115921875 0.43076210625 0.9352115921875 0.58782589375 0.9720234187499999 0.58782589375 0.9720234187499999 0.43076210625 0.9352115921875 0.43076210625
4 0.8962962328125 0.4139338421875 0.8962962328125 0.4569394046875 0.9204868625 0.4569394046875 0.9204868625 0.4139338421875 0.8962962328125 0.4139338421875
4 0.8763126734375 0.3971055796875 0.8763126734375 0.4401111390625 0.8962962328125 0.4401111390625 0.8962962328125 0.3971055796875 0.8763126734375 0.3971055796875