2 0.47215360312500004 0.65671829375 0.47215360312500004 0.680155775 0.4866555453125 0.680155775 0.4866555453125 0.65671829375 0.47215360312500004 0.65671829375
2 0.4642434515625 0.6520307937500001 0.4642434515625 0.68953076875 0.4774270359375 0.68953076875 0.4774270359375 0.6520307937500001 0.4642434515625 0.6520307937500001
2 0.44842315 0.6379683046875 0.44842315 0.68953076875 0.4695168859375 0.68953076875 0.4695168859375 0.6379683046875 0.44842315 0.6379683046875
2 0.4352395640625 0.65437454375 0.4352395640625 0.7012495109375 0.4602883765625 0.7012495109375 0.4602883765625 0.65437454375 0.4352395640625 0.65437454375
2 0.40359896093750003 0.640312053125 0.40359896093750003 0.7106245046875 0.44051299843749997 0.7106245046875 0.44051299843749997 0.640312053125 0.40359896093750003 0.640312053125
2 0.34559118906249997 0.6426558015625 0.34559118906249997 0.7270307421875 0.4115091125 0.7270307421875 0.4115091125 0.6426558015625 0.34559118906249997 0.6426558015625
2 0.5486183921875 0.65437454375 0.5486183921875 0.6965620125 0.5710304890625 0.6965620125 0.5710304890625 0.65437454375 0.5486183921875 0.65437454375
2 0.561801978125 0.6520307937500001 0.561801978125 0.70828075625 0.592124221875 0.70828075625 0.592124221875 0.6520307937500001 0.561801978125 0.6520307937500001
2 0.5815773546874999 0.6590620406250001 0.5815773546874999 0.7199994984375 0.617173034375 0.7199994984375 0.617173034375 0.6590620406250001 0.5815773546874999 0.6590620406250001
2 0.5908058640625 0.65671829375 0.5908058640625 0.7293744921875 0.6290382609375 0.7293744921875 0.6290382609375 0.65671829375 0.5908058640625 0.65671829375
2 0.6105812421875 0.6637495359375001 0.6105812421875 0.74578073125 0.6646339390625 0.74578073125 0.6646339390625 0.6637495359375001 0.6105812421875 0.6637495359375001
2 0.2453959453125 0.65437454375 0.2453959453125 0.7879682 0.3600931328125 0.7879682 0.3600931328125 0.65437454375 0.2453959453125 0.65437454375
2 0.6395851265625 0.6426558015625 0.6395851265625 0.7926556984375 0.762192465625 0.7926556984375 0.762192465625 0.6426558015625 0.6395851265625 0.6426558015625