6 0.057513664062500004 0.3569962953125 0.057513664062500004 0.42804895624999995 0.10138001562500001 0.42804895624999995 0.10138001562500001 0.3569962953125 0.057513664062500004 0.3569962953125
2 0.0253450046875 0.3985880984375 0.0253450046875 0.42284998125 0.0409419296875 0.42284998125 0.0409419296875 0.3985880984375 0.0253450046875 0.3985880984375
2 0.012672503125000002 0.40032108906249997 0.012672503125000002 0.4263159640625 0.029244234375 0.4263159640625 0.029244234375 0.40032108906249997 0.012672503125000002 0.40032108906249997
2 0.177415028125 0.39338912187499997 0.177415028125 0.40898604687500006 0.19203714375 0.40898604687500006 0.19203714375 0.39338912187499997 0.177415028125 0.39338912187499997
2 0.1666921421875 0.39685510625 0.1666921421875 0.41245203124999996 0.17449060624999999 0.41245203124999996 0.17449060624999999 0.39685510625 0.1666921421875 0.39685510625
2 0.1423219453125 0.39685510625 0.1423219453125 0.4141850234375 0.158893678125 0.4141850234375 0.158893678125 0.39685510625 0.1423219453125 0.39685510625
2 0.200810415625 0.395122115625 0.200810415625 0.41245203124999996 0.21543253281250002 0.41245203124999996 0.21543253281250002 0.395122115625 0.200810415625 0.395122115625
2 0.2144577265625 0.39165613125 0.2144577265625 0.41765100468750005 0.2242058046875 0.41765100468750005 0.2242058046875 0.39165613125 0.2144577265625 0.39165613125
6 0.2242058046875 0.3431323625 0.2242058046875 0.428048959375 0.26904696562499997 0.428048959375 0.26904696562499997 0.3431323625 0.2242058046875 0.3431323625
2 0.2495508078125 0.39165613125 0.2495508078125 0.4367139171875 0.26319811875 0.4367139171875 0.26319811875 0.39165613125 0.2495508078125 0.39165613125
2 0.25539965625 0.38645715625 0.25539965625 0.447111865625 0.2748958140625 0.447111865625 0.2748958140625 0.38645715625 0.25539965625 0.38645715625
2 0.26319811875 0.3829911703125 0.26319811875 0.4575098171875 0.291467546875 0.4575098171875 0.291467546875 0.3829911703125 0.26319811875 0.3829911703125
2 0.27392100468749997 0.3604622796875 0.27392100468749997 0.5164315359375 0.3850490984375 0.5164315359375 0.3850490984375 0.3604622796875 0.27392100468749997 0.3604622796875
4 0.1130777109375 0.351797321875 0.1130777109375 0.487678746875 0.1384227140625 0.487678746875 0.1384227140625 0.351797321875 0.1130777109375 0.351797321875