2 0.262776740625 0.38120534375 0.262776740625 0.47347160625000007 0.33106591406249997 0.47347160625000007 0.33106591406249997 0.38120534375 0.262776740625 0.38120534375
2 0.0292277640625 0.3617808671875 0.0292277640625 0.41277011874999997 0.0852248875 0.41277011874999997 0.0852248875 0.3617808671875 0.0292277640625 0.3617808671875
2 0.112335690625 0.3180757953125 0.112335690625 0.57302204375 0.2666692234375 0.57302204375 0.2666692234375 0.3180757953125 0.112335690625 0.3180757953125
2 0.3213005625 0.3107916171875 0.3213005625 0.5584536890625 0.46470782499999996 0.5584536890625 0.46470782499999996 0.3107916171875 0.3213005625 0.3107916171875
3 0.27233722656250003 0.4151981765625 0.27233722656250003 0.49046802031250003 0.30375024375000004 0.49046802031250003 0.30375024375000004 0.4151981765625 0.27233722656250003 0.4151981765625
5 0.27097144375000004 0.3666369859375 0.27097144375000004 0.4151981765625 0.3023844625 0.4151981765625 0.3023844625 0.3666369859375 0.27097144375000004 0.3666369859375
5 0.2750687921875 0.373921165625 0.2750687921875 0.40791399687499996 0.301018678125 0.40791399687499996 0.301018678125 0.373921165625 0.2750687921875 0.373921165625
2 0 0.38201469375 0.0382419375 0.38201469375 0.0382419375 0.33102544375 0 0.33102544375 0 0.38201469375
2 0.535387121875 0.333453503125 0.535387121875 0.4038672296875 0.6146025640625 0.4038672296875 0.6146025640625 0.333453503125 0.535387121875 0.333453503125
5 0.9555362421875 0.280267428125 0.9555362421875 0.5473539749999999 0.9978755296875 0.5473539749999999 0.9978755296875 0.280267428125 0.9555362421875 0.280267428125
0 0.9347422015625 0.35935280625 0.9347422015625 0.57302204375 0.9978755296875 0.57302204375 0.9978755296875 0.35935280625 0.9347422015625 0.35935280625
2 0.5622132359374999 0.196795365625 0.5622132359374999 0.3330199171875 0.6164543328125001 0.3330199171875 0.6164543328125001 0.196795365625 0.5622132359374999 0.196795365625