2 0.1795443984375 0.3911812109375 0.1795443984375 0.43157492187499996 0.20346172812500002 0.43157492187499996 0.20346172812500002 0.3911812109375 0.1795443984375 0.3911812109375
2 0.00016442812499999998 0.39330719531249997 0.00016442812499999998 0.4762206046875 0.0264734890625 0.4762206046875 0.0264734890625 0.39330719531249997 0.00016442812499999998 0.39330719531249997
2 0.237977428125 0.3904725609375 0.237977428125 0.40748043906250003 0.25591542500000003 0.40748043906250003 0.25591542500000003 0.3904725609375 0.237977428125 0.3904725609375
2 0.2272146296875 0.388346575 0.2272146296875 0.4053544546875 0.237977428125 0.4053544546875 0.237977428125 0.388346575 0.2272146296875 0.388346575
2 0.21406009843749998 0.3904725609375 0.21406009843749998 0.4053544546875 0.2260187640625 0.4053544546875 0.2260187640625 0.3904725609375 0.21406009843749998 0.3904725609375
2 0.2571112921875 0.39472453125 0.2571112921875 0.4096064234375 0.2750492890625 0.4096064234375 0.2750492890625 0.39472453125 0.2571112921875 0.39472453125
2 0.36234754062499996 0.3755906578125 0.36234754062499996 0.44149618906250004 0.3778938046875 0.44149618906250004 0.3778938046875 0.3755906578125 0.36234754062499996 0.3755906578125
5 0.3288632796875 0.3819686109375 0.3288632796875 0.46063005312499994 0.35517234062499997 0.46063005312499994 0.35517234062499997 0.3819686109375 0.3288632796875 0.3819686109375
0 0.3360384796875 0.42661429375 0.3360384796875 0.4755119453125 0.3491930109375 0.4755119453125 0.3491930109375 0.42661429375 0.3360384796875 0.42661429375
2 0.3874607375 0.3734646734375 0.3874607375 0.450000128125 0.4018111359375 0.450000128125 0.4018111359375 0.3734646734375 0.3874607375 0.3734646734375
2 0.399419403125 0.3692127046875 0.399419403125 0.43511823437499997 0.41018220000000005 0.43511823437499997 0.41018220000000005 0.3692127046875 0.399419403125 0.3692127046875
5 0.405398734375 0.37133869062499997 0.405398734375 0.4414961875 0.4293160625 0.4414961875 0.4293160625 0.37133869062499997 0.405398734375 0.37133869062499997
0 0.41018220000000005 0.409606415625 0.41018220000000005 0.4457481578125 0.42214086562500003 0.4457481578125 0.42214086562500003 0.409606415625 0.41018220000000005 0.409606415625
5 0.4364912625 0.3181890671875 0.4364912625 0.5392914906249999 0.4867176546875 0.5392914906249999 0.4867176546875 0.3181890671875 0.4364912625 0.3181890671875
0 0.4424705953125 0.4287402796875 0.4424705953125 0.5584253546875 0.4843259234375 0.5584253546875 0.4843259234375 0.4287402796875 0.4424705953125 0.4287402796875
2 0.950315221875 0.36566939375 0.950315221875 0.4677166671875 0.9981498796875 0.4677166671875 0.9981498796875 0.36566939375 0.950315221875 0.36566939375