3 0.3627477890625 0.32987666875 0.3627477890625 0.48372671250000004 0.46310942187500004 0.48372671250000004 0.46310942187500004 0.32987666875 0.3627477890625 0.32987666875
6 0.7389090125 0.3319557234375 0.7389090125 0.38878321875 0.763078021875 0.38878321875 0.763078021875 0.3319557234375 0.7389090125 0.3319557234375
2 0.765611871875 0.364250371875 0.765611871875 0.38504091875 0.7757472625 0.38504091875 0.7757472625 0.364250371875 0.765611871875 0.364250371875
2 0.7757472625 0.362864334375 0.7757472625 0.3864269546875 0.7882215890625 0.3864269546875 0.7882215890625 0.362864334375 0.7757472625 0.362864334375
2 0.785882653125 0.3614782984375 0.785882653125 0.38781299062499996 0.7991366265625001 0.38781299062499996 0.7991366265625001 0.3614782984375 0.785882653125 0.3614782984375
2 0.7921198171875 0.3545481171875 0.7921198171875 0.404445428125 0.824864928125 0.404445428125 0.824864928125 0.3545481171875 0.7921198171875 0.3545481171875
2 0.8053737906249999 0.3656364078125 0.8053737906249999 0.40721749999999995 0.8412374843749999 0.40721749999999995 0.8412374843749999 0.3656364078125 0.8053737906249999 0.3656364078125
2 0.824864928125 0.38365488124999997 0.824864928125 0.41691975625 0.8521525203125 0.41691975625 0.8521525203125 0.38365488124999997 0.824864928125 0.38365488124999997
2 0.704019878125 0.35316208125 0.704019878125 0.3739526265625 0.7453410890625001 0.3739526265625 0.7453410890625001 0.35316208125 0.704019878125 0.35316208125
2 0.70012165 0.3614782984375 0.70012165 0.40583146406250004 0.746120734375 0.40583146406250004 0.746120734375 0.3614782984375 0.70012165 0.3614782984375
4 0.6814101578125 0.3340347796875 0.6814101578125 0.3853181265625 0.6946641312499999 0.3853181265625 0.6946641312499999 0.3340347796875 0.6814101578125 0.3340347796875