2 0.1220946828125 0.5155650406250001 0.1220946828125 0.5935496687499999 0.19910450156249998 0.5935496687499999 0.19910450156249998 0.5155650406250001 0.1220946828125 0.5155650406250001
2 0.3073081734375 0.49823512187499996 0.3073081734375 0.5658217999999999 0.3823683765625 0.5658217999999999 0.3823683765625 0.49823512187499996 0.3073081734375 0.49823512187499996
2 0.42233549843749996 0.49130315625 0.42233549843749996 0.5380939312499999 0.46425223750000005 0.5380939312499999 0.46425223750000005 0.49130315625 0.42233549843749996 0.49130315625
2 0.469126275 0.5103660640625 0.469126275 0.529428971875 0.48179877812500005 0.529428971875 0.48179877812500005 0.5103660640625 0.469126275 0.5103660640625
2 0.33460279375 0.49996811250000006 0.33460279375 0.602214625 0.493496471875 0.602214625 0.493496471875 0.49996811250000006 0.33460279375 0.49996811250000006
2 0.5329761890625 0.5034340953124999 0.5329761890625 0.5363609390625 0.552472346875 0.5363609390625 0.552472346875 0.5034340953124999 0.5329761890625 0.5034340953124999
2 0.562220425 0.5120990562500001 0.562220425 0.529428971875 0.5758677343749999 0.529428971875 0.5758677343749999 0.5120990562500001 0.562220425 0.5120990562500001
2 0.659701209375 0.5051670875000001 0.659701209375 0.5606228265625 0.7055171796875 0.5606228265625 0.7055171796875 0.5051670875000001 0.659701209375 0.5051670875000001
2 0.6070615859374999 0.5017011046875 0.6070615859374999 0.54329290625 0.6382554359375 0.54329290625 0.6382554359375 0.5017011046875 0.6070615859374999 0.5017011046875
2 0.6489783234375001 0.5069000796875 0.6489783234375001 0.5484918828125 0.6713989046875 0.5484918828125 0.6713989046875 0.5069000796875 0.6489783234375001 0.5069000796875
2 0.6353310140625 0.5120990562500001 0.6353310140625 0.5519578671875001 0.6567767859375 0.5519578671875001 0.6567767859375 0.5120990562500001 0.6353310140625 0.5120990562500001
4 0.000243703125 0.5207640140625001 0.000243703125 0.576219746875 0.0099917796875 0.576219746875 0.0099917796875 0.5207640140625001 0.000243703125 0.5207640140625001
2 0.9180252890625 0.47917221249999997 0.9180252890625 0.5623558156249999 0.99795953125 0.5623558156249999 0.99795953125 0.47917221249999997 0.9180252890625 0.47917221249999997
2 0.8712345125000001 0.47917221249999997 0.8712345125000001 0.5415599125 0.9433702937499999 0.5415599125 0.9433702937499999 0.47917221249999997 0.8712345125000001 0.47917221249999997
2 0.8419902765625 0.5051670875000001 0.8419902765625 0.54329290625 0.8761085515625 0.54329290625 0.8761085515625 0.5051670875000001 0.8419902765625 0.5051670875000001