2 0 0.484224428125 0.1169451890625 0.484224428125 0.1169451890625 0.32882861874999997 0 0.32882861874999997 0 0.484224428125
2 0.299960175 0.36767756875 0.299960175 0.416238759375 0.3382021140625 0.416238759375 0.3382021140625 0.36767756875 0.299960175 0.36767756875
2 0.47614624375 0.355537271875 0.47614624375 0.5303575578124999 0.585408921875 0.5303575578124999 0.585408921875 0.355537271875 0.47614624375 0.355537271875
2 0.37371248125 0.37496175 0.37371248125 0.4283790578125 0.41468598593749995 0.4283790578125 0.41468598593749995 0.37496175 0.37371248125 0.37496175
2 0.4228806875 0.3846739875 0.4228806875 0.4162387609375 0.44609900625 0.4162387609375 0.44609900625 0.3846739875 0.4228806875 0.3846739875
2 0.3504941625 0.37496175 0.3504941625 0.404098459375 0.370980915625 0.404098459375 0.370980915625 0.37496175 0.3504941625 0.37496175
2 0.4720488921875 0.345825034375 0.4720488921875 0.4356632328125 0.536240715625 0.4356632328125 0.536240715625 0.345825034375 0.4720488921875 0.345825034375
2 0.4583910578125 0.3822459265625 0.4583910578125 0.41866681874999995 0.473414675 0.41866681874999995 0.473414675 0.3822459265625 0.4583910578125 0.3822459265625
2 0.44746479062500005 0.3871020453125 0.44746479062500005 0.416238759375 0.46112262499999995 0.416238759375 0.46112262499999995 0.3871020453125 0.44746479062500005 0.3871020453125
2 0.22569571875 0.3508545984375 0.22569571875 0.3678510140625 0.2489140375 0.3678510140625 0.2489140375 0.3508545984375 0.22569571875 0.3508545984375
2 0.2816928421875 0.3605668375 0.2816928421875 0.37513519375 0.299448028125 0.37513519375 0.299448028125 0.3605668375 0.2816928421875 0.3605668375
2 0.158772328125 0.3338581828125 0.158772328125 0.35571071875000004 0.188819565625 0.35571071875000004 0.188819565625 0.3338581828125 0.158772328125 0.3338581828125
2 0.14101714375000002 0.338714303125 0.14101714375000002 0.3532826546875 0.161503896875 0.3532826546875 0.161503896875 0.338714303125 0.14101714375000002 0.338714303125
2 0.0536070015625 0.30472146875 0.0536070015625 0.32171788281249997 0.0727279703125 0.32171788281249997 0.0727279703125 0.30472146875 0.0536070015625 0.30472146875
2 0.0713621859375 0.3071495296875 0.0713621859375 0.324145946875 0.0877515890625 0.324145946875 0.0877515890625 0.3071495296875 0.0713621859375 0.3071495296875
2 0.0027315671874999998 0.29622325781250003 0.0027315671874999998 0.3253599734375 0.0300472375 0.3253599734375 0.0300472375 0.29622325781250003 0.0027315671874999998 0.29622325781250003