4 0.235118390625 0.3655101265625 0.235118390625 0.404081546875 0.243826478125 0.404081546875 0.243826478125 0.3655101265625 0.235118390625 0.3655101265625
4 0.2588811390625 0.35999992187499996 0.2588811390625 0.4279590953125 0.2712790953125 0.4279590953125 0.2712790953125 0.35999992187499996 0.2588811390625 0.35999992187499996
4 0.212388803125 0.354489721875 0.212388803125 0.440816234375 0.2330520640625 0.440816234375 0.2330520640625 0.354489721875 0.212388803125 0.354489721875
4 0.294008684375 0.3673468640625 0.294008684375 0.407755015625 0.301240825 0.407755015625 0.301240825 0.3673468640625 0.294008684375 0.3673468640625
4 0.19706294062500002 0.36367339374999996 0.19706294062500002 0.39857134375 0.206361409375 0.39857134375 0.206361409375 0.36367339374999996 0.19706294062500002 0.36367339374999996
4 0.1774328421875 0.36183665781249996 0.1774328421875 0.37836726718749997 0.1867313109375 0.37836726718749997 0.1867313109375 0.36183665781249996 0.1774328421875 0.36183665781249996
4 0.282815471875 0.3710203296875 0.282815471875 0.40959175468750003 0.29314710312500003 0.40959175468750003 0.29314710312500003 0.3710203296875 0.282815471875 0.3710203296875
4 0.328274646875 0.37206989375 0.328274646875 0.40959174843749996 0.34050102031249996 0.40959174843749996 0.34050102031249996 0.37206989375 0.328274646875 0.37206989375
2 0.15221935 0.3746938 0.15221935 0.44816316875 0.2100764796875 0.44816316875 0.2100764796875 0.3746938 0.15221935 0.3746938
2 0.086096915625 0.3673468640625 0.086096915625 0.45918357656250003 0.1687499578125 0.45918357656250003 0.1687499578125 0.3673468640625 0.086096915625 0.3673468640625
2 0.354965303125 0.36918359375 0.354965303125 0.385714203125 0.368396421875 0.385714203125 0.368396421875 0.36918359375 0.354965303125 0.36918359375
2 0.3446336734375 0.37653053124999997 0.3446336734375 0.404081546875 0.3621974453125 0.404081546875 0.3621974453125 0.37653053124999997 0.3446336734375 0.37653053124999997
2 0.32293725 0.36918359375 0.32293725 0.4114284828125 0.342567346875 0.4114284828125 0.342567346875 0.36918359375 0.32293725 0.36918359375
2 0.29607500937500003 0.36918359375 0.29607500937500003 0.4114284828125 0.3260367375 0.4114284828125 0.3260367375 0.36918359375 0.29607500937500003 0.36918359375
2 0.4762881640625 0.37836726718749997 0.4762881640625 0.404081546875 0.490752446875 0.404081546875 0.490752446875 0.37836726718749997 0.4762881640625 0.37836726718749997
2 0.4928187734375 0.38387747031249997 0.4928187734375 0.41142848593750003 0.5062498921875 0.41142848593750003 0.5062498921875 0.38387747031249997 0.4928187734375 0.38387747031249997
2 0.49798458749999996 0.37836726718749997 0.49798458749999996 0.4151019546875 0.521747340625 0.4151019546875 0.521747340625 0.37836726718749997 0.49798458749999996 0.37836726718749997
2 0.00051658125 0.3379591125 0.00051658125 0.4793876484375 0.099700234375 0.4793876484375 0.099700234375 0.3379591125 0.00051658125 0.3379591125
2 0.362369028125 0.37836726718749997 0.362369028125 0.40591828281250003 0.38199912812500003 0.40591828281250003 0.38199912812500003 0.37836726718749997 0.362369028125 0.37836726718749997
2 0.40266238593750003 0.3471427828125 0.40266238593750003 0.49224479375 0.48841491875000004 0.49224479375 0.48841491875000004 0.3471427828125 0.40266238593750003 0.3471427828125
2 0.5173434828125 0.38204073437499997 0.5173434828125 0.42979582812499995 0.5473052125 0.42979582812499995 0.5473052125 0.38204073437499997 0.5173434828125 0.38204073437499997
6 0.5432559234375 0.00086096875 0.5432559234375 0.696983271875 0.9978476625000001 0.696983271875 0.9978476625000001 0.00086096875 0.5432559234375 0.00086096875