2 0.3503921546875 0.42227486093750005 0.3503921546875 0.468341209375 0.3863814890625 0.468341209375 0.3863814890625 0.42227486093750005 0.3503921546875 0.42227486093750005
2 0.4259697578125 0.42995258593749996 0.4259697578125 0.45682462187499995 0.44756335625 0.45682462187499995 0.44756335625 0.42995258593749996 0.4259697578125 0.42995258593749996
2 0.3993376484375 0.424834103125 0.3993376484375 0.459383865625 0.4245301828125 0.459383865625 0.4245301828125 0.424834103125 0.3993376484375 0.424834103125
2 0.28849049843749996 0.42739334375000004 0.28849049843749996 0.45810424375 0.329518340625 0.45810424375 0.329518340625 0.42739334375000004 0.28849049843749996 0.42739334375000004
2 0.2085941734375 0.42739334375000004 0.2085941734375 0.50161135 0.2823099828125 0.50161135 0.2823099828125 0.42739334375000004 0.2085941734375 0.42739334375000004
2 0.19491822812499998 0.42739334375000004 0.19491822812499998 0.4657819671875 0.22658884218750003 0.4657819671875 0.22658884218750003 0.42739334375000004 0.19491822812499998 0.42739334375000004
2 0.1553299609375 0.43763030937499997 0.1553299609375 0.45426538125000004 0.181962065625 0.45426538125000004 0.181962065625 0.43763030937499997 0.1553299609375 0.43763030937499997
2 0.07327427656249999 0.42995258593749996 0.07327427656249999 0.45682462187499995 0.093428303125 0.45682462187499995 0.093428303125 0.42995258593749996 0.07327427656249999 0.42995258593749996
2 0.5388878 0.4308056609375 0.5388878 0.4461611109375 0.5511241734375 0.4461611109375 0.5511241734375 0.4308056609375 0.5388878 0.4308056609375
2 0.5295305734375 0.4269668015625 0.5295305734375 0.44616111406250003 0.5381680125 0.44616111406250003 0.5381680125 0.4269668015625 0.5295305734375 0.4269668015625
2 0.5223327046875 0.42568718125 0.5223327046875 0.44616111406250003 0.5280909984375 0.44616111406250003 0.5280909984375 0.42568718125 0.5223327046875 0.42568718125
2 0.507936971875 0.4244075578125 0.507936971875 0.44999997656249996 0.524492065625 0.44999997656249996 0.524492065625 0.4244075578125 0.507936971875 0.4244075578125
2 0.46618934218749997 0.4269668015625 0.46618934218749997 0.45127959687499997 0.4791455046875 0.45127959687499997 0.4791455046875 0.4269668015625 0.46618934218749997 0.4269668015625
2 0.552563746875 0.4077724890625 0.552563746875 0.45511845781250004 0.5669594796874999 0.45511845781250004 0.5669594796874999 0.4077724890625 0.552563746875 0.4077724890625
2 0.5648001203125 0.39497628125 0.5648001203125 0.46151656093750004 0.602948815625 0.46151656093750004 0.602948815625 0.39497628125 0.5648001203125 0.39497628125
2 0.47626635781250004 0.412890971875 0.47626635781250004 0.46151656093750004 0.507936971875 0.46151656093750004 0.507936971875 0.412890971875 0.47626635781250004 0.412890971875
2 0.5935915890625 0.393696659375 0.5935915890625 0.502464425 0.6763670578125 0.502464425 0.6763670578125 0.393696659375 0.5935915890625 0.393696659375
2 0.6648504703125 0.41545021406249993 0.6648504703125 0.4410426296875 0.6842847125 0.4410426296875 0.6842847125 0.41545021406249993 0.6648504703125 0.41545021406249993
2 0.7615343218749999 0.3877251 0.7615343218749999 0.42355448124999995 0.7867268562499999 0.42355448124999995 0.7867268562499999 0.3877251 0.7615343218749999 0.3877251
2 0.7766498421875 0.39412320312500004 0.7766498421875 0.43507106875 0.8342327781250001 0.43507106875 0.8342327781250001 0.39412320312500004 0.7766498421875 0.39412320312500004
2 0.8426123328124999 0.2967185484375 0.8426123328124999 0.70218701875 0.999303846875 0.70218701875 0.999303846875 0.2967185484375 0.8426123328124999 0.2967185484375
2 0.0001812703125 0.4279684578125 0.0001812703125 0.4514059421875 0.0410503828125 0.4514059421875 0.0410503828125 0.4279684578125 0.0001812703125 0.4279684578125