2 0.155677334375 0.42412714375 0.155677334375 0.5183776234375 0.25391266562500003 0.5183776234375 0.25391266562500003 0.42412714375 0.155677334375 0.42412714375
2 0.394248853125 0.4047226359375 0.394248853125 0.5169915875 0.47455233906250005 0.5169915875 0.47455233906250005 0.4047226359375 0.394248853125 0.4047226359375
2 0.5182124859374999 0.422741109375 0.5182124859374999 0.46155012968750003 0.5439407875 0.46155012968750003 0.5439407875 0.422741109375 0.5182124859374999 0.422741109375
2 0.5642115703125 0.42135507343749995 0.5642115703125 0.44907580312500006 0.5821434156249999 0.44907580312500006 0.5821434156249999 0.42135507343749995 0.5642115703125 0.42135507343749995
2 0.316284303125 0.42412714375 0.316284303125 0.4989731125 0.3825541703125 0.4989731125 0.3825541703125 0.42412714375 0.316284303125 0.42412714375
2 0.31372934531249996 0.429671290625 0.31372934531249996 0.46848031093750003 0.333220484375 0.46848031093750003 0.333220484375 0.429671290625 0.31372934531249996 0.429671290625
2 0.373762046875 0.422741109375 0.373762046875 0.47679653125000004 0.40338857343749995 0.47679653125000004 0.40338857343749995 0.422741109375 0.373762046875 0.422741109375
2 0.28098423437500003 0.41442489218749995 0.28098423437500003 0.47679653125000004 0.323085090625 0.47679653125000004 0.323085090625 0.41442489218749995 0.28098423437500003 0.41442489218749995
2 0.4913325859375 0.4158109296875 0.4913325859375 0.451847875 0.5084847859375 0.451847875 0.5084847859375 0.4158109296875 0.4913325859375 0.4158109296875
2 0.4710618015625 0.41858300000000004 0.4710618015625 0.45877805625 0.499129040625 0.45877805625 0.499129040625 0.41858300000000004 0.4710618015625 0.41858300000000004
2 0.5560431593749999 0.41858300000000004 0.5560431593749999 0.43382940000000003 0.5646192609375 0.43382940000000003 0.5646192609375 0.41858300000000004 0.5560431593749999 0.41858300000000004
2 0.4659161453125 0.422741109375 0.4659161453125 0.44768976875 0.4737126015625 0.44768976875 0.4737126015625 0.422741109375 0.4659161453125 0.422741109375