4 0.0450054578125 0.6098433234375 0.0450054578125 0.6824995234375 0.06346247656250001 0.6824995234375 0.06346247656250001 0.6098433234375 0.0450054578125 0.6098433234375
4 0.0845562125 0.6145308203125001 0.0845562125 0.6778120249999999 0.10169487343750001 0.6778120249999999 0.10169487343750001 0.6145308203125001 0.0845562125 0.6145308203125001
2 0.05818904375 0.6192183171875 0.05818904375 0.680155775 0.16497607812499998 0.680155775 0.16497607812499998 0.6192183171875 0.05818904375 0.6192183171875
2 0.23880415312499997 0.605155828125 0.23880415312499997 0.6473433015625 0.27703655 0.6473433015625 0.27703655 0.605155828125 0.23880415312499997 0.605155828125
2 0.2625346046875 0.6028120796875001 0.2625346046875 0.6754682796875 0.3297708890625 0.6754682796875 0.3297708890625 0.6028120796875001 0.2625346046875 0.6028120796875001
2 0.47479031875000005 0.5746870984375 0.47479031875000005 0.5934370859375 0.49061062031249997 0.5934370859375 0.49061062031249997 0.5746870984375 0.47479031875000005 0.5746870984375
2 0.46688016875000005 0.5887495890625 0.46688016875000005 0.6215620656249999 0.48797390468749996 0.6215620656249999 0.48797390468749996 0.5887495890625 0.46688016875000005 0.5887495890625
2 0.551255109375 0.5770308453124999 0.551255109375 0.6074995750000001 0.5631203375 0.6074995750000001 0.5631203375 0.5770308453124999 0.551255109375 0.5770308453124999
2 0.48138211093749994 0.5864058421875 0.48138211093749994 0.6614057875 0.5327980906249999 0.6614057875 0.5327980906249999 0.5864058421875 0.48138211093749994 0.5864058421875
2 0.5354348078125 0.58171834375 0.5354348078125 0.6239058140625 0.56048361875 0.6239058140625 0.56048361875 0.58171834375 0.5354348078125 0.58171834375
2 0.42732941562500004 0.58171834375 0.42732941562500004 0.6028120796875001 0.43919464062499997 0.6028120796875001 0.43919464062499997 0.58171834375 0.42732941562500004 0.58171834375