4 0.6591974390625001 0.508728715625 0.6591974390625001 0.5438134546875 0.6737843 0.5438134546875 0.6737843 0.508728715625 0.6591974390625001 0.508728715625
4 0.6737843 0.514830409375 0.6737843 0.5666948078125 0.6883711625 0.5666948078125 0.6883711625 0.514830409375 0.6737843 0.514830409375
4 0.8213690187499999 0.5011016015624999 0.8213690187499999 0.577372771875 0.83853003125 0.577372771875 0.83853003125 0.5011016015624999 0.8213690187499999 0.5011016015624999
4 0.83037855 0.4980507546875 0.83037855 0.5972032796875 0.85182981875 0.5972032796875 0.85182981875 0.4980507546875 0.83037855 0.4980507546875
0 0.6438812265625 0.5354236265625001 0.6438812265625 0.57813548125 0.676487153125 0.57813548125 0.676487153125 0.5354236265625001 0.6438812265625 0.5354236265625001
3 0.7467952203125 0.5251815078125001 0.7467952203125 0.5999272578125 0.8145812250000001 0.5999272578125 0.8145812250000001 0.5251815078125001 0.7467952203125 0.5251815078125001
2 0.327989875 0.49347448125 0.327989875 0.5377117609375001 0.3520152921875 0.5377117609375001 0.3520152921875 0.49347448125 0.327989875 0.49347448125
2 0.410362740625 0.5011016015624999 0.410362740625 0.5178812578125 0.4223754484375 0.5178812578125 0.4223754484375 0.5011016015624999 0.410362740625 0.5011016015624999
2 0.41894324687499995 0.50567786875 0.41894324687499995 0.52093210625 0.4292398546875 0.52093210625 0.4292398546875 0.50567786875 0.41894324687499995 0.50567786875
2 0.3889114734375 0.5041524484375 0.3889114734375 0.5224575312499999 0.39920808281250003 0.5224575312499999 0.39920808281250003 0.5041524484375 0.3889114734375 0.5041524484375
2 0.4318140078125 0.513304984375 0.4318140078125 0.53008464375 0.441252565625 0.53008464375 0.441252565625 0.513304984375 0.4318140078125 0.513304984375
2 0.4378203625 0.516355834375 0.4378203625 0.5361863390625 0.44897502187500005 0.5361863390625 0.44897502187500005 0.516355834375 0.4378203625 0.516355834375
2 0.44039451406249996 0.5072032937500001 0.44039451406249996 0.52398295 0.45326527499999997 0.52398295 0.45326527499999997 0.5072032937500001 0.44039451406249996 0.5072032937500001
2 0.49359365625 0.513304984375 0.49359365625 0.569745653125 0.5330639875000001 0.569745653125 0.5330639875000001 0.513304984375 0.49359365625 0.513304984375
2 0.39333043437500004 0.509491428125 0.39333043437500004 0.5338982015625 0.408775346875 0.5338982015625 0.408775346875 0.509491428125 0.39333043437500004 0.509491428125
2 0.41392365 0.50796600625 0.41392365 0.539999896875 0.43365881718750005 0.539999896875 0.43365881718750005 0.50796600625 0.41392365 0.50796600625
2 0.4413812734375 0.50644058125 0.4413812734375 0.5827117515625 0.497154565625 0.5827117515625 0.497154565625 0.50644058125 0.4413812734375 0.50644058125
1 0 0.6145277296875 0.1704303046875 0.6145277296875 0.1704303046875 0.35825659375 0 0.35825659375 0 0.6145277296875