4 0.38204457812500003 0.4285716203125 0.38204457812500003 0.474490009375 0.3923762125 0.474490009375 0.3923762125 0.4285716203125 0.38204457812500003 0.4285716203125
4 0.40615173125000004 0.4438777515625 0.40615173125000004 0.4775512375 0.413039490625 0.4775512375 0.413039490625 0.4438777515625 0.40615173125000004 0.4438777515625
4 0.8791685265625 0.41326549375 0.8791685265625 0.5433675921875001 0.9084414984375 0.5433675921875001 0.9084414984375 0.41326549375 0.8791685265625 0.41326549375
5 0.4147614296875 0.4423471390625 0.4147614296875 0.468367559375 0.42681500781250004 0.468367559375 0.42681500781250004 0.4423471390625 0.4147614296875 0.4423471390625
5 0.4371466421875 0.407143040625 0.4371466421875 0.50051043125 0.46469767500000003 0.50051043125 0.46469767500000003 0.407143040625 0.4371466421875 0.407143040625
3 0.4147614296875 0.45918387968749996 0.4147614296875 0.48673491249999995 0.42681500781250004 0.48673491249999995 0.42681500781250004 0.45918387968749996 0.4147614296875 0.45918387968749996
3 0.4371466421875 0.46224510625 0.4371466421875 0.5173471734375 0.466419615625 0.5173471734375 0.466419615625 0.46224510625 0.4371466421875 0.46224510625
2 0.48616093125 0.46326551718750003 0.48616093125 0.47551041875 0.49477063125000004 0.47551041875 0.49477063125000004 0.46326551718750003 0.48616093125 0.46326551718750003
2 0.49304869062499995 0.4586736765625 0.49304869062499995 0.47857164374999994 0.503380328125 0.47857164374999994 0.503380328125 0.4586736765625 0.49304869062499995 0.4586736765625
2 0.5016583890625 0.43265325624999995 0.5016583890625 0.490816546875 0.5360971796875 0.490816546875 0.5360971796875 0.43265325624999995 0.5016583890625 0.43265325624999995
2 0.5111290562499999 0.43571448281249997 0.5111290562499999 0.501530840625 0.53781911875 0.501530840625 0.53781911875 0.43571448281249997 0.5111290562499999 0.43571448281249997
2 0.6910717390625 0.45714306406249994 0.6910717390625 0.5122451328125 0.723788590625 0.5122451328125 0.723788590625 0.45714306406249994 0.6910717390625 0.45714306406249994
2 0.459183878125 0.42959203125 0.459183878125 0.48775532187500004 0.48845685000000005 0.48775532187500004 0.48845685000000005 0.42959203125 0.459183878125 0.42959203125
2 0.13890311875 0.398979771875 0.13890311875 0.4586736765625 0.194005184375 0.4586736765625 0.194005184375 0.398979771875 0.13890311875 0.398979771875
2 0.20605876250000002 0.38673486874999996 0.20605876250000002 0.582653325 0.3748088390625 0.582653325 0.3748088390625 0.38673486874999996 0.20605876250000002 0.38673486874999996
2 0.530644365625 0.4066328375 0.530644365625 0.5275512609375 0.6038267984375 0.5275512609375 0.6038267984375 0.4066328375 0.530644365625 0.4066328375
2 0.6127234921875 0.42653080625 0.6127234921875 0.5244900328125001 0.6833230140625 0.5244900328125001 0.6833230140625 0.42653080625 0.6127234921875 0.42653080625