2 0.5103093609375 0.4335788625 0.5103093609375 0.4500737109375 0.5242268906249999 0.4500737109375 0.5242268906249999 0.4335788625 0.5103093609375 0.4335788625
2 0.405927903125 0.41855676875 0.405927903125 0.5175258578124999 0.472036159375 0.5175258578124999 0.472036159375 0.41855676875 0.405927903125 0.41855676875
2 0 0.6415317640625 0.36417531875 0.6415317640625 0.36417531875 0.060088367187500005 0 0.060088367187500005 0 0.6415317640625
5 0.6668815515625 0.43151700625 0.6668815515625 0.466568559375 0.6865980515625 0.466568559375 0.6865980515625 0.43151700625 0.6668815515625 0.43151700625
3 0.6552836125 0.46038298906249997 0.6552836125 0.495434540625 0.70515475625 0.495434540625 0.70515475625 0.46038298906249997 0.6552836125 0.46038298906249997
5 0.553221740625 0.3511046203125 0.553221740625 0.579970640625 0.6355671140625 0.579970640625 0.6355671140625 0.3511046203125 0.553221740625 0.3511046203125
5 0.5590207109375 0.4335788625 0.5590207109375 0.65832116875 0.62744855625 0.65832116875 0.62744855625 0.4335788625 0.5590207109375 0.4335788625
0 0.554381534375 0.46244484375 0.554381534375 0.73254798125 0.6262887640625 0.73254798125 0.6262887640625 0.46244484375 0.554381534375 0.46244484375
0 0.6309279390625 0.46421214375000003 0.6309279390625 0.5755523671875 0.7086341375 0.5755523671875 0.7086341375 0.46421214375000003 0.6309279390625 0.46421214375000003
2 0.7348123609375 0.45213556875 0.7348123609375 0.5284242375 0.768446384375 0.5284242375 0.768446384375 0.45213556875 0.7348123609375 0.45213556875
4 0.77424535625 0.36347575625 0.77424535625 0.59440363125 0.8368742328125001 0.59440363125 0.8368742328125001 0.36347575625 0.77424535625 0.36347575625
3 0.9563330156250001 0.5511046546875 0.9563330156250001 0.8335789281249999 0.9980855999999999 0.8335789281249999 0.9980855999999999 0.5511046546875 0.9563330156250001 0.5511046546875
4 0.8519515546875001 0.37172318125000003 0.8519515546875001 0.602651053125 0.89138455 0.602651053125 0.89138455 0.37172318125000003 0.8519515546875001 0.37172318125000003