2 0.0001812703125 0.43151494062499995 0.0001812703125 0.7798462765624999 0.056538853124999996 0.7798462765624999 0.056538853124999996 0.43151494062499995 0.0001812703125 0.43151494062499995
2 0.22225618906250003 0.507766578125 0.22225618906250003 0.6412069406249999 0.3450819765625 0.6412069406249999 0.3450819765625 0.507766578125 0.22225618906250003 0.507766578125
2 0.096505978125 0.4887036671875 0.096505978125 0.6308089906250001 0.245651578125 0.6308089906250001 0.245651578125 0.4887036671875 0.096505978125 0.4887036671875
2 0.368477365625 0.51296555 0.368477365625 0.5822852171874999 0.428915453125 0.5822852171874999 0.428915453125 0.51296555 0.368477365625 0.51296555
2 0.540043546875 0.507766578125 0.540043546875 0.5718872687500001 0.581960284375 0.5718872687500001 0.581960284375 0.507766578125 0.540043546875 0.507766578125
2 0.719408190625 0.47310674218750004 0.719408190625 0.9531454453125001 0.9991780421875 0.9531454453125001 0.9991780421875 0.47310674218750004 0.719408190625 0.47310674218750004
2 0.346056784375 0.516431534375 0.346056784375 0.5632223109375001 0.38602390625 0.5632223109375001 0.38602390625 0.516431534375 0.346056784375 0.516431534375
2 0.42501622031249997 0.50949956875 0.42501622031249997 0.5649553046875 0.4640085328125 0.5649553046875 0.4640085328125 0.50949956875 0.42501622031249997 0.50949956875
2 0.46205891875000005 0.516431534375 0.46205891875000005 0.558023334375 0.4825298828125 0.558023334375 0.4825298828125 0.516431534375 0.46205891875000005 0.516431534375
2 0.49130315468749997 0.511232559375 0.49130315468749997 0.542426409375 0.5117741171875 0.542426409375 0.5117741171875 0.511232559375 0.49130315468749997 0.511232559375
2 0.5127489265625 0.50949956875 0.5127489265625 0.53029546875 0.5234718140625 0.53029546875 0.5234718140625 0.50949956875 0.5127489265625 0.50949956875
2 0.524446621875 0.50949956875 0.524446621875 0.53029546875 0.5332198921875 0.53029546875 0.5332198921875 0.50949956875 0.524446621875 0.50949956875
2 0.6745670296874999 0.54069341875 0.6745670296874999 0.6013481296875 0.70186165 0.6013481296875 0.70186165 0.54069341875 0.6745670296874999 0.54069341875
2 0.6579952953125 0.5320284609375 0.6579952953125 0.5822852203125 0.6921135703125 0.5822852203125 0.6921135703125 0.5320284609375 0.6579952953125 0.5320284609375
2 0.60633048125 0.53029546875 0.60633048125 0.5597563265625001 0.62972586875 0.5597563265625001 0.62972586875 0.53029546875 0.60633048125 0.53029546875
2 0.5946327859375 0.5320284609375 0.5946327859375 0.5510913703125 0.609254903125 0.5510913703125 0.609254903125 0.5320284609375 0.5946327859375 0.5320284609375
2 0.58780913125 0.5233635015625 0.58780913125 0.542426409375 0.5985320171875 0.542426409375 0.5985320171875 0.5233635015625 0.58780913125 0.5233635015625
2 0.481555075 0.51469854375 0.481555075 0.53549444375 0.49617719375 0.53549444375 0.49617719375 0.51469854375 0.481555075 0.51469854375
6 0.1267250203125 0.46097580000000005 0.1267250203125 0.5025676 0.16864175625 0.5025676 0.16864175625 0.46097580000000005 0.1267250203125 0.46097580000000005
2 0.2427271546875 0.49563563281249995 0.2427271546875 0.51989751875 0.2856187 0.51989751875 0.2856187 0.49563563281249995 0.2427271546875 0.49563563281249995
2 0.3275354359375 0.49563563281249995 0.3275354359375 0.5320284609375 0.349956015625 0.5320284609375 0.349956015625 0.49563563281249995 0.3275354359375 0.49563563281249995
2 0.34995601718749997 0.5025676 0.34995601718749997 0.51469854375 0.36262851875 0.51469854375 0.36262851875 0.5025676 0.34995601718749997 0.5025676