2 0.487973903125 0.42703094999999996 0.487973903125 0.45046843281250004 0.4998391296875 0.45046843281250004 0.4998391296875 0.42703094999999996 0.487973903125 0.42703094999999996
2 0.48270046874999994 0.4317184453125 0.48270046874999994 0.47390591562499995 0.495884053125 0.47390591562499995 0.495884053125 0.4317184453125 0.48270046874999994 0.4317184453125
2 0.4563333015625 0.41999970624999994 0.4563333015625 0.4785934140625 0.48929226249999996 0.4785934140625 0.48929226249999996 0.41999970624999994 0.4563333015625 0.41999970624999994
2 0.42732941249999995 0.42703094999999996 0.42732941249999995 0.49031215625 0.46819852656250005 0.49031215625 0.46819852656250005 0.42703094999999996 0.42732941249999995 0.42703094999999996
2 0.3785501515625 0.389530975 0.3785501515625 0.5184371359375 0.43128448906249994 0.5184371359375 0.43128448906249994 0.389530975 0.3785501515625 0.389530975
2 0.617173034375 0.4434371875 0.617173034375 0.49031215625 0.6369484109375 0.49031215625 0.6369484109375 0.4434371875 0.617173034375 0.4434371875
2 0.6211281093750001 0.4457809359375 0.6211281093750001 0.5020308984375 0.6461769187499999 0.5020308984375 0.6461769187499999 0.4457809359375 0.6211281093750001 0.4457809359375
2 0.6356300515625 0.42703094999999996 0.6356300515625 0.5137496421875001 0.6936378234375 0.5137496421875001 0.6936378234375 0.42703094999999996 0.6356300515625 0.42703094999999996
2 0.6567237875 0.4317184453125 0.6567237875 0.5301558796875 0.70550305 0.5301558796875 0.70550305 0.4317184453125 0.6567237875 0.4317184453125
2 0.6830909578125001 0.39890596875 0.6830909578125001 0.565312103125 0.8162451640624999 0.565312103125 0.8162451640624999 0.39890596875 0.6830909578125001 0.39890596875
6 0.5552101859375 0.422343453125 0.5552101859375 0.46453092187499995 0.576303921875 0.46453092187499995 0.576303921875 0.422343453125 0.5552101859375 0.422343453125
2 0.5367531671875 0.43640594374999997 0.5367531671875 0.45749967968750005 0.551255109375 0.45749967968750005 0.551255109375 0.43640594374999997 0.5367531671875 0.43640594374999997
2 0.5697121296875001 0.43406219375 0.5697121296875001 0.5043746453125 0.6198097515625001 0.5043746453125 0.6198097515625001 0.43406219375 0.5697121296875001 0.43406219375
2 0.49720241249999997 0.42703094999999996 0.49720241249999997 0.4785934140625 0.5275246578125 0.4785934140625 0.5275246578125 0.42703094999999996 0.49720241249999997 0.42703094999999996
2 0.2625346046875 0.38015598125 0.2625346046875 0.537187125 0.39305209375 0.537187125 0.39305209375 0.38015598125 0.2625346046875 0.38015598125
2 0 0.6707807828125001 0.19266160625 0.6707807828125001 0.19266160625 0.356718496875 0 0.356718496875 0 0.6707807828125001
2 0.770102615625 0.41765595624999996 0.770102615625 0.661405790625 0.9994969890625001 0.661405790625 0.9994969890625001 0.41765595624999996 0.770102615625 0.41765595624999996