2 0.43994040781250005 0.44036546875000004 0.43994040781250005 0.467569515625 0.46098103593750006 0.467569515625 0.46098103593750006 0.44036546875000004 0.43994040781250005 0.44036546875000004
2 0.473414134375 0.4539674921875 0.473414134375 0.47267027031250003 0.496367546875 0.47267027031250003 0.496367546875 0.4539674921875 0.473414134375 0.4539674921875
2 0.42750730781249996 0.4199624359375 0.42750730781249996 0.47777103125 0.4418531921875 0.47777103125 0.4418531921875 0.4199624359375 0.42750730781249996 0.4199624359375
2 0.3902080125 0.413161425 0.3902080125 0.49307330625 0.431332878125 0.49307330625 0.431332878125 0.413161425 0.3902080125 0.413161425
2 0.3806440921875 0.4199624359375 0.3806440921875 0.5066753281249999 0.41698699375 0.5066753281249999 0.41698699375 0.4199624359375 0.3806440921875 0.4199624359375
2 0.350039540625 0.413161425 0.350039540625 0.52027735 0.3959463671875 0.52027735 0.3959463671875 0.413161425 0.350039540625 0.413161425
2 0.3050891078125 0.399559403125 0.3050891078125 0.5406803859375 0.370123778125 0.5406803859375 0.370123778125 0.399559403125 0.3050891078125 0.399559403125
2 0.19319122187499999 0.39445864375 0.19319122187499999 0.5814864531249999 0.3404756203125 0.5814864531249999 0.3404756203125 0.39445864375 0.19319122187499999 0.39445864375
2 0.5499255078124999 0.430163953125 0.5499255078124999 0.45566774375 0.5680969609375001 0.45566774375 0.5680969609375001 0.430163953125 0.5499255078124999 0.430163953125
2 0.5566202546875 0.43186420625000005 0.5566202546875 0.5032748203125 0.59774511875 0.5032748203125 0.59774511875 0.43186420625000005 0.5566202546875 0.43186420625000005
2 0.5623586078125 0.4386652171875 0.5623586078125 0.5185770953125 0.5967887265625 0.5185770953125 0.5967887265625 0.4386652171875 0.5623586078125 0.4386652171875
2 0.58148645 0.4182621828125 0.58148645 0.53727988125 0.6675617468749999 0.53727988125 0.6675617468749999 0.4182621828125 0.58148645 0.4182621828125
2 0.614960178125 0.4386652171875 0.614960178125 0.5712849359375001 0.7134685734375 0.5712849359375001 0.7134685734375 0.4386652171875 0.614960178125 0.4386652171875
2 0.6731088390625 0.4369649640625 0.6731088390625 0.6358945421875 0.86247449375 0.6358945421875 0.86247449375 0.4369649640625 0.6731088390625 0.4369649640625
2 0 0.7319588234375 0.24674918437499999 0.7319588234375 0.24674918437499999 0.3443011875 0 0.3443011875 0 0.7319588234375
2 0.792370928125 0.4157118046875 0.792370928125 0.769364384375 0.999908034375 0.769364384375 0.999908034375 0.4157118046875 0.792370928125 0.4157118046875
2 0.4925419765625 0.4293138265625 0.4925419765625 0.5211274765625 0.5594894312500001 0.5211274765625 0.5594894312500001 0.4293138265625 0.4925419765625 0.4293138265625
2 0.18171451562500002 0.403810034375 0.18171451562500002 0.4225128140625 0.2065807125 0.4225128140625 0.2065807125 0.403810034375 0.18171451562500002 0.403810034375