4 0.7706357109375 0.37874986875 0.7706357109375 0.5118748203125 0.8096591359374999 0.5118748203125 0.8096591359374999 0.37874986875 0.7706357109375 0.37874986875
4 0.75059665625 0.37874986875 0.75059665625 0.46124983906250006 0.775909146875 0.46124983906250006 0.775909146875 0.37874986875 0.75059665625 0.37874986875
4 0.6377451328125 0.4049998578125 0.6377451328125 0.43874984531249994 0.6461826296875001 0.43874984531249994 0.6461826296875001 0.4049998578125 0.6377451328125 0.4049998578125
4 0.6271982609375 0.40687485624999997 0.6271982609375 0.4368748453125 0.6366904453125 0.4368748453125 0.6366904453125 0.40687485624999997 0.6271982609375 0.40687485624999997
2 0.49641705625 0.4049998578125 0.49641705625 0.45187484062500005 0.5101279890625 0.45187484062500005 0.5101279890625 0.4049998578125 0.49641705625 0.4049998578125
6 0.4795420640625 0.3806248671875 0.4795420640625 0.41437485625 0.5059092421875 0.41437485625 0.5059092421875 0.3806248671875 0.4795420640625 0.3806248671875
2 0.506963928125 0.4031248578125 0.506963928125 0.47437483281250004 0.5502061015625 0.47437483281250004 0.5502061015625 0.4031248578125 0.506963928125 0.4031248578125
2 0.5217295484375 0.41249985625 0.5217295484375 0.48187483125 0.5596982859375 0.48187483125 0.5596982859375 0.41249985625 0.5217295484375 0.41249985625
2 0.53544048125 0.41437485625 0.53544048125 0.4968748265625 0.579737340625 0.4968748265625 0.579737340625 0.41437485625 0.53544048125 0.41437485625
2 0.5586435984375 0.41062485625 0.5586435984375 0.5249998171875 0.64301856875 0.5249998171875 0.64301856875 0.41062485625 0.5586435984375 0.41062485625
2 0.6198154515625001 0.4031248578125 0.6198154515625001 0.599999790625 0.795948203125 0.599999790625 0.795948203125 0.4031248578125 0.6198154515625001 0.4031248578125
2 0.3983311546875 0.401249859375 0.3983311546875 0.43874984531249994 0.4236436453125 0.43874984531249994 0.4236436453125 0.401249859375 0.3983311546875 0.401249859375
2 0.35508898125 0.4031248578125 0.35508898125 0.4724998328125 0.40571396562500006 0.4724998328125 0.40571396562500006 0.4031248578125 0.35508898125 0.4031248578125
2 0.3160655578125 0.39187486250000003 0.3160655578125 0.5099998203125 0.365635853125 0.5099998203125 0.365635853125 0.39187486250000003 0.3160655578125 0.39187486250000003
2 0.23590933593750002 0.3524998765625 0.23590933593750002 0.5324998140625 0.3382139875 0.5324998140625 0.3382139875 0.3524998765625 0.23590933593750002 0.3524998765625
2 0.0239172234375 0.3243748859375 0.0239172234375 0.6074997875 0.2833702578125 0.6074997875 0.2833702578125 0.3243748859375 0.0239172234375 0.3243748859375
2 0.40676864999999995 0.3937498625 0.40676864999999995 0.5418748109375 0.5143467390625001 0.5418748109375 0.5143467390625001 0.3937498625 0.40676864999999995 0.3937498625
2 0.769581025 0.3487498765625 0.769581025 0.772499728125 0.99844813125 0.772499728125 0.99844813125 0.3487498765625 0.769581025 0.3487498765625