2 0.4872489296875 0.2846817578125 0.4872489296875 0.3258621359375 0.5043701203125 0.3258621359375 0.5043701203125 0.2846817578125 0.4872489296875 0.2846817578125
2 0.47516338437499994 0.2972149171875 0.47516338437499994 0.33481439375 0.49228457499999995 0.33481439375 0.49228457499999995 0.2972149171875 0.47516338437499994 0.2972149171875
2 0.45904932187499997 0.304376721875 0.45904932187499997 0.354509359375 0.49228457499999995 0.354509359375 0.49228457499999995 0.304376721875 0.45904932187499997 0.304376721875
2 0.4318568421875 0.2918435640625 0.4318568421875 0.36883296875 0.46509209531250006 0.36883296875 0.46509209531250006 0.2918435640625 0.4318568421875 0.2918435640625
2 0.3694148546875 0.2846817578125 0.3694148546875 0.40285154375000004 0.43890674531249996 0.40285154375000004 0.43890674531249996 0.2846817578125 0.3694148546875 0.2846817578125
2 0.27172335468750003 0.3097480765625 0.27172335468750003 0.4619364375 0.40164297812500005 0.4619364375 0.40164297812500005 0.3097480765625 0.27172335468750003 0.3097480765625
2 0.0763403546875 0.2757295015625 0.0763403546875 0.390318384375 0.20021720625 0.390318384375 0.20021720625 0.2757295015625 0.0763403546875 0.2757295015625
2 0.0038270781249999998 0.24887273125 0.0038270781249999998 0.38673748125 0.12166115468750001 0.38673748125 0.12166115468750001 0.24887273125 0.0038270781249999998 0.24887273125
2 0.0018128203125 0.28289130625 0.0018128203125 0.44045102187499996 0.10453996406249999 0.44045102187499996 0.10453996406249999 0.28289130625 0.0018128203125 0.28289130625
2 0.5043701203125 0.2900531125 0.5043701203125 0.36167116250000003 0.5496909203125 0.36167116250000003 0.5496909203125 0.2900531125 0.5043701203125 0.2900531125
6 0.55069805 0.28289130625 0.55069805 0.304376721875 0.580911915625 0.304376721875 0.580911915625 0.28289130625 0.55069805 0.28289130625
2 0.5517051765625001 0.3061671734375 0.5517051765625001 0.34913800625 0.580911915625 0.34913800625 0.580911915625 0.3061671734375 0.5517051765625001 0.3061671734375
6 0.589976075 0.1360743 0.589976075 0.45477463125 0.788380459375 0.45477463125 0.788380459375 0.1360743 0.589976075 0.1360743
2 0.7762949140625001 0.3366048453125 0.7762949140625001 0.6839524 0.999877521875 0.6839524 0.999877521875 0.3366048453125 0.7762949140625001 0.3366048453125
4 0.9102430515625001 0.26677724375 0.9102430515625001 0.33302394375 0.949521078125 0.33302394375 0.949521078125 0.26677724375 0.9102430515625001 0.26677724375