2 0.11043547499999999 0.716603528125 0.11043547499999999 0.742780825 0.1346261046875 0.742780825 0.1346261046875 0.716603528125 0.11043547499999999 0.716603528125
2 0.1093837078125 0.71473371875 0.1093837078125 0.7596090890625 0.1640755625 0.7596090890625 0.1640755625 0.71473371875 0.1093837078125 0.71473371875
2 0.315792871875 0.7222129484375001 0.315792871875 0.77830715625 0.374691790625 0.77830715625 0.374691790625 0.7222129484375001 0.315792871875 0.7222129484375001
2 0.375690965625 0.7299726343749999 0.375690965625 0.754280128125 0.392519228125 0.754280128125 0.392519228125 0.7299726343749999 0.375690965625 0.7299726343749999
2 0.42722751875 0.7168839859375 0.42722751875 0.7804574234375 0.4535216796875 0.7804574234375 0.4535216796875 0.7168839859375 0.42722751875 0.7168839859375
2 0.3830533296875 0.7243632156250001 0.3830533296875 0.7954158812500001 0.4314345859375 0.7954158812500001 0.4314345859375 0.7243632156250001 0.3830533296875 0.7243632156250001
2 0.5481806765624999 0.72810283125 0.5481806765624999 0.7841970359375 0.5765783703125 0.7841970359375 0.5765783703125 0.72810283125 0.5481806765624999 0.72810283125
2 0.6312702234375 0.7374518640625001 0.6312702234375 0.76549896875 0.6470467203125 0.76549896875 0.6470467203125 0.7374518640625001 0.6312702234375 0.7374518640625001
2 0.642839653125 0.7337122500000001 0.642839653125 0.76549896875 0.66071968125 0.76549896875 0.66071968125 0.7337122500000001 0.642839653125 0.7337122500000001
2 0.6565126171875 0.72249340625 0.6565126171875 0.776717809375 0.685962078125 0.776717809375 0.685962078125 0.72249340625 0.6565126171875 0.72249340625
2 0.6817550125 0.72249340625 0.6817550125 0.7393216703125 0.7259292015625001 0.7393216703125 0.7259292015625001 0.72249340625 0.6817550125 0.72249340625
2 0.7783071578125 0.73558205625 0.7783071578125 0.7673687734375 0.8088083828125001 0.7673687734375 0.8088083828125001 0.73558205625 0.7783071578125 0.73558205625
2 0.7509612296875 0.7393216703125 0.7509612296875 0.76549896875 0.7741000921875 0.76549896875 0.7741000921875 0.7393216703125 0.7509612296875 0.7393216703125
6 0.8130154515625 0.7226804 0.8130154515625 0.7525973109375 0.9108297296875 0.7525973109375 0.9108297296875 0.7226804 0.8130154515625 0.7226804
2 0.0967625109375 0.6965031015625 0.0967625109375 0.95453646875 0.3491864546875 0.95453646875 0.3491864546875 0.6965031015625 0.0967625109375 0.6965031015625
2 0.6599834343750001 0.7208105921875 0.6599834343750001 0.8404782375 0.773574209375 0.8404782375 0.773574209375 0.7208105921875 0.6599834343750001 0.7208105921875
2 0.563220921875 0.7133313671875 0.563220921875 0.823649978125 0.6442069375 0.823649978125 0.6442069375 0.7133313671875 0.563220921875 0.7133313671875
2 0.420706571875 0.70398233125 0.420706571875 0.928359165625 0.5732127031250001 0.928359165625 0.5732127031250001 0.70398233125 0.420706571875 0.70398233125
2 0.88506145 0.7413784671875 0.88506145 0.9077912906250001 0.999703990625 0.9077912906250001 0.999703990625 0.7413784671875 0.88506145 0.7413784671875