2 0.119145834375 0.44889429375 0.119145834375 0.47186216718749996 0.1521621484375 0.47186216718749996 0.1521621484375 0.44889429375 0.119145834375 0.44889429375
2 0.4493089875 0.4769661390625 0.4493089875 0.497382021875 0.45849615000000005 0.497382021875 0.45849615000000005 0.4769661390625 0.4493089875 0.4769661390625
2 0.4292121 0.46828938124999997 0.4292121 0.4848772890625 0.4493089859375 0.4848772890625 0.4493089859375 0.46828938124999997 0.4292121 0.46828938124999997
2 0.46753973281250005 0.47084136875000004 0.46753973281250005 0.5410209765625 0.516346459375 0.5410209765625 0.516346459375 0.47084136875000004 0.46753973281250005 0.47084136875000004
2 0.4665348921875 0.481049309375 0.4665348921875 0.49508523125000004 0.4758655890625 0.49508523125000004 0.4758655890625 0.481049309375 0.4665348921875 0.481049309375
2 0.3235599046875 0.4542534609375 0.3235599046875 0.481049309375 0.345092284375 0.481049309375 0.345092284375 0.4542534609375 0.3235599046875 0.4542534609375
2 0.1912075375 0.44021753906249994 0.1912075375 0.460633425 0.204126965625 0.460633425 0.204126965625 0.44021753906249994 0.1912075375 0.44021753906249994
2 0.23929651875000002 0.44404551875 0.23929651875000002 0.4580814390625 0.250780453125 0.4580814390625 0.250780453125 0.44404551875 0.23929651875000002 0.44404551875
2 0.23140131406250003 0.442769525 0.23140131406250003 0.45552945625 0.2407320125 0.45552945625 0.2407320125 0.442769525 0.23140131406250003 0.442769525
2 0.252215946875 0.442769525 0.252215946875 0.45552945625 0.2651353765625 0.45552945625 0.2651353765625 0.442769525 0.252215946875 0.442769525
2 0.26585311875 0.43256158281249996 0.26585311875 0.45552945468750006 0.2852322640625 0.45552945468750006 0.2852322640625 0.43256158281249996 0.26585311875 0.43256158281249996
2 0.242167503125 0.44787349687500005 0.242167503125 0.48870526875 0.283079021875 0.48870526875 0.283079021875 0.44787349687500005 0.242167503125 0.44787349687500005
2 0.37337147187499997 0.46446140468749997 0.37337147187499997 0.48870526875 0.39059737499999997 0.48870526875 0.39059737499999997 0.46446140468749997 0.37337147187499997 0.46446140468749997
2 0.3834199140625 0.46446140468749997 0.3834199140625 0.50656916875 0.405670040625 0.50656916875 0.405670040625 0.46446140468749997 0.3834199140625 0.46446140468749997
2 0.335330934375 0.46446140468749997 0.335330934375 0.5308130328125 0.3870086421875 0.5308130328125 0.3870086421875 0.46446140468749997 0.335330934375 0.46446140468749997
6 0.363179471875 0.45042548125000004 0.363179471875 0.46828938124999997 0.3796876265625 0.46828938124999997 0.3796876265625 0.45042548125000004 0.363179471875 0.45042548125000004
2 0.24676108281250003 0.460633425 0.24676108281250003 0.567816825 0.337197078125 0.567816825 0.337197078125 0.460633425 0.24676108281250003 0.460633425
2 0.38428119843749997 0.46828938124999997 0.38428119843749997 0.5741967890625 0.4584961515625 0.5741967890625 0.4584961515625 0.46828938124999997 0.38428119843749997 0.46828938124999997
2 0.729947671875 0.47058619375 0.729947671875 0.6913329593750001 0.9553199093750001 0.6913329593750001 0.9553199093750001 0.47058619375 0.729947671875 0.47058619375
2 0.5674500046875 0.4667582125 0.5674500046875 0.56118168125 0.6428133328125 0.56118168125 0.6428133328125 0.4667582125 0.5674500046875 0.4667582125
2 0.44844770624999997 0.46931018125 0.44844770624999997 0.497382025 0.46352037187499995 0.497382025 0.46352037187499995 0.46931018125 0.44844770624999997 0.46931018125