2 0.0009748078125000001 0.549358378125 0.0009748078125000001 0.61867804375 0.0721357796875 0.61867804375 0.0721357796875 0.549358378125 0.0009748078125000001 0.549358378125
2 0 0.6987462109375 0.13452348125 0.6987462109375 0.13452348125 0.564955303125 0 0.564955303125 0 0.6987462109375
2 0.2242058046875 0.5320284609375 0.2242058046875 0.6775997703125001 0.3275354375 0.6775997703125001 0.3275354375 0.5320284609375 0.2242058046875 0.5320284609375
2 0.4220917984375 0.5389604265625 0.4220917984375 0.5822852234375 0.4542604578125 0.5822852234375 0.4542604578125 0.5389604265625 0.4220917984375 0.5389604265625
2 0.310963703125 0.5233634984375 0.310963703125 0.6827987375 0.44158795156249997 0.6827987375 0.44158795156249997 0.5233634984375 0.310963703125 0.5233634984375
2 0.0370426984375 0.5441594015625 0.0370426984375 0.7538513984375 0.26319811875 0.7538513984375 0.26319811875 0.5441594015625 0.0370426984375 0.5441594015625
2 0.437688721875 0.5389604265625 0.437688721875 0.6169450515625 0.49325277031250003 0.6169450515625 0.49325277031250003 0.5389604265625 0.437688721875 0.5389604265625
2 0.4893535375 0.5476253828125001 0.4893535375 0.61347906875 0.53029546875 0.61347906875 0.53029546875 0.5476253828125001 0.4893535375 0.5476253828125001
2 0.5166481593750001 0.5389604265625 0.5166481593750001 0.57708624375 0.54101835625 0.57708624375 0.54101835625 0.5389604265625 0.5166481593750001 0.5389604265625
2 0.5419931625000001 0.5320284609375 0.5419931625000001 0.56495530625 0.551741240625 0.56495530625 0.551741240625 0.5320284609375 0.5419931625000001 0.5320284609375
2 0.5468672015625 0.5320284609375 0.5468672015625 0.5666882953125 0.5614893203125 0.5666882953125 0.5614893203125 0.5320284609375 0.5468672015625 0.5320284609375
2 0.55369085625 0.5389604265625 0.55369085625 0.5788192359375001 0.57221220625 0.5788192359375001 0.57221220625 0.5389604265625 0.55369085625 0.5389604265625
2 0.571237396875 0.521630509375 0.571237396875 0.5978821437499999 0.61900298125 0.5978821437499999 0.61900298125 0.521630509375 0.571237396875 0.521630509375
2 0.6229022125 0.5424264109375 0.6229022125 0.6654688203125 0.68139068125 0.6654688203125 0.68139068125 0.5424264109375 0.6229022125 0.5424264109375
2 0.649222025 0.5389604265625 0.649222025 0.7070606234375 0.768148584375 0.7070606234375 0.768148584375 0.5389604265625 0.649222025 0.5389604265625
2 0.7184333828125 0.5164315359375 0.7184333828125 0.8318360281249999 0.9982032343749999 0.8318360281249999 0.9982032343749999 0.5164315359375 0.7184333828125 0.5164315359375
2 0.9572613046875 0.5146985421875 0.9572613046875 0.5840182125 0.9982032343749999 0.5840182125 0.9982032343749999 0.5146985421875 0.9572613046875 0.5146985421875
2 0.9319163015624999 0.60134813125 0.9319163015624999 0.94621348125 0.9991780421875 0.94621348125 0.9991780421875 0.60134813125 0.9319163015624999 0.60134813125
2 0.0005903765625 0.6528278546874999 0.0005903765625 0.7813992562500001 0.023319965625 0.7813992562500001 0.023319965625 0.6528278546874999 0.0005903765625 0.6528278546874999