4 0.42750730781249996 0.4257432984375 0.42750730781249996 0.45294734375 0.43420205312500004 0.45294734375 0.43420205312500004 0.4257432984375 0.42750730781249996 0.4257432984375
4 0.4839344484375 0.46994986875 0.4839344484375 0.4903529046875 0.4906291921875 0.4903529046875 0.4906291921875 0.46994986875 0.4839344484375 0.46994986875
4 0.5489691156250001 0.5124562046875 0.5489691156250001 0.5277584828124999 0.552794684375 0.5277584828124999 0.552794684375 0.5124562046875 0.5489691156250001 0.5124562046875
4 0.5387676078125 0.41826218125 0.5387676078125 0.442065721875 0.5445059609375 0.442065721875 0.5445059609375 0.41826218125 0.5387676078125 0.41826218125
4 0.5751105109375 0.4284637 0.5751105109375 0.448866734375 0.5808488640625 0.448866734375 0.5808488640625 0.4284637 0.5751105109375 0.4284637
4 0.6742564921875001 0.44716648125 0.6742564921875001 0.46756951406249997 0.6799948453125 0.46756951406249997 0.6799948453125 0.44716648125 0.6742564921875001 0.44716648125
4 0.7144249640625 0.4522672375 0.7144249640625 0.474370525 0.7220761015625 0.474370525 0.7220761015625 0.4522672375 0.7144249640625 0.4522672375
4 0.7679829265625 0.484572040625 0.7679829265625 0.504975075 0.7746776718749999 0.504975075 0.7746776718749999 0.484572040625 0.7679829265625 0.484572040625
4 0.5751105109375 0.51687684375 0.5751105109375 0.53217911875 0.5798924734375001 0.53217911875 0.5798924734375001 0.51687684375 0.5751105109375 0.51687684375
4 0.32549214531250004 0.4879725453125 0.32549214531250004 0.50157456875 0.3321868890625 0.50157456875 0.3321868890625 0.4879725453125 0.32549214531250004 0.4879725453125
2 0.18745286875 0.5287786125 0.18745286875 0.55258215625 0.22570855625 0.55258215625 0.22570855625 0.5287786125 0.18745286875 0.5287786125
2 0.2371852625 0.52537810625 0.2371852625 0.54578114375 0.2773537359375 0.54578114375 0.2773537359375 0.52537810625 0.2371852625 0.52537810625
2 0.331868090625 0.53047886875 0.331868090625 0.5423806421874999 0.350995934375 0.5423806421874999 0.350995934375 0.53047886875 0.331868090625 0.53047886875
2 0.579573665625 0.55428240625 0.579573665625 0.5729851890625001 0.5929631578125 0.5729851890625001 0.5929631578125 0.55428240625 0.579573665625 0.55428240625
2 0.5939195484375001 0.55258215625 0.5939195484375001 0.5729851890625001 0.60826543125 0.5729851890625001 0.60826543125 0.55258215625 0.5939195484375001 0.55258215625
2 0.552794684375 0.54918165 0.552794684375 0.5746854421875 0.5680969609375001 0.5746854421875 0.5680969609375001 0.54918165 0.552794684375 0.54918165
2 0.5126262140625 0.54578114375 0.5126262140625 0.57638569375 0.5279284890625 0.57638569375 0.5279284890625 0.54578114375 0.5126262140625 0.54578114375
2 0.4303764859375 0.5440808890625 0.4303764859375 0.5746854390625 0.4593097109375 0.5746854390625 0.4593097109375 0.5440808890625 0.4303764859375 0.5440808890625
2 0.5269720953125 0.5474813968750001 0.5269720953125 0.5882874640625 0.552794684375 0.5882874640625 0.552794684375 0.5474813968750001 0.5269720953125 0.5474813968750001
2 0.5996579015625 0.5474813968750001 0.5996579015625 0.623992771875 0.6560850421875 0.623992771875 0.6560850421875 0.5474813968750001 0.5996579015625 0.5474813968750001
2 0.7074114406249999 0.5242446265625 0.7074114406249999 0.807620071875 0.9952854906249999 0.807620071875 0.9952854906249999 0.5242446265625 0.7074114406249999 0.5242446265625