2 0.26054780625 0.39522370156250003 0.26054780625 0.5283516828125 0.3693643296875 0.5283516828125 0.3693643296875 0.39522370156250003 0.26054780625 0.39522370156250003
2 0.4362021796875 0.39730382343750004 0.4362021796875 0.42434544687500003 0.45126924375 0.42434544687500003 0.45126924375 0.39730382343750004 0.4362021796875 0.39730382343750004
4 0.5684201078125 0.3889833265625 0.5684201078125 0.4181050734375 0.5754405296875 0.4181050734375 0.5754405296875 0.3889833265625 0.5684201078125 0.3889833265625
4 0.562569759375 0.3889833265625 0.562569759375 0.420185196875 0.569590178125 0.420185196875 0.569590178125 0.3889833265625 0.562569759375 0.3889833265625
4 0.5578894765625 0.3889833265625 0.5578894765625 0.42434544687500003 0.563739828125 0.42434544687500003 0.563739828125 0.3889833265625 0.5578894765625 0.3889833265625
4 0.5145968812499999 0.39522370156250003 0.5145968812499999 0.4160249484375 0.5192771625 0.4160249484375 0.5192771625 0.39522370156250003 0.5145968812499999 0.39522370156250003
4 0.5192771609375 0.39522370156250003 0.5192771609375 0.4160249484375 0.5239574421875 0.4160249484375 0.5239574421875 0.39522370156250003 0.5192771609375 0.39522370156250003
4 0.5227873703125 0.39522370156250003 0.5227873703125 0.422265321875 0.5298077921875 0.422265321875 0.5298077921875 0.39522370156250003 0.5227873703125 0.39522370156250003
4 0.5274676515625 0.3931435765625 0.5274676515625 0.422265321875 0.533318003125 0.422265321875 0.533318003125 0.3931435765625 0.5274676515625 0.3931435765625
4 0.5309778625 0.3931435765625 0.5309778625 0.4160249484375 0.5379982828125 0.4160249484375 0.5379982828125 0.3931435765625 0.5309778625 0.3931435765625
4 0.53565814375 0.39522370156250003 0.53565814375 0.420185196875 0.54150849375 0.420185196875 0.54150849375 0.39522370156250003 0.53565814375 0.39522370156250003
4 0.5403384234375 0.39522370156250003 0.5403384234375 0.4139448234375 0.5461887734374999 0.4139448234375 0.5461887734374999 0.39522370156250003 0.5403384234375 0.39522370156250003
4 0.54501870625 0.39522370156250003 0.54501870625 0.4181050734375 0.55086905625 0.4181050734375 0.55086905625 0.39522370156250003 0.54501870625 0.39522370156250003
4 0.55086905625 0.3931435765625 0.55086905625 0.4201851953125 0.5567194062499999 0.4201851953125 0.5567194062499999 0.3931435765625 0.55086905625 0.3931435765625
2 0.497045828125 0.4035442015625 0.497045828125 0.42018519843749996 0.507576459375 0.42018519843749996 0.507576459375 0.4035442015625 0.497045828125 0.4035442015625
2 0.4280116890625 0.4035442015625 0.4280116890625 0.42018519843749996 0.4362021796875 0.42018519843749996 0.4362021796875 0.4035442015625 0.4280116890625 0.4035442015625