2 0.3608791140625 0.47241057187499996 0.3608791140625 0.5045960015625 0.40111090000000005 0.5045960015625 0.40111090000000005 0.47241057187499996 0.3608791140625 0.47241057187499996
2 0.2804155421875 0.46883441406250004 0.2804155421875 0.5403575890625001 0.349815371875 0.5403575890625001 0.349815371875 0.46883441406250004 0.2804155421875 0.46883441406250004
2 0.19492299375 0.45631785625 0.19492299375 0.5582383828124999 0.266334415625 0.5582383828124999 0.266334415625 0.45631785625 0.19492299375 0.45631785625
2 0.11647101093750001 0.4545297796875 0.11647101093750001 0.5886357328125 0.2059867359375 0.5886357328125 0.2059867359375 0.4545297796875 0.11647101093750001 0.4545297796875
2 0.0001812703125 0.44203094531250003 0.0001812703125 0.62260924375 0.1285405453125 0.62260924375 0.1285405453125 0.44203094531250003 0.0001812703125 0.44203094531250003
2 0.4423484796875 0.46883441406250004 0.4423484796875 0.49744368437500003 0.466487553125 0.49744368437500003 0.466487553125 0.46883441406250004 0.4423484796875 0.46883441406250004
2 0.4886150359375 0.4706224921875 0.4886150359375 0.4992317640625 0.5127541078125 0.4992317640625 0.5127541078125 0.4706224921875 0.4886150359375 0.4706224921875
2 0.5167772859374999 0.4545297796875 0.5167772859374999 0.5260529546875 0.5549974828125 0.5260529546875 0.5549974828125 0.4545297796875 0.5167772859374999 0.4545297796875
2 0.537898975 0.450953621875 0.537898975 0.5421456703125 0.589194503125 0.5421456703125 0.589194503125 0.450953621875 0.537898975 0.450953621875
2 0.5761191718750001 0.42592050625000005 0.5761191718750001 0.56717878125 0.6344552625000001 0.56717878125 0.6344552625000001 0.42592050625000005 0.5761191718750001 0.42592050625000005
2 0.609310396875 0.37943044375 0.609310396875 0.6261854 0.7833128734375 0.6261854 0.7833128734375 0.37943044375 0.609310396875 0.37943044375
2 0.7048608890625 0.226406096875 0.7048608890625 0.7120132124999999 0.9994969890625001 0.7120132124999999 0.9994969890625001 0.226406096875 0.7048608890625 0.226406096875