2 0 0.46564190937500005 0.104363334375 0.46564190937500005 0.104363334375 0.30320868437500004 0 0.30320868437500004 0 0.46564190937500005
2 0.0982720890625 0.32847607343749996 0.0982720890625 0.42593600625 0.15918454843750002 0.42593600625 0.15918454843750002 0.32847607343749996 0.0982720890625 0.32847607343749996
2 0.1470020546875 0.3230616328125 0.1470020546875 0.415107128125 0.215020965625 0.415107128125 0.215020965625 0.3230616328125 0.1470020546875 0.3230616328125
6 0.1662910015625 0.2400402078125 0.1662910015625 0.39705899218749996 0.2647661421875 0.39705899218749996 0.2647661421875 0.2400402078125 0.1662910015625 0.2400402078125
2 0.2586748953125 0.3068183109375 0.2586748953125 0.38081566875 0.2850702953125 0.38081566875 0.2850702953125 0.3068183109375 0.2586748953125 0.3068183109375
2 0.2830398796875 0.32847607343749996 0.2830398796875 0.3772060421875 0.303344034375 0.3772060421875 0.303344034375 0.32847607343749996 0.2830398796875 0.32847607343749996
2 0.2972527859375 0.3266712609375 0.2972527859375 0.36998678749999997 0.317556940625 0.36998678749999997 0.317556940625 0.3266712609375 0.2972527859375 0.3266712609375
2 0.3124809 0.3248664453125 0.3124809 0.36276753125 0.32973943125 0.36276753125 0.32973943125 0.3248664453125 0.3124809 0.3248664453125
2 0.32973943125 0.3158423796875 0.32973943125 0.35915790625 0.3439523390625 0.35915790625 0.3439523390625 0.3158423796875 0.32973943125 0.3158423796875
2 0.34293713124999997 0.3194520078125 0.34293713124999997 0.351938653125 0.354104415625 0.351938653125 0.354104415625 0.3194520078125 0.34293713124999997 0.3194520078125
2 0.35308920781249997 0.32847607343749996 0.35308920781249997 0.35193865 0.3622260765625 0.35193865 0.3622260765625 0.32847607343749996 0.35308920781249997 0.32847607343749996
2 0.358165246875 0.31764719375 0.358165246875 0.353743465625 0.37136294531249997 0.353743465625 0.37136294531249997 0.31764719375 0.358165246875 0.31764719375
2 0.3703477359375 0.3230616328125 0.3703477359375 0.3501338375 0.3784693984375 0.3501338375 0.3784693984375 0.3230616328125 0.3703477359375 0.3230616328125
2 0.3804998140625 0.3266712609375 0.3804998140625 0.3429145828125 0.38456064375 0.3429145828125 0.38456064375 0.3266712609375 0.3804998140625 0.3266712609375
2 0.38456064375 0.3248664453125 0.38456064375 0.34291458124999996 0.3947127203125 0.34291458124999996 0.3947127203125 0.3248664453125 0.38456064375 0.3248664453125
2 0.3936975140625 0.3248664453125 0.3936975140625 0.33750014375 0.40994083750000004 0.33750014375 0.40994083750000004 0.3248664453125 0.3936975140625 0.3248664453125
2 0.4099408359375 0.3140375640625 0.4099408359375 0.33208570000000004 0.4200929125 0.33208570000000004 0.4200929125 0.3140375640625 0.4099408359375 0.3140375640625
2 0.453594765625 0.31764719375 0.453594765625 0.335695328125 0.463746840625 0.335695328125 0.463746840625 0.31764719375 0.453594765625 0.31764719375
2 0.4596860109375 0.3158423796875 0.4596860109375 0.333890515625 0.4698380875 0.333890515625 0.4698380875 0.3158423796875 0.4596860109375 0.3158423796875
2 0.56526760625 0.3212568203125 0.56526760625 0.3772060421875 0.599784665625 0.3772060421875 0.599784665625 0.3212568203125 0.56526760625 0.3212568203125
2 0.544963453125 0.3212568203125 0.544963453125 0.3717916 0.57034364375 0.3717916 0.57034364375 0.3212568203125 0.544963453125 0.3212568203125
2 0.5368417921875 0.31223275156249997 0.5368417921875 0.364572346875 0.5662828140625 0.364572346875 0.5662828140625 0.31223275156249997 0.5368417921875 0.31223275156249997
2 0.522628884375 0.3266712609375 0.522628884375 0.3573530921875 0.5409026234375001 0.3573530921875 0.5409026234375001 0.3266712609375 0.522628884375 0.3266712609375
2 0.5145072234375 0.31764719375 0.5145072234375 0.355548278125 0.5388722078125 0.355548278125 0.5388722078125 0.31764719375 0.5145072234375 0.31764719375
2 0.5043551468749999 0.3140375640625 0.5043551468749999 0.34110976875 0.5205984703125 0.34110976875 0.5205984703125 0.3140375640625 0.5043551468749999 0.3140375640625
2 0.4718685015625 0.3068183109375 0.4718685015625 0.332085703125 0.48405099375000005 0.332085703125 0.48405099375000005 0.3068183109375 0.4718685015625 0.3068183109375
2 0.4810053703125 0.31764719375 0.4810053703125 0.35915790625 0.5074007703125 0.35915790625 0.5074007703125 0.31764719375 0.4810053703125 0.31764719375
2 0.44039706562500003 0.3194520078125 0.44039706562500003 0.3429145828125 0.4576555953125 0.3429145828125 0.4576555953125 0.3194520078125 0.44039706562500003 0.3194520078125
2 0.441412271875 0.3086231265625 0.441412271875 0.3375001453125 0.45359476406250004 0.3375001453125 0.45359476406250004 0.3086231265625 0.441412271875 0.3086231265625
4 0.6789708625 0.3086231265625 0.6789708625 0.36457235 0.694198978125 0.36457235 0.694198978125 0.3086231265625 0.6789708625 0.3086231265625
2 0.47592933281249994 0.27613648125 0.47592933281249994 0.2941846171875 0.4830357875 0.2941846171875 0.4830357875 0.27613648125 0.47592933281249994 0.27613648125
2 0.5868507890625 0.3037497921875 0.5868507890625 0.399843475 0.655405428125 0.399843475 0.655405428125 0.3037497921875 0.5868507890625 0.3037497921875