4 0.3184785984375 0.5617635078125 0.3184785984375 0.7470910609375 0.350039540625 0.7470910609375 0.350039540625 0.5617635078125 0.3184785984375 0.5617635078125
4 0.1606738875 0.5819115140625 0.1606738875 0.6975287031249999 0.18649647656249999 0.6975287031249999 0.18649647656249999 0.5819115140625 0.1606738875 0.5819115140625
4 0.3758621296875 0.5826897062499999 0.3758621296875 0.6261180859375 0.38638244374999997 0.6261180859375 0.38638244374999997 0.5826897062499999 0.3758621296875 0.5826897062499999
4 0.6206985296875 0.5777459265625 0.6206985296875 0.7256679187499999 0.652259471875 0.7256679187499999 0.652259471875 0.5777459265625 0.6206985296875 0.5777459265625
4 0.7251843765625 0.577977190625 0.7251843765625 0.656981265625 0.750050575 0.656981265625 0.750050575 0.577977190625 0.7251843765625 0.577977190625
4 0.9034718406250001 0.5432307640625 0.9034718406250001 0.7424437515625 0.9441981890625 0.7424437515625 0.9441981890625 0.5432307640625 0.9034718406250001 0.5432307640625
4 0.3560169921875 0.5721350609375 0.3560169921875 0.62144239375 0.36558091406250004 0.62144239375 0.36558091406250004 0.5721350609375 0.3560169921875 0.5721350609375
2 0.46327638593750003 0.5785315953125 0.46327638593750003 0.5971287843749999 0.487186190625 0.5971287843749999 0.487186190625 0.5785315953125 0.46327638593750003 0.5785315953125
2 0.5292036875 0.5852270015625 0.5292036875 0.681234646875 0.566566740625 0.681234646875 0.566566740625 0.5852270015625 0.5292036875 0.5852270015625
2 0.43260806875 0.5820532187499999 0.43260806875 0.6092572625 0.4526923046875 0.6092572625 0.4526923046875 0.5820532187499999 0.43260806875 0.5820532187499999
2 0.42272534687499996 0.53090393125 0.42272534687499996 0.5479064578124999 0.42750730781249996 0.5479064578124999 0.42750730781249996 0.53090393125 0.42272534687499996 0.53090393125
2 0.4374811109375 0.596222009375 0.4374811109375 0.7427675796875 0.5435495718750001 0.7427675796875 0.5435495718750001 0.596222009375 0.4374811109375 0.596222009375
2 0.356187775 0.5841582796875 0.356187775 0.6079618171875001 0.369577265625 0.6079618171875001 0.369577265625 0.5841582796875 0.356187775 0.5841582796875
2 0.46856693906249997 0.51477391875 0.46856693906249997 0.53140635625 0.470905875 0.53140635625 0.470905875 0.51477391875 0.46856693906249997 0.51477391875
2 0.558538025 0.45018465625 0.558538025 0.6941270687500001 0.6926370484375 0.6941270687500001 0.6926370484375 0.45018465625 0.558538025 0.45018465625