4 0.502475846875 0.5629683562500001 0.502475846875 0.7082807546875001 0.5354348078125 0.7082807546875001 0.5354348078125 0.5629683562500001 0.502475846875 0.5629683562500001
2 0.4009622453125 0.5887495890625 0.4009622453125 0.6614057890625 0.4246926984375 0.6614057890625 0.4246926984375 0.5887495890625 0.4009622453125 0.5887495890625
2 0.3772317921875 0.5910933375 0.3772317921875 0.6707807828125001 0.4141458296875 0.6707807828125001 0.4141458296875 0.5910933375 0.3772317921875 0.5910933375
2 0.5090676390625 0.593437084375 0.5090676390625 0.680155775 0.5459816765625 0.680155775 0.5459816765625 0.593437084375 0.5090676390625 0.593437084375
2 0.5301613749999999 0.58171834375 0.5301613749999999 0.7035932593750001 0.6066261671875 0.7035932593750001 0.6066261671875 0.58171834375 0.5301613749999999 0.58171834375
2 0.5881691484375 0.4645309234375 0.5881691484375 0.858280653125 0.907211896875 0.858280653125 0.907211896875 0.4645309234375 0.5881691484375 0.4645309234375
2 0.0766460625 0.593437084375 0.0766460625 0.8395306671875 0.3271341703125 0.8395306671875 0.3271341703125 0.593437084375 0.0766460625 0.593437084375
4 0.18870653125 0.5512496140625001 0.18870653125 0.59812458125 0.2177104171875 0.59812458125 0.2177104171875 0.5512496140625001 0.18870653125 0.5512496140625001
2 0.3271341703125 0.593437084375 0.3271341703125 0.6918745171875 0.4009622453125 0.6918745171875 0.4009622453125 0.593437084375 0.3271341703125 0.593437084375
2 0.42337433906250005 0.5559371093750001 0.42337433906250005 0.6918745171875 0.5011574875 0.6918745171875 0.5011574875 0.5559371093750001 0.42337433906250005 0.5559371093750001
2 0.0001812703125 0.6262495609375 0.0001812703125 0.9801555687500001 0.1320171171875 0.9801555687500001 0.1320171171875 0.6262495609375 0.0001812703125 0.6262495609375
2 0.762192465625 0.6168745703125 0.762192465625 0.9989055546875001 0.9994969890625001 0.9989055546875001 0.9994969890625001 0.6168745703125 0.762192465625 0.6168745703125