2 0.7610563515625001 0.48887008749999994 0.7610563515625001 0.5718434515624999 0.8039446109374999 0.5718434515624999 0.8039446109374999 0.48887008749999994 0.7610563515625001 0.48887008749999994
2 0.7055538984374999 0.5225079375 0.7055538984374999 0.54941821875 0.7232137703125 0.54941821875 0.7232137703125 0.5225079375 0.7055538984374999 0.5225079375
2 0.3548793125 0.5539032640625 0.3548793125 0.5897836359374999 0.36749350468749997 0.5897836359374999 0.36749350468749997 0.5539032640625 0.3548793125 0.5539032640625
2 0.627345896875 0.484385040625 0.627345896875 0.6256640109375 0.7131224140625 0.6256640109375 0.7131224140625 0.484385040625 0.627345896875 0.484385040625
2 0.7131224140625 0.49559765625 0.7131224140625 0.5852985921875 0.791330415625 0.5852985921875 0.791330415625 0.49559765625 0.7131224140625 0.49559765625
2 0.3738006015625 0.540448125 0.3738006015625 0.6211789640625 0.42299595781250005 0.6211789640625 0.42299595781250005 0.540448125 0.3738006015625 0.540448125
2 0.3662320859375 0.542690646875 0.3662320859375 0.587541115625 0.38515337656250004 0.587541115625 0.38515337656250004 0.542690646875 0.3662320859375 0.542690646875
1 0.9174723531250001 0.42383691093750003 0.9174723531250001 0.6122088703124999 0.99820319375 0.6122088703124999 0.99820319375 0.42383691093750003 0.9174723531250001 0.42383691093750003
2 0.0559229203125 0.6166939171875 0.0559229203125 0.6525742906249999 0.0836741453125 0.6525742906249999 0.0836741453125 0.6166939171875 0.0559229203125 0.6166939171875
2 0.14296085625 0.560630834375 0.14296085625 0.5875411140625 0.1580978890625 0.5875411140625 0.1580978890625 0.560630834375 0.14296085625 0.560630834375
2 0.117989075 0.5718434515624999 0.117989075 0.60552530625 0.145335003125 0.60552530625 0.145335003125 0.5718434515624999 0.117989075 0.5718434515624999
2 0 0.614874340625 0.0327959953125 0.614874340625 0.0327959953125 0.58869704375 0 0.58869704375 0 0.614874340625
2 0.086436084375 0.5793480078125001 0.086436084375 0.614874340625 0.11273024375 0.614874340625 0.11273024375 0.5793480078125001 0.086436084375 0.5793480078125001
4 0.7641477421875 0.4996124203125 0.7641477421875 0.581883928125 0.7809760046875 0.581883928125 0.7809760046875 0.4996124203125 0.7641477421875 0.4996124203125
4 0.7704583406250001 0.4996124203125 0.7704583406250001 0.5949725765625 0.795700734375 0.5949725765625 0.795700734375 0.4996124203125 0.7704583406250001 0.4996124203125