2 0.4191673734375 0.43324793125000005 0.4191673734375 0.4627087890625 0.428915453125 0.4627087890625 0.428915453125 0.43324793125000005 0.4191673734375 0.43324793125000005
2 0.448411609375 0.43324793125000005 0.448411609375 0.45231084062500004 0.472781803125 0.45231084062500004 0.472781803125 0.43324793125000005 0.448411609375 0.43324793125000005
2 0.43866353125 0.43671391562500006 0.43866353125 0.4557768234375 0.46205891875000005 0.4557768234375 0.46205891875000005 0.43671391562500006 0.43866353125 0.43671391562500006
6 0.437688721875 0.419383996875 0.437688721875 0.4471118640625 0.45523526406250003 0.4471118640625 0.45523526406250003 0.419383996875 0.437688721875 0.419383996875
6 0.425991028125 0.419383996875 0.425991028125 0.45231084062500004 0.4406131453125 0.45231084062500004 0.4406131453125 0.419383996875 0.425991028125 0.419383996875
6 0.372376596875 0.419383996875 0.372376596875 0.46097579531250005 0.3938223703125 0.46097579531250005 0.3938223703125 0.419383996875 0.372376596875 0.419383996875
2 0.3938223703125 0.43151494062499995 0.3938223703125 0.4783057171875 0.42306660625000003 0.4783057171875 0.42306660625000003 0.43151494062499995 0.3938223703125 0.43151494062499995
2 0.41624295 0.4505778484375 0.41624295 0.5649553046875 0.49130315468749997 0.5649553046875 0.49130315468749997 0.4505778484375 0.41624295 0.4505778484375
2 0.5069000796875 0.43324793125000005 0.5069000796875 0.538960428125 0.5790358609374999 0.538960428125 0.5790358609374999 0.43324793125000005 0.5069000796875 0.43324793125000005
6 0.3090140875 0.39165613125 0.3090140875 0.4817717015625 0.364578134375 0.4817717015625 0.364578134375 0.39165613125 0.3090140875 0.39165613125
6 0.27879504375 0.42111698750000004 0.27879504375 0.4817716984375 0.3119385109375 0.4817716984375 0.3119385109375 0.42111698750000004 0.27879504375 0.42111698750000004
2 0.251500425 0.447111865625 0.251500425 0.47137375 0.2729461984375 0.47137375 0.2729461984375 0.447111865625 0.251500425 0.447111865625
2 0.1939867625 0.43671391562500006 0.1939867625 0.499101615625 0.2378531125 0.499101615625 0.2378531125 0.43671391562500006 0.1939867625 0.43671391562500006
6 0.119901365625 0.42458297187499994 0.119901365625 0.509499571875 0.1969111875 0.509499571875 0.1969111875 0.42458297187499994 0.119901365625 0.42458297187499994
6 0 0.60134813125 0.084808284375 0.60134813125 0.084808284375 0.40725305624999997 0 0.40725305624999997 0 0.60134813125
4 0.5868343234375 0.419383996875 0.5868343234375 0.481771696875 0.5985320171875 0.481771696875 0.5985320171875 0.419383996875 0.5868343234375 0.419383996875
4 0.5985320171875 0.419383996875 0.5985320171875 0.4869706734375 0.6112045187499999 0.4869706734375 0.6112045187499999 0.419383996875 0.5985320171875 0.419383996875
4 0.62972586875 0.419160671875 0.62972586875 0.49468511875 0.646583646875 0.49468511875 0.646583646875 0.419160671875 0.62972586875 0.419160671875
4 0.6804158765625 0.42284998125 0.6804158765625 0.523363503125 0.7038112640625 0.523363503125 0.7038112640625 0.42284998125 0.6804158765625 0.42284998125