2 0.4360440171875 0.46528343124999993 0.4360440171875 0.490755153125 0.453237428125 0.490755153125 0.453237428125 0.46528343124999993 0.4360440171875 0.46528343124999993
2 0.421716171875 0.46613249375 0.421716171875 0.49924573125 0.44320793593749996 0.49924573125 0.44320793593749996 0.46613249375 0.421716171875 0.46613249375
2 0.40308997656249995 0.46613249375 0.40308997656249995 0.5017929031249999 0.43174566406250003 0.5017929031249999 0.43174566406250003 0.46613249375 0.40308997656249995 0.46613249375
2 0.3787326421875 0.473774009375 0.3787326421875 0.5145287640625 0.4059555453125 0.5145287640625 0.4059555453125 0.473774009375 0.3787326421875 0.473774009375
2 0.3529425265625 0.4788683515625 0.3529425265625 0.522170278125 0.383030996875 0.522170278125 0.383030996875 0.4788683515625 0.3529425265625 0.4788683515625
2 0.3285851921875 0.4788683515625 0.3285851921875 0.5323589671875 0.3586736625 0.5323589671875 0.3586736625 0.4788683515625 0.3285851921875 0.4788683515625
2 0.31139178125 0.4839626984375 0.31139178125 0.5400004843749999 0.33861468281249996 0.5400004843749999 0.33861468281249996 0.4839626984375 0.31139178125 0.4839626984375
2 0.2669754671875 0.45849097812500006 0.2669754671875 0.5450948265625 0.3314507625 0.5450948265625 0.3314507625 0.45849097812500006 0.2669754671875 0.45849097812500006
2 0.22542472343750003 0.473774009375 0.22542472343750003 0.5603778593750001 0.2856016625 0.5603778593750001 0.2856016625 0.473774009375 0.22542472343750003 0.473774009375
2 0.10220527187499999 0.45339663124999996 0.10220527187499999 0.601132615625 0.2311558609375 0.601132615625 0.2311558609375 0.45339663124999996 0.10220527187499999 0.45339663124999996
2 0.4747291921875 0.463585321875 0.4747291921875 0.4865098703125 0.4876242515625 0.4865098703125 0.4876242515625 0.463585321875 0.4747291921875 0.463585321875
2 0.491922603125 0.46867966875 0.491922603125 0.48905704375000003 0.506250446875 0.48905704375000003 0.506250446875 0.46867966875 0.491922603125 0.46867966875
2 0.503384878125 0.463585321875 0.503384878125 0.4941513890625 0.523443859375 0.4941513890625 0.523443859375 0.463585321875 0.503384878125 0.463585321875
2 0.5148471531250001 0.45849097812500006 0.5148471531250001 0.5043400734375 0.5535323296875 0.5043400734375 0.5535323296875 0.45849097812500006 0.5148471531250001 0.45849097812500006
2 0.557830684375 0.463585321875 0.557830684375 0.5068872453125 0.5807552328125001 0.5068872453125 0.5807552328125001 0.463585321875 0.557830684375 0.463585321875
2 0.632335465625 0.44830229062500004 0.632335465625 0.49160421562499995 0.6695878578125 0.49160421562499995 0.6695878578125 0.44830229062500004 0.632335465625 0.44830229062500004
2 0.729764796875 0.42028339531250003 0.729764796875 0.48905704375000003 0.8271941296875 0.48905704375000003 0.8271941296875 0.42028339531250003 0.729764796875 0.42028339531250003
2 0.966174209375 0.3871701578125 0.966174209375 0.43301925625 0.999128246875 0.43301925625 0.999128246875 0.3871701578125 0.966174209375 0.3871701578125
2 0.570725740625 0.42283056874999997 0.570725740625 0.5221702828125 0.6394993875 0.5221702828125 0.6394993875 0.42283056874999997 0.570725740625 0.42283056874999997