2 0 0.6505513625 0.0753395859375 0.6505513625 0.0753395859375 0.5782678781249999 0 0.5782678781249999 0 0.6505513625
2 0.0813189203125 0.5888978015624999 0.0813189203125 0.6441734078125 0.15187504375 0.6441734078125 0.15187504375 0.5888978015624999 0.0813189203125 0.5888978015624999
2 0.17100890625 0.5974017390624999 0.17100890625 0.648425375 0.2308022296875 0.648425375 0.2308022296875 0.5974017390624999 0.17100890625 0.5974017390624999
2 0.26069889218750003 0.6059056796875 0.26069889218750003 0.6399214375 0.2917914203125 0.6399214375 0.2917914203125 0.6059056796875 0.26069889218750003 0.6059056796875
2 0.3348426125 0.6016537093750001 0.3348426125 0.6399214375 0.3527806078125 0.6399214375 0.3527806078125 0.6016537093750001 0.3348426125 0.6016537093750001
2 0.4903052546875 0.6399214375 0.4903052546875 0.6526773453125 0.5046556515625 0.6526773453125 0.5046556515625 0.6399214375 0.4903052546875 0.6399214375
2 0.5178101828125 0.62503954375 0.5178101828125 0.663307271875 0.5405316453125 0.663307271875 0.5405316453125 0.62503954375 0.5178101828125 0.62503954375
2 0.5261812484374999 0.6399214375 0.5261812484374999 0.671811209375 0.54770684375 0.671811209375 0.54770684375 0.6399214375 0.5261812484374999 0.6399214375
2 0.54770684375 0.64629939375 0.54770684375 0.6803151484375001 0.5692324421875 0.6803151484375001 0.5692324421875 0.64629939375 0.54770684375 0.64629939375
2 0.5632531078125 0.6505513609375 0.5632531078125 0.693071059375 0.60391256875 0.693071059375 0.60391256875 0.6505513609375 0.5632531078125 0.6505513609375
2 0.6051084359375001 0.642047421875 0.6051084359375001 0.7100789390625 0.6684893578125 0.7100789390625 0.6684893578125 0.642047421875 0.6051084359375001 0.642047421875
2 0.31630668125 0.592086778125 0.31630668125 0.821693140625 0.489707321875 0.821693140625 0.489707321875 0.592086778125 0.31630668125 0.592086778125
2 0.8474707031250001 0.6760631796875 0.8474707031250001 0.9481892375 0.9981498796875 0.9481892375 0.9981498796875 0.6760631796875 0.8474707031250001 0.6760631796875
2 0.595142878125 0.64629939375 0.595142878125 0.950315225 0.890521896875 0.950315225 0.890521896875 0.64629939375 0.595142878125 0.64629939375