2 0.1947680265625 0.5281620421875 0.1947680265625 0.61604296875 0.3083588015625 0.61604296875 0.3083588015625 0.5281620421875 0.1947680265625 0.5281620421875
2 0.337808259375 0.5300318500000001 0.337808259375 0.6048241296875 0.39565541406250004 0.6048241296875 0.39565541406250004 0.5300318500000001 0.337808259375 0.5300318500000001
4 0.5276361546875 0.5222994171875001 0.5276361546875 0.615789765625 0.54972325 0.615789765625 0.54972325 0.5222994171875001 0.5276361546875 0.5222994171875001
4 0.6633140265625 0.484903278125 0.6633140265625 0.8439062187499999 0.7642836046875 0.8439062187499999 0.7642836046875 0.484903278125 0.6633140265625 0.484903278125
4 0.793733065625 0.47368443750000006 0.793733065625 0.864474096875 0.896806175 0.864474096875 0.896806175 0.47368443750000006 0.793733065625 0.47368443750000006
2 0.299402840625 0.53912768125 0.299402840625 0.58213324375 0.3309558359375 0.58213324375 0.3309558359375 0.53912768125 0.299402840625 0.53912768125
2 0.3246452359375 0.5372578765625 0.3246452359375 0.5671747859375 0.3372664328125 0.5671747859375 0.3372664328125 0.5372578765625 0.3246452359375 0.5372578765625
2 0.2909887125 0.5372578765625 0.2909887125 0.55595595 0.3057134390625 0.55595595 0.3057134390625 0.5372578765625 0.2909887125 0.5372578765625
2 0.18265676718749999 0.543490559375 0.18265676718749999 0.56592824375 0.19843326249999999 0.56592824375 0.19843326249999999 0.543490559375 0.18265676718749999 0.543490559375
4 0.11429195 0.534906140625 0.11429195 0.5727842062499999 0.12480961406249999 0.5727842062499999 0.12480961406249999 0.534906140625 0.11429195 0.534906140625
2 0.3099205046875 0.5222994171875001 0.3099205046875 0.53912768125 0.3246452359375 0.53912768125 0.3246452359375 0.5222994171875001 0.3099205046875 0.5222994171875001
2 0.754817703125 0.56164859375 0.754817703125 0.6968147328125001 0.9867481453125 0.6968147328125001 0.9867481453125 0.56164859375 0.754817703125 0.56164859375
4 0.9636092843749999 0.5150733921875 0.9636092843749999 0.7899350187499999 0.9993693421875 0.7899350187499999 0.9993693421875 0.5150733921875 0.9636092843749999 0.5150733921875