2 0.0235749125 0.46555475 0.0235749125 0.5959628828125 0.2436386421875 0.5959628828125 0.2436386421875 0.46555475 0.0235749125 0.46555475
2 0.2343401734375 0.434330265625 0.2343401734375 0.5298404484375 0.313893728125 0.5298404484375 0.313893728125 0.434330265625 0.2343401734375 0.434330265625
6 0.5295348015625 0.45918357812500005 0.5295348015625 0.4812243875 0.5481317375 0.4812243875 0.5481317375 0.45918357812500005 0.5295348015625 0.45918357812500005
6 0.55846336875 0.461020309375 0.55846336875 0.488571325 0.5873919328125 0.488571325 0.5873919328125 0.461020309375 0.55846336875 0.461020309375
2 0.5254021515625 0.475714184375 0.5254021515625 0.539999884375 0.5460654109374999 0.539999884375 0.5460654109374999 0.475714184375 0.5254021515625 0.475714184375
2 0.545032246875 0.4812243875 0.545032246875 0.5253060125 0.566728671875 0.5253060125 0.566728671875 0.4812243875 0.545032246875 0.4812243875
2 0.566728671875 0.490408059375 0.566728671875 0.53816315 0.588425096875 0.53816315 0.588425096875 0.490408059375 0.566728671875 0.490408059375
2 0.77542760625 0.422448890625 0.77542760625 0.5051019328125 0.9944581734375 0.5051019328125 0.9944581734375 0.422448890625 0.77542760625 0.422448890625
2 0.6080551953125 0.48489785625000004 0.6080551953125 0.62081619375 0.8126214781250001 0.62081619375 0.8126214781250001 0.48489785625000004 0.6080551953125 0.48489785625000004
2 0.3096777125 0.43530602968750004 0.3096777125 0.5289794796875 0.3881981046875 0.5289794796875 0.3881981046875 0.43530602968750004 0.3096777125 0.43530602968750004
2 0.718603640625 0.4518366375 0.718603640625 0.6373468015625 0.9985908265625 0.6373468015625 0.9985908265625 0.4518366375 0.718603640625 0.4518366375
4 0.1565242015625 0.461020309375 0.1565242015625 0.6079590546875 0.20508286406249998 0.6079590546875 0.20508286406249998 0.461020309375 0.1565242015625 0.461020309375
4 0.28360325625 0.45551010625000005 0.28360325625 0.5326529468750001 0.31046549375 0.5326529468750001 0.31046549375 0.45551010625000005 0.28360325625 0.45551010625000005
4 0.36315681093749996 0.4444897015625 0.36315681093749996 0.51979580625 0.3879527234375 0.51979580625 0.3879527234375 0.4444897015625 0.36315681093749996 0.4444897015625
4 0.621447571875 0.49591826250000004 0.621447571875 0.54183661875 0.6493429734375 0.54183661875 0.6493429734375 0.49591826250000004 0.621447571875 0.49591826250000004
4 0.6669067453124999 0.48306112187499994 0.6669067453124999 0.5289794796875 0.6865368421875 0.5289794796875 0.6865368421875 0.48306112187499994 0.6669067453124999 0.48306112187499994