2 0 0.8639056578125001 0.248576 0.8639056578125001 0.248576 0.31540449375 0 0.31540449375 0 0.8639056578125001
2 0.9660345749999999 0.6377409562499999 0.9660345749999999 0.8699618453125 0.9994969890625001 0.8699618453125 0.9994969890625001 0.6377409562499999 0.9660345749999999 0.6377409562499999
2 0.8597805203125001 0.44537887343750004 0.8597805203125001 0.5840182109375001 0.9991780421875 0.5840182109375001 0.9991780421875 0.44537887343750004 0.8597805203125001 0.44537887343750004
2 0.4318398765625 0.36392826093749997 0.4318398765625 0.80584115 0.6999120328124999 0.80584115 0.6999120328124999 0.36392826093749997 0.4318398765625 0.36392826093749997
2 0.200810415625 0.37779219531249997 0.200810415625 0.634274971875 0.3928475609375 0.634274971875 0.3928475609375 0.37779219531249997 0.200810415625 0.37779219531249997
2 0.372376596875 0.40898604531249994 0.372376596875 0.5510913687500001 0.41526814375 0.5510913687500001 0.41526814375 0.40898604531249994 0.372376596875 0.40898604531249994
2 0.3938223703125 0.4107190390625 0.3938223703125 0.518164528125 0.4396383390625 0.518164528125 0.4396383390625 0.4107190390625 0.3938223703125 0.4107190390625
2 0.42989025937500003 0.44017989843749994 0.42989025937500003 0.507766575 0.45328564687500006 0.507766575 0.45328564687500006 0.44017989843749994 0.42989025937500003 0.44017989843749994
2 0.4484116078125 0.44364588125 0.4484116078125 0.474839734375 0.464008534375 0.474839734375 0.464008534375 0.44364588125 0.4484116078125 0.44364588125
2 0.4581596859375 0.43324793125000005 0.4581596859375 0.4557768234375 0.46985738125000004 0.4557768234375 0.46985738125000004 0.43324793125000005 0.4581596859375 0.43324793125000005
2 0.6774914546875 0.434980921875 0.6774914546875 0.50083460625 0.768148584375 0.50083460625 0.768148584375 0.434980921875 0.6774914546875 0.434980921875
4 0.7759470453125 0.4367139171875 0.7759470453125 0.4887036671875 0.7856951234375 0.4887036671875 0.7856951234375 0.4367139171875 0.7759470453125 0.4367139171875
4 0.7856951234375 0.4367139171875 0.7856951234375 0.4887036671875 0.7954432015624999 0.4887036671875 0.7954432015624999 0.4367139171875 0.7856951234375 0.4367139171875