2 0.08589180937499999 0.41966270625 0.08589180937499999 0.43988741249999996 0.11291075625 0.43988741249999996 0.11291075625 0.41966270625 0.08589180937499999 0.41966270625
2 0.159838403125 0.41966270625 0.159838403125 0.46011212031250004 0.1952983234375 0.46011212031250004 0.1952983234375 0.41966270625 0.159838403125 0.41966270625
2 0.2010778453125 0.429775059375 0.2010778453125 0.467696390625 0.239473190625 0.467696390625 0.239473190625 0.429775059375 0.2010778453125 0.429775059375
2 0.23748579374999998 0.4323031484375 0.23748579374999998 0.4651683015625 0.273602384375 0.4651683015625 0.273602384375 0.4323031484375 0.23748579374999998 0.4323031484375
6 0.2721803359375 0.39943799375 0.2721803359375 0.475280653125 0.43287196874999995 0.475280653125 0.43287196874999995 0.39943799375 0.2721803359375 0.39943799375
2 0.41154121874999994 0.42724697031250003 0.41154121874999994 0.45505594218749995 0.4428263125 0.45505594218749995 0.4428263125 0.42724697031250003 0.41154121874999994 0.42724697031250003
2 0.43856016562500005 0.42471888125 0.43856016562500005 0.52078624375 0.48690986093750005 0.52078624375 0.48690986093750005 0.42471888125 0.43856016562500005 0.42471888125
2 0.5608564515625 0.444943590625 0.5608564515625 0.515730075 0.6006738484375 0.515730075 0.6006738484375 0.444943590625 0.5608564515625 0.444943590625
2 0.45989091562500006 0.42471888125 0.45989091562500006 0.57134801875 0.5722328515624999 0.57134801875 0.5722328515624999 0.42471888125 0.45989091562500006 0.42471888125
2 0.7300803828125 0.44241550468749996 0.7300803828125 0.6497187671875 0.9994969890625001 0.6497187671875 0.9994969890625001 0.44241550468749996 0.7300803828125 0.44241550468749996
2 0.785540325 0.5182581609375 0.785540325 0.8696624765625 0.9994969890625001 0.8696624765625 0.9994969890625001 0.5182581609375 0.785540325 0.5182581609375
2 0.54094775625 0.45505594531250004 0.54094775625 0.6876400953124999 0.764209578125 0.6876400953124999 0.764209578125 0.45505594531250004 0.54094775625 0.45505594531250004
2 0.2721803359375 0.4323031484375 0.2721803359375 0.717977159375 0.47695551406250003 0.717977159375 0.47695551406250003 0.4323031484375 0.2721803359375 0.4323031484375