2 0.010414078125 0.41138264218750004 0.010414078125 0.4720841296875 0.0841663859375 0.4720841296875 0.0841663859375 0.41138264218750004 0.010414078125 0.41138264218750004
2 0.286302340625 0.43080711875000005 0.286302340625 0.484224428125 0.31225222656249996 0.484224428125 0.31225222656249996 0.43080711875000005 0.286302340625 0.43080711875000005
2 0.31225222656249996 0.42595099999999997 0.31225222656249996 0.46965606875 0.3300074125 0.46965606875 0.3300074125 0.42595099999999997 0.31225222656249996 0.42595099999999997
2 0.394199234375 0.4332351765625 0.394199234375 0.45508771093749995 0.405125503125 0.45508771093749995 0.405125503125 0.4332351765625 0.394199234375 0.4332351765625
2 0.452927925 0.4511842125 0.452927925 0.48671052968749995 0.46112262499999995 0.48671052968749995 0.46112262499999995 0.4511842125 0.452927925 0.4511842125
2 0.0063167265625 0.4186668203125 0.0063167265625 0.5886309875 0.1947948453125 0.5886309875 0.1947948453125 0.4186668203125 0.0063167265625 0.4186668203125
2 0.4911698609375 0.41138264218750004 0.4911698609375 0.62262381875 0.6373086921875 0.62262381875 0.6373086921875 0.41138264218750004 0.4911698609375 0.41138264218750004
2 0.67964798125 0.4356632359375 0.67964798125 0.6566166515625 0.9063680375000001 0.6566166515625 0.9063680375000001 0.4356632359375 0.67964798125 0.4356632359375
2 0.3286416265625 0.4210948796875 0.3286416265625 0.544925915625 0.39966236875 0.544925915625 0.39966236875 0.4210948796875 0.3286416265625 0.4210948796875
2 0.465219975 0.44051935625 0.465219975 0.4915086046875 0.49663299531250005 0.4915086046875 0.49663299531250005 0.44051935625 0.465219975 0.44051935625
2 0.1743080953125 0.4332351765625 0.1743080953125 0.4575157734375 0.1975264140625 0.4575157734375 0.1975264140625 0.4332351765625 0.1743080953125 0.4332351765625
2 0.15791869375 0.4332351765625 0.15791869375 0.4526596546875 0.1743080953125 0.4526596546875 0.1743080953125 0.4332351765625 0.15791869375 0.4332351765625
2 0.21391581718750002 0.44051935625 0.21391581718750002 0.4526596546875 0.23849991875 0.4526596546875 0.23849991875 0.44051935625 0.21391581718750002 0.44051935625
2 0.2535235375 0.4332351765625 0.2535235375 0.503648903125 0.305423309375 0.503648903125 0.305423309375 0.4332351765625 0.2535235375 0.4332351765625
2 0.394199234375 0.43080711875000005 0.394199234375 0.5157892000000001 0.4583910578125 0.5157892000000001 0.4583910578125 0.43080711875000005 0.394199234375 0.43080711875000005