2 0.3544302375 0.41744005937499995 0.3544302375 0.45625860625000003 0.3743669375 0.45625860625000003 0.3743669375 0.41744005937499995 0.3544302375 0.41744005937499995
2 0.2851264703125 0.42419111249999997 0.2851264703125 0.47482400625 0.31360747187500004 0.47482400625 0.31360747187500004 0.42419111249999997 0.2851264703125 0.42419111249999997
2 0.2661391359375 0.4360054546875 0.2661391359375 0.4798872921875 0.300316334375 0.4798872921875 0.300316334375 0.4360054546875 0.2661391359375 0.4360054546875
2 0.2338606671875 0.432629928125 0.2338606671875 0.4917016328125 0.272784703125 0.4917016328125 0.272784703125 0.432629928125 0.2338606671875 0.432629928125
2 0.213923965625 0.425878875 0.213923965625 0.50014045 0.2471518015625 0.50014045 0.2471518015625 0.425878875 0.213923965625 0.425878875
2 0.1455695640625 0.41575229687500004 0.1455695640625 0.5187058421875 0.220569534375 0.5187058421875 0.220569534375 0.41575229687500004 0.1455695640625 0.41575229687500004
2 0.0674050359375 0.4225033515625 0.0674050359375 0.5440222875 0.1670885390625 0.5440222875 0.1670885390625 0.4225033515625 0.0674050359375 0.4225033515625
2 0.06930376875000001 0.48495058125 0.06930376875000001 0.5592121546875 0.097784771875 0.5592121546875 0.097784771875 0.48495058125 0.06930376875000001 0.48495058125
2 0.5018985515625001 0.42081558750000003 0.5018985515625001 0.4967649234375 0.53132891875 0.4967649234375 0.53132891875 0.42081558750000003 0.5018985515625001 0.42081558750000003
2 0.5142403171875001 0.42756663906250003 0.5142403171875001 0.515330315625 0.5588605515625 0.515330315625 0.5588605515625 0.42756663906250003 0.5142403171875001 0.42756663906250003
2 0.5284808187500001 0.4393809796875 0.5284808187500001 0.535583471875 0.598733953125 0.535583471875 0.598733953125 0.4393809796875 0.5284808187500001 0.4393809796875
2 0.5560124515625 0.4511953203125 0.5560124515625 0.574402021875 0.6594934234375 0.574402021875 0.6594934234375 0.4511953203125 0.5560124515625 0.4511953203125
2 0 0.590717059375 0.07784806875 0.590717059375 0.07784806875 0.4320673359375 0 0.4320673359375 0 0.590717059375
2 0.3036074890625 0.4101264171875 0.3036074890625 0.49620233125 0.365316325 0.49620233125 0.365316325 0.4101264171875 0.3036074890625 0.4101264171875
1 0.36911379218749996 0.28826993125 0.36911379218749996 0.56675083125 0.5077213296875 0.56675083125 0.5077213296875 0.28826993125 0.36911379218749996 0.28826993125