2 0 0.853289471875 0.05138758125 0.853289471875 0.05138758125 0.5570662109375 0 0.5570662109375 0 0.853289471875
2 0.2890339078125 0.5279294984375 0.2890339078125 0.77559156875 0.47751202656249997 0.77559156875 0.47751202656249997 0.5279294984375 0.2890339078125 0.5279294984375
2 0.1241069671875 0.523073378125 0.1241069671875 0.6906094828125 0.279473421875 0.6906094828125 0.279473421875 0.523073378125 0.1241069671875 0.523073378125
2 0.7998369265624999 0.5497820328125 0.7998369265624999 0.6201957578124999 0.9254890078125 0.6201957578124999 0.9254890078125 0.5497820328125 0.7998369265624999 0.5497820328125
6 0.625016640625 0.5424978546875 0.625016640625 0.6153396390625 0.775252825 0.6153396390625 0.775252825 0.5424978546875 0.625016640625 0.5424978546875
2 0.56492216875 0.559494271875 0.56492216875 0.6177677015625 0.626382425 0.6177677015625 0.626382425 0.559494271875 0.56492216875 0.559494271875
2 0.10055578750000001 0.5546381515625 0.10055578750000001 0.6056274015625001 0.151089775 0.6056274015625001 0.151089775 0.5546381515625 0.10055578750000001 0.5546381515625
2 0.021340346875 0.5497820328125 0.021340346875 0.6080554609375 0.0882637359375 0.6080554609375 0.0882637359375 0.5497820328125 0.021340346875 0.5497820328125
2 0.0923610859375 0.5473539734374999 0.0923610859375 0.5983432234375 0.130603025 0.5983432234375 0.130603025 0.5473539734374999 0.0923610859375 0.5473539734374999
2 0.0705085515625 0.5570662109375 0.0705085515625 0.5764906875 0.0964584359375 0.5764906875 0.0964584359375 0.5570662109375 0.0705085515625 0.5570662109375
2 0 0.578918746875 0.0336323953125 0.578918746875 0.0336323953125 0.5497820328125 0 0.5497820328125 0 0.578918746875
2 0.29176547343750003 0.559494271875 0.29176547343750003 0.5764906875 0.308154875 0.5764906875 0.308154875 0.559494271875 0.29176547343750003 0.559494271875
2 0.2699129390625 0.5570662109375 0.2699129390625 0.5764906875 0.28220499062500004 0.5764906875 0.28220499062500004 0.5570662109375 0.2699129390625 0.5570662109375
6 0.25079196875 0.5376417359375 0.25079196875 0.5619223296875 0.271278721875 0.5619223296875 0.271278721875 0.5376417359375 0.25079196875 0.5376417359375