4 0.5836430109374999 0.37917668125000004 0.5836430109374999 0.4264648078125 0.5956557203124999 0.4264648078125 0.5956557203124999 0.37917668125000004 0.5836430109374999 0.37917668125000004
4 0.59222351875 0.3883292203125 0.59222351875 0.42799023125 0.603378178125 0.42799023125 0.603378178125 0.3883292203125 0.59222351875 0.3883292203125
4 0.3794269484375 0.3761258328125 0.3794269484375 0.46154954375 0.3991621140625 0.46154954375 0.3991621140625 0.3761258328125 0.3794269484375 0.3761258328125
4 0.3708464421875 0.37765125624999996 0.3708464421875 0.43409192656249995 0.37942695 0.43409192656249995 0.37942695 0.37765125624999996 0.3708464421875 0.37765125624999996
0 0.178152759375 0.4175301875 0.178152759375 0.5654962625 0.2605256265625 0.5654962625 0.2605256265625 0.4175301875 0.178152759375 0.4175301875
2 0.5451533109375 0.4094672265625 0.5451533109375 0.44150111875000003 0.5640304234375 0.44150111875000003 0.5640304234375 0.4094672265625 0.5451533109375 0.4094672265625
2 0.558882121875 0.3942129921875 0.558882121875 0.438450271875 0.5803333890625 0.438450271875 0.5803333890625 0.3942129921875 0.558882121875 0.3942129921875
2 0.5331406015625 0.395738415625 0.5331406015625 0.49794178593750005 0.5580240703125 0.49794178593750005 0.5580240703125 0.395738415625 0.5331406015625 0.395738415625
2 0.7450791203125 0.37895875625 0.7450791203125 0.554382453125 0.9081087484375001 0.554382453125 0.9081087484375001 0.37895875625 0.7450791203125 0.37895875625
2 0.38383978124999996 0.3530265578125 0.38383978124999996 0.61539939375 0.551159665625 0.61539939375 0.551159665625 0.3530265578125 0.38383978124999996 0.3530265578125
4 0.6026427046875 0.3850604515625 0.6026427046875 0.43082315156249995 0.6137973640625 0.43082315156249995 0.6137973640625 0.3850604515625 0.6026427046875 0.3850604515625