2 0.7906321671875001 0.30869299375 0.7906321671875001 0.7445198828125 0.9987129328125001 0.7445198828125 0.9987129328125001 0.30869299375 0.7906321671875001 0.30869299375
2 0.5849431328125 0.31932291875 0.5849431328125 0.54892928125 0.7870445671875 0.54892928125 0.7870445671875 0.31932291875 0.5849431328125 0.31932291875
2 0.5167787453125 0.31081897812500003 0.5167787453125 0.43625208281249994 0.61005633125 0.43625208281249994 0.61005633125 0.31081897812500003 0.5167787453125 0.31081897812500003
3 0.4701399515625 0.31507094687500004 0.4701399515625 0.5000316296875 0.5371084734375 0.5000316296875 0.5371084734375 0.31507094687500004 0.4701399515625 0.31507094687500004
5 0.465356484375 0.27680321874999997 0.465356484375 0.4894017046875 0.5311291421875 0.4894017046875 0.5311291421875 0.27680321874999997 0.465356484375 0.27680321874999997
2 0.46416061875 0.3129449609375 0.46416061875 0.3788504921875 0.49046968125 0.3788504921875 0.49046968125 0.3129449609375 0.46416061875 0.3129449609375
2 0.5155828796875 0.31507094687500004 0.5155828796875 0.35121268906249997 0.5359126078124999 0.35121268906249997 0.5359126078124999 0.31507094687500004 0.5155828796875 0.31507094687500004
2 0.8193329625000001 0.3448347359375 0.8193329625000001 0.406488296875 0.8492296250000001 0.406488296875 0.8492296250000001 0.3448347359375 0.8193329625000001 0.3448347359375
2 0.312285578125 0.31081897812500003 0.312285578125 0.35121268906249997 0.34696570625 0.35121268906249997 0.34696570625 0.31081897812500003 0.312285578125 0.31081897812500003
2 0.34337810625 0.30656700625 0.34337810625 0.3448347359375 0.36251196874999997 0.3448347359375 0.36251196874999997 0.30656700625 0.34337810625 0.30656700625
2 0.363707834375 0.3214489015625 0.363707834375 0.3448347359375 0.3768623671875 0.3448347359375 0.3768623671875 0.3214489015625 0.363707834375 0.3214489015625
2 0.380449965625 0.2916851140625 0.380449965625 0.31932291562500004 0.3948003640625 0.31932291562500004 0.3948003640625 0.2916851140625 0.380449965625 0.2916851140625
2 0.3828416984375 0.28318117656249997 0.3828416984375 0.4213701890625 0.468944084375 0.4213701890625 0.468944084375 0.28318117656249997 0.3828416984375 0.28318117656249997
2 0.11257587656250001 0.22577958437499998 0.11257587656250001 0.4086142796875 0.246512921875 0.4086142796875 0.246512921875 0.22577958437499998 0.11257587656250001 0.22577958437499998
2 0.0468032203125 0.3023150375 0.0468032203125 0.38735443125 0.1197510734375 0.38735443125 0.1197510734375 0.3023150375 0.0468032203125 0.3023150375
2 0.00016442812499999998 0.2661732953125 0.00016442812499999998 0.40648829375 0.052782553125 0.40648829375 0.052782553125 0.2661732953125 0.00016442812499999998 0.2661732953125
4 0.0551742859375 0.28318117656249997 0.0551742859375 0.31081897812500003 0.0695246828125 0.31081897812500003 0.0695246828125 0.28318117656249997 0.0551742859375 0.28318117656249997
2 0.2454361703125 0.31203109375000004 0.2454361703125 0.3411838984375 0.2593117828125 0.3411838984375 0.2593117828125 0.31203109375000004 0.2454361703125 0.31203109375000004
2 0.7411739859375001 0.3290102078125 0.7411739859375001 0.394043384375 0.7802779859375 0.394043384375 0.7802779859375 0.3290102078125 0.7411739859375001 0.3290102078125