2 0.3317010859375 0.45670110625 0.3317010859375 0.4835052359375 0.34445881875 0.4835052359375 0.34445881875 0.45670110625 0.3317010859375 0.45670110625
2 0.2806701484375 0.46494853125 0.2806701484375 0.50000008125 0.3038660296875 0.50000008125 0.3038660296875 0.46494853125 0.2806701484375 0.46494853125
2 0.15889177968749998 0.495876371875 0.15889177968749998 0.51237121875 0.1774484828125 0.51237121875 0.1774484828125 0.495876371875 0.15889177968749998 0.495876371875
2 0.126417546875 0.4835052359375 0.126417546875 0.51237121875 0.1612113671875 0.51237121875 0.1612113671875 0.4835052359375 0.126417546875 0.4835052359375
2 0.08118558125 0.4938145125 0.08118558125 0.5268042109375 0.15657219218750001 0.5268042109375 0.15657219218750001 0.4938145125 0.08118558125 0.4938145125
2 0.042912378125 0.49793822499999996 0.042912378125 0.537113490625 0.10670104843749999 0.537113490625 0.10670104843749999 0.49793822499999996 0.042912378125 0.49793822499999996
2 0 0.537113490625 0.060309287499999996 0.537113490625 0.060309287499999996 0.5103093609375 0 0.5103093609375 0 0.537113490625
1 0.2307990078125 0.45257739375000006 0.2307990078125 0.5103093609375 0.2667526203125 0.5103093609375 0.2667526203125 0.45257739375000006 0.2307990078125 0.45257739375000006
1 0.1762886890625 0.4505155375 0.1762886890625 0.5185567859375 0.2296392140625 0.5185567859375 0.2296392140625 0.4505155375 0.1762886890625 0.4505155375
2 0.3989691390625 0.45257739375000006 0.3989691390625 0.5020619390625 0.412886665625 0.5020619390625 0.412886665625 0.45257739375000006 0.3989691390625 0.45257739375000006
2 0.46275780937500005 0.4381444015625 0.46275780937500005 0.481443378125 0.4871134828125 0.481443378125 0.4871134828125 0.4381444015625 0.46275780937500005 0.4381444015625
2 0.4024485203125 0.4381444015625 0.4024485203125 0.5536083390625001 0.480154715625 0.5536083390625001 0.480154715625 0.4381444015625 0.4024485203125 0.4381444015625
2 0.4615980140625 0.3185567546875 0.4615980140625 0.7762887875 0.7643042484375 0.7762887875 0.7643042484375 0.3185567546875 0.4615980140625 0.3185567546875