2 0.4640623375 0.3399998703125 0.4640623375 0.364374865625 0.4756638953125 0.364374865625 0.4756638953125 0.3399998703125 0.4640623375 0.3399998703125
2 0.45351546562499995 0.34562486875 0.45351546562499995 0.3662498609375 0.46511702499999996 0.3662498609375 0.46511702499999996 0.34562486875 0.45351546562499995 0.34562486875
2 0.44507796875 0.34749986875 0.44507796875 0.366249865625 0.45351546562499995 0.366249865625 0.45351546562499995 0.34749986875 0.44507796875 0.34749986875
2 0.43242172500000003 0.34937486875 0.43242172500000003 0.3662498640625 0.442968596875 0.3662498640625 0.442968596875 0.34937486875 0.43242172500000003 0.34937486875
2 0.3955076734375 0.3643748625 0.3955076734375 0.426249840625 0.419765478125 0.426249840625 0.419765478125 0.3643748625 0.3955076734375 0.3643748625
2 0.383906115625 0.3718748578125 0.383906115625 0.398124853125 0.3933983 0.398124853125 0.3933983 0.3718748578125 0.383906115625 0.3718748578125
2 0.3712498703125 0.3756248578125 0.3712498703125 0.4037498484375 0.386015490625 0.4037498484375 0.386015490625 0.3756248578125 0.3712498703125 0.3756248578125
2 0.47882795624999996 0.34562486875 0.47882795624999996 0.3643748640625 0.489374828125 0.3643748640625 0.489374828125 0.34562486875 0.47882795624999996 0.34562486875
2 0.5435154375 0.3643748625 0.5435154375 0.43923197031249994 0.619423346875 0.43923197031249994 0.619423346875 0.3643748625 0.5435154375 0.3643748625
2 0 0.531612378125 0.1645311921875 0.531612378125 0.1645311921875 0.328749875 0 0.328749875 0 0.531612378125
5 0.3548215015625 0.37915636875000003 0.3548215015625 0.43186420625000005 0.3720365609375 0.43186420625000005 0.3720365609375 0.37915636875000003 0.3548215015625 0.37915636875000003
2 0.3289989125 0.3687498515625 0.3289989125 0.396158896875 0.351210815625 0.396158896875 0.351210815625 0.3687498515625 0.3289989125 0.3687498515625
2 0.3955076734375 0.3631248546875 0.3955076734375 0.5468747890625 0.5189060671875 0.5468747890625 0.5189060671875 0.3631248546875 0.3955076734375 0.3631248546875
2 0.0379687375 0.361249853125 0.0379687375 0.6349997593750001 0.3142967625 0.6349997593750001 0.3142967625 0.361249853125 0.0379687375 0.361249853125
2 0.6022263515625 0.3031248734375 0.6022263515625 0.6424997546875 0.8859371890625001 0.6424997546875 0.8859371890625001 0.3031248734375 0.6022263515625 0.3031248734375
3 0.3543748765625 0.40806066718749995 0.3543748765625 0.4539674921875 0.3835132671875 0.4539674921875 0.3835132671875 0.40806066718749995 0.3543748765625 0.40806066718749995
2 0.45351546562499995 0.3249998765625 0.45351546562499995 0.34937486875 0.4661717109375 0.34937486875 0.4661717109375 0.3249998765625 0.45351546562499995 0.3249998765625
2 0.8636221468749999 0.32758204375 0.8636221468749999 0.376889375 0.9076161875000001 0.376889375 0.9076161875000001 0.32758204375 0.8636221468749999 0.32758204375