2 0.3357513015625 0.34799223281249997 0.3357513015625 0.40861399687500005 0.3672279875 0.40861399687500005 0.3672279875 0.34799223281249997 0.3357513015625 0.34799223281249997
2 0.356735759375 0.3503238421875 0.356735759375 0.4272668484375 0.40788537031249994 0.4272668484375 0.40788537031249994 0.3503238421875 0.356735759375 0.3503238421875
2 0.205909978125 0.3503238421875 0.205909978125 0.37597151093750003 0.2465673625 0.37597151093750003 0.2465673625 0.3503238421875 0.205909978125 0.3503238421875
2 0.129841325 0.343329021875 0.129841325 0.36664508906250004 0.19804080625 0.36664508906250004 0.19804080625 0.343329021875 0.129841325 0.343329021875
2 0.16525259375 0.35498705468749997 0.16525259375 0.4738989703125 0.242632775 0.4738989703125 0.242632775 0.35498705468749997 0.16525259375 0.35498705468749997
2 0.07213406875 0.3619818703125 0.07213406875 0.51819949375 0.2137791484375 0.51819949375 0.2137791484375 0.3619818703125 0.07213406875 0.3619818703125
2 0.5206768234375 0.343329021875 0.5206768234375 0.44358809375 0.556088096875 0.44358809375 0.556088096875 0.343329021875 0.5206768234375 0.343329021875
2 0.53248058125 0.33419689531249996 0.53248058125 0.50207254375 0.65051815 0.50207254375 0.65051815 0.33419689531249996 0.53248058125 0.33419689531249996
2 0.2229598484375 0.3481865328125 0.2229598484375 0.5440414609374999 0.3528011734375 0.5440414609374999 0.3528011734375 0.3481865328125 0.2229598484375 0.3481865328125
6 0.40263925624999997 0.22927461249999997 0.40263925624999997 0.4686528609375 0.52559505625 0.4686528609375 0.52559505625 0.22927461249999997 0.40263925624999997 0.22927461249999997
2 0 0.5642487187499999 0.117709684375 0.5642487187499999 0.117709684375 0.3031088140625 0 0.3031088140625 0 0.5642487187499999
2 0.6108444109375 0.22383419999999998 0.6108444109375 0.7507772171875 0.9990568515625 0.7507772171875 0.9990568515625 0.22383419999999998 0.6108444109375 0.22383419999999998
2 0.905938328125 0.5199481953125 0.905938328125 0.8440414671875001 0.9990568515625 0.8440414671875001 0.9990568515625 0.5199481953125 0.905938328125 0.5199481953125
4 0.4272539046875 0.2316568890625 0.4272539046875 0.3115385734375 0.46095399062500003 0.3115385734375 0.46095399062500003 0.2316568890625 0.4272539046875 0.2316568890625