2 0.1306242515625 0.38645715625 0.1306242515625 0.43324793125000005 0.1822890671875 0.43324793125000005 0.1822890671875 0.38645715625 0.1306242515625 0.38645715625
2 0.22225618906250003 0.37952518749999997 0.22225618906250003 0.564955303125 0.3675025578125 0.564955303125 0.3675025578125 0.37952518749999997 0.22225618906250003 0.37952518749999997
2 0.4630337265625 0.3812581796875 0.4630337265625 0.44537887343750004 0.5088496953125 0.44537887343750004 0.5088496953125 0.3812581796875 0.4630337265625 0.3812581796875
2 0.40746967968750003 0.3691272375 0.40746967968750003 0.41245203124999996 0.4347642984375 0.41245203124999996 0.4347642984375 0.3691272375 0.40746967968750003 0.3691272375
2 0.330459859375 0.3517973203125 0.330459859375 0.37259322031250003 0.34898120781249997 0.37259322031250003 0.34898120781249997 0.3517973203125 0.330459859375 0.3517973203125
2 0.33923313125 0.33620039375 0.33923313125 0.3569962953125 0.3528804390625 0.3569962953125 0.3528804390625 0.33620039375 0.33923313125 0.33620039375
2 0.3782254453125 0.329268428125 0.3782254453125 0.3569962953125 0.390897946875 0.3569962953125 0.390897946875 0.329268428125 0.3782254453125 0.329268428125
2 0.3811498671875 0.3639282625 0.3811498671875 0.4055200640625 0.40746967968750003 0.4055200640625 0.40746967968750003 0.3639282625 0.3811498671875 0.3639282625
2 0.40357044843749995 0.3500643296875 0.40357044843749995 0.37259322031250003 0.42014217968749995 0.37259322031250003 0.42014217968749995 0.3500643296875 0.40357044843749995 0.3500643296875
2 0.4240414140625 0.3465983453125 0.4240414140625 0.3639282625 0.4386635296875 0.3639282625 0.4386635296875 0.3465983453125 0.4240414140625 0.3465983453125
2 0.4952023859375 0.3656612546875 0.4952023859375 0.39338912187499997 0.5146985421875 0.39338912187499997 0.5146985421875 0.3656612546875 0.4952023859375 0.3656612546875
2 0.505925271875 0.3500643296875 0.505925271875 0.3708602296875 0.5205473890625 0.3708602296875 0.5205473890625 0.3500643296875 0.505925271875 0.3500643296875
6 0.199835609375 0.3587292875 0.199835609375 0.40032108906249997 0.2242058046875 0.40032108906249997 0.2242058046875 0.3587292875 0.199835609375 0.3587292875
6 0.4406131453125 0.3327344109375 0.4406131453125 0.3899231390625 0.46790776718749993 0.3899231390625 0.46790776718749993 0.3327344109375 0.4406131453125 0.3327344109375
2 0.433789490625 0.33100141875 0.433789490625 0.339666378125 0.441587953125 0.339666378125 0.441587953125 0.33100141875 0.433789490625 0.33100141875
2 0.4172177578125 0.33100141875 0.4172177578125 0.3431323609375 0.425991028125 0.3431323609375 0.425991028125 0.33100141875 0.4172177578125 0.33100141875
6 0.2320042671875 0.33620039375 0.2320042671875 0.43324793125000005 0.3246110125 0.43324793125000005 0.3246110125 0.33620039375 0.2320042671875 0.33620039375