2 0.440921003125 0.397480190625 0.440921003125 0.44045102031249994 0.462070709375 0.44045102031249994 0.462070709375 0.397480190625 0.440921003125 0.397480190625
2 0.41070713750000004 0.40106109375 0.41070713750000004 0.44940327968749993 0.4469637765625 0.44940327968749993 0.4469637765625 0.40106109375 0.41070713750000004 0.40106109375
2 0.37646475625 0.397480190625 0.37646475625 0.4726791453125 0.416749909375 0.4726791453125 0.416749909375 0.397480190625 0.37646475625 0.397480190625
2 0.224388296875 0.375994775 0.224388296875 0.49237410937500004 0.2948873171875 0.49237410937500004 0.2948873171875 0.375994775 0.224388296875 0.375994775
6 0.2495665203125 0.35092845625 0.2495665203125 0.40106109375 0.30697286562500004 0.40106109375 0.30697286562500004 0.35092845625 0.2495665203125 0.35092845625
2 0.26568058125 0.3777852265625 0.26568058125 0.5317640390625 0.388550303125 0.5317640390625 0.388550303125 0.3777852265625 0.26568058125 0.3777852265625
2 0.48019902812500004 0.40285154375000004 0.48019902812500004 0.41359425312500003 0.48926318750000003 0.41359425312500003 0.48926318750000003 0.40285154375000004 0.48019902812500004 0.40285154375000004
2 0.462070709375 0.40106109375 0.462070709375 0.41896560625 0.47214199843750004 0.41896560625 0.47214199843750004 0.40106109375 0.462070709375 0.40106109375
2 0.5094057656250001 0.3938992875 0.5094057656250001 0.41359425312500003 0.5204841828125 0.41359425312500003 0.5204841828125 0.3938992875 0.5094057656250001 0.3938992875
2 0.5204841828125 0.3956897390625 0.5204841828125 0.4171751546875 0.5325697296875 0.4171751546875 0.5325697296875 0.3956897390625 0.5204841828125 0.3956897390625
2 0.5295483421875 0.397480190625 0.5295483421875 0.4261274109375 0.54264101875 0.4261274109375 0.54264101875 0.397480190625 0.5295483421875 0.397480190625
2 0.5446552765625 0.390318384375 0.5446552765625 0.43328921718749996 0.5718477562500001 0.43328921718749996 0.5718477562500001 0.390318384375 0.5446552765625 0.390318384375
2 0.5728548828125 0.40464199375 0.5728548828125 0.46551734062500005 0.616161425 0.46551734062500005 0.616161425 0.40464199375 0.5728548828125 0.40464199375
2 0.5627835953125 0.40464199375 0.5627835953125 0.4476128265625 0.5788976578125 0.4476128265625 0.5788976578125 0.40464199375 0.5627835953125 0.40464199375
2 0.6483895484375 0.3706234203125 0.6483895484375 0.48521230624999995 0.7370168890625 0.48521230624999995 0.7370168890625 0.3706234203125 0.6483895484375 0.3706234203125
2 0.7350026296875 0.397480190625 0.7350026296875 0.4852123046875 0.7944232328124999 0.4852123046875 0.7944232328124999 0.397480190625 0.7350026296875 0.397480190625
2 0.8155729390625 0.35450936093749996 0.8155729390625 0.4780505 0.9001717640625 0.4780505 0.9001717640625 0.35450936093749996 0.8155729390625 0.35450936093749996
2 0.9847705890625 0.38673748125 0.9847705890625 0.4082228984375 0.999877521875 0.4082228984375 0.999877521875 0.38673748125 0.9847705890625 0.38673748125
2 0.9636208828124999 0.38315658125 0.9636208828124999 0.4171751546875 0.983763459375 0.4171751546875 0.983763459375 0.38315658125 0.9636208828124999 0.38315658125
2 0.936428403125 0.38494703124999996 0.936428403125 0.426127409375 0.9696636546875 0.426127409375 0.9696636546875 0.38494703124999996 0.936428403125 0.38494703124999996
2 0.912257309375 0.3938992875 0.912257309375 0.43866057031250005 0.9525424640625 0.43866057031250005 0.9525424640625 0.3938992875 0.912257309375 0.3938992875
2 0.8790220578125 0.4118038015625 0.8790220578125 0.533554490625 0.9988703921875001 0.533554490625 0.9988703921875001 0.4118038015625 0.8790220578125 0.4118038015625
2 0.8911076046874999 0.43687011875000004 0.8911076046874999 0.6893237562500001 0.9988703921875001 0.6893237562500001 0.9988703921875001 0.43687011875000004 0.8911076046874999 0.43687011875000004
0 0.66651786875 0.4601459859375 0.66651786875 0.6750001421875 0.7339955015624999 0.6750001421875 0.7339955015624999 0.4601459859375 0.66651786875 0.4601459859375
5 0.66953925625 0.3491380046875 0.66953925625 0.612334346875 0.7410454046875 0.612334346875 0.7410454046875 0.3491380046875 0.66953925625 0.3491380046875
4 0.146839375 0.4082228984375 0.146839375 0.4905836578125 0.1730247265625 0.4905836578125 0.1730247265625 0.4082228984375 0.146839375 0.4082228984375
4 0.11561838124999999 0.40643244687499996 0.11561838124999999 0.50132636875 0.13978947343749998 0.50132636875 0.13978947343749998 0.40643244687499996 0.11561838124999999 0.40643244687499996
0 0.10353283437500001 0.44940327812499997 0.10353283437500001 0.512069071875 0.14180373125 0.512069071875 0.14180373125 0.44940327812499997 0.10353283437500001 0.44940327812499997
0 0.085404515625 0.444031925 0.085404515625 0.5120690734375 0.114611253125 0.5120690734375 0.114611253125 0.444031925 0.085404515625 0.444031925
0 0.045119360937500005 0.445822375 0.045119360937500005 0.526392684375 0.08943303124999999 0.526392684375 0.08943303124999999 0.445822375 0.045119360937500005 0.445822375