2 0.0653034421875 0.4954392171875 0.0653034421875 0.6157558562500001 0.1792876296875 0.6157558562500001 0.1792876296875 0.4954392171875 0.0653034421875 0.4954392171875
2 0.4777837328125 0.5682322796875 0.4777837328125 0.6442217390625 0.54854890625 0.6442217390625 0.54854890625 0.5682322796875 0.4777837328125 0.5682322796875
2 0.357387925 0.5403694812500001 0.357387925 0.57565030625 0.3843008796875 0.57565030625 0.3843008796875 0.5403694812500001 0.357387925 0.5403694812500001
2 0.31464385156249997 0.5503204859374999 0.31464385156249997 0.57142866875 0.33957789374999997 0.57142866875 0.33957789374999997 0.5503204859374999 0.31464385156249997 0.5503204859374999
2 0.2802111296875 0.5503204859374999 0.2802111296875 0.5777611234375 0.305145171875 0.5777611234375 0.305145171875 0.5503204859374999 0.2802111296875 0.5503204859374999
2 0.446438071875 0.5629853984375 0.446438071875 0.5946476734374999 0.4689974421875 0.5946476734374999 0.4689974421875 0.5629853984375 0.446438071875 0.5629853984375
2 0.2536939828125 0.5410731140625 0.2536939828125 0.576957021875 0.2786280234375 0.576957021875 0.2786280234375 0.5410731140625 0.2536939828125 0.5410731140625
2 0.2311346078125 0.5495163875 0.2311346078125 0.5790678437500001 0.25250664375 0.5790678437500001 0.25250664375 0.5495163875 0.2311346078125 0.5495163875
2 0.42467028124999995 0.5403694812500001 0.42467028124999995 0.576253396875 0.44485498124999995 0.576253396875 0.44485498124999995 0.5403694812500001 0.42467028124999995 0.5403694812500001
2 0.40211091093749995 0.5382586671875 0.40211091093749995 0.5656993015625 0.42467028124999995 0.5656993015625 0.42467028124999995 0.5382586671875 0.40211091093749995 0.5382586671875
2 0.38430088125 0.531926209375 0.38430088125 0.5614776671875 0.40211091093749995 0.5614776671875 0.40211091093749995 0.531926209375 0.38430088125 0.531926209375
2 0.3267546671875 0.5298153937500001 0.3267546671875 0.574142578125 0.3540633796875 0.574142578125 0.3540633796875 0.5298153937500001 0.3267546671875 0.5298153937500001
2 0.30633250625 0.5431839140625 0.30633250625 0.574846190625 0.3158311875 0.574846190625 0.3158311875 0.5431839140625 0.30633250625 0.5431839140625
2 0 0.6191733703125 0.0653034421875 0.6191733703125 0.0653034421875 0.5009675484375 0 0.5009675484375 0 0.6191733703125