2 0.40175265312499997 0.46969080625000004 0.40175265312499997 0.48618565625 0.4121908 0.48618565625 0.4121908 0.46969080625000004 0.40175265312499997 0.46969080625000004
2 0.3866753328125 0.4655670953125 0.3866753328125 0.48412379687499996 0.400592859375 0.48412379687499996 0.400592859375 0.4655670953125 0.3866753328125 0.4655670953125
2 0.37867274375000004 0.48762894531249995 0.37867274375000004 0.50824750625 0.39143047656249996 0.50824750625 0.39143047656249996 0.48762894531249995 0.37867274375000004 0.48762894531249995
2 0.37171397968750003 0.4938145140625 0.37171397968750003 0.5288660671875001 0.38099233125 0.5288660671875001 0.38099233125 0.4938145140625 0.37171397968750003 0.4938145140625
2 0.364755215625 0.4917526578125 0.364755215625 0.5329897796874999 0.3751933609375 0.5329897796874999 0.3751933609375 0.4917526578125 0.364755215625 0.4917526578125
2 0.3461985109375 0.4855670890625 0.3461985109375 0.547422771875 0.3670748046875 0.547422771875 0.3670748046875 0.4855670890625 0.3461985109375 0.4855670890625
2 0.32300263125 0.481443378125 0.32300263125 0.55979390625 0.35083768593750003 0.55979390625 0.35083768593750003 0.481443378125 0.32300263125 0.481443378125
2 0.2052835390625 0.4685567796875 0.2052835390625 0.540721740625 0.25631447500000004 0.540721740625 0.25631447500000004 0.4685567796875 0.2052835390625 0.4685567796875
2 0.2667526203125 0.4685567796875 0.2667526203125 0.49742276093750004 0.2829897359375 0.49742276093750004 0.2829897359375 0.4685567796875 0.2667526203125 0.4685567796875
2 0.14149486875 0.48092791406249996 0.14149486875 0.548453696875 0.2113144734375 0.548453696875 0.2113144734375 0.48092791406249996 0.14149486875 0.48092791406249996
2 0.246340246875 0.47835059375 0.246340246875 0.5913403046875 0.3326289234375 0.5913403046875 0.3326289234375 0.47835059375 0.246340246875 0.47835059375
2 0.39641759374999996 0.4845361625 0.39641759374999996 0.5030928640625 0.4103351234375 0.5030928640625 0.4103351234375 0.4845361625 0.39641759374999996 0.4845361625
4 0.5613402984375 0.5175258578124999 0.5613402984375 0.5917526750000001 0.572938240625 0.5917526750000001 0.572938240625 0.5175258578124999 0.5613402984375 0.5175258578124999