6 0.38608344687499996 0.3098397859375 0.38608344687499996 0.3511663375 0.405024784375 0.3511663375 0.405024784375 0.3098397859375 0.38608344687499996 0.3098397859375
4 0.122749690625 0.35750745 0.122749690625 0.48148709843750004 0.15804945312500002 0.48148709843750004 0.15804945312500002 0.35750745 0.122749690625 0.35750745
4 0.21315151562499998 0.341982659375 0.21315151562499998 0.45983985625 0.2363977015625 0.45983985625 0.2363977015625 0.341982659375 0.21315151562499998 0.341982659375
4 0.818044303125 0.3207727421875 0.818044303125 0.3774054203125 0.8344027296875 0.3774054203125 0.8344027296875 0.3207727421875 0.818044303125 0.3207727421875
1 0.597267040625 0.3067785609375 0.597267040625 0.35728878750000004 0.6735243750000001 0.35728878750000004 0.6735243750000001 0.3067785609375 0.597267040625 0.3067785609375
6 0.46135680625 0.3113704015625 0.46135680625 0.361880628125 0.4802981421875 0.361880628125 0.4802981421875 0.3113704015625 0.46135680625 0.3113704015625
2 0.36978651875 0.33596953906250004 0.36978651875 0.36045934687500003 0.3852839734375 0.36045934687500003 0.3852839734375 0.33596953906250004 0.36978651875 0.33596953906250004
2 0.41713985625000005 0.3267858609375 0.41713985625000005 0.35433689375 0.429193434375 0.35433689375 0.429193434375 0.3267858609375 0.41713985625000005 0.3267858609375
2 0.4076691875 0.32831647343750003 0.4076691875 0.35280628125 0.42058373437499996 0.35280628125 0.42058373437499996 0.32831647343750003 0.4076691875 0.32831647343750003
2 0.7499046734375 0.3221940234375 0.7499046734375 0.34668383125 0.775733765625 0.34668383125 0.775733765625 0.3221940234375 0.7499046734375 0.3221940234375
2 0.7679850390625 0.3237246359375 0.7679850390625 0.3543368953125 0.7834824953124999 0.3543368953125 0.7834824953124999 0.3237246359375 0.7679850390625 0.3237246359375
4 0.9268339624999999 0.3130103453125 0.9268339624999999 0.3895409921875 0.9474972359375 0.3895409921875 0.9474972359375 0.3130103453125 0.9268339624999999 0.3130103453125
4 0.514859925 0.3329083140625 0.514859925 0.3543368953125 0.522608653125 0.3543368953125 0.522608653125 0.3329083140625 0.514859925 0.3329083140625
4 0.5828765375 0.3206634109375 0.5828765375 0.36505118593749997 0.5949301140625 0.36505118593749997 0.5949301140625 0.3206634109375 0.5828765375 0.3206634109375
2 0.39518512499999997 0.3329083140625 0.39518512499999997 0.36045934687500003 0.412404521875 0.36045934687500003 0.412404521875 0.3329083140625 0.39518512499999997 0.3329083140625
2 0.4442604046875 0.3313777015625 0.4442604046875 0.34821444375 0.45459204218749993 0.34821444375 0.45459204218749993 0.3313777015625 0.4442604046875 0.3313777015625
2 0.4330677953125 0.32831647343750003 0.4330677953125 0.34974505625 0.4425384640625 0.34974505625 0.4425384640625 0.32831647343750003 0.4330677953125 0.32831647343750003
2 0.8725537375 0.45918387968749996 0.8725537375 0.8362929843750001 0.998294453125 0.8362929843750001 0.998294453125 0.45918387968749996 0.8725537375 0.45918387968749996