2 0.2561857765625 0.48564089531250004 0.2561857765625 0.53951030625 0.3020972046875 0.53951030625 0.3020972046875 0.48564089531250004 0.2561857765625 0.48564089531250004
2 0.1999327984375 0.49625153749999995 0.1999327984375 0.5533857609374999 0.237580171875 0.5533857609374999 0.237580171875 0.49625153749999995 0.1999327984375 0.49625153749999995
2 0.51105979375 0.49741755625 0.51105979375 0.5659786265625 0.546870709375 0.5659786265625 0.546870709375 0.49741755625 0.51105979375 0.49741755625
2 0.5459524828125 0.4990499609375 0.5459524828125 0.554551778125 0.5725811109375 0.554551778125 0.5725811109375 0.4990499609375 0.5459524828125 0.4990499609375
2 0.5578894515624999 0.5088444 0.5578894515624999 0.56761103125 0.594618596875 0.56761103125 0.594618596875 0.5088444 0.5578894515624999 0.5088444
2 0.581763396875 0.4990499609375 0.581763396875 0.5823026859375 0.64512116875 0.5823026859375 0.64512116875 0.4990499609375 0.581763396875 0.4990499609375
2 0.6141637515625 0.5100104203125 0.6141637515625 0.6046899921875 0.7059866109375 0.6046899921875 0.7059866109375 0.5100104203125 0.6141637515625 0.5100104203125
2 0.0014283421875 0.48688220156249995 0.0014283421875 0.5831941781250001 0.060194971875 0.5831941781250001 0.060194971875 0.48688220156249995 0.0014283421875 0.48688220156249995
2 0.27689691875 0.5015738562500001 0.27689691875 0.5505460484375 0.32372657656250003 0.5505460484375 0.32372657656250003 0.5015738562500001 0.27689691875 0.5015738562500001
2 0.000510115625 0.4917794203125 0.000510115625 0.7496996296875 0.24475891718749998 0.7496996296875 0.24475891718749998 0.4917794203125 0.000510115625 0.4917794203125
2 0.420140578125 0.47708776249999996 0.420140578125 0.6403283984375 0.5211457234375 0.6403283984375 0.5211457234375 0.47708776249999996 0.420140578125 0.47708776249999996
2 0.3898390359375 0.4754553578125 0.3898390359375 0.49014701406250005 0.40177600625 0.49014701406250005 0.40177600625 0.4754553578125 0.3898390359375 0.4754553578125
2 0.376983834375 0.493411828125 0.376983834375 0.53585439375 0.4063671484375 0.53585439375 0.4063671484375 0.493411828125 0.376983834375 0.493411828125
2 0.3246448046875 0.48524979375 0.3246448046875 0.56523770625 0.3861661203125 0.56523770625 0.3861661203125 0.48524979375 0.3246448046875 0.48524979375
2 0.949958471875 0.58482658125 0.949958471875 0.7839801609375 0.9986245874999999 0.7839801609375 0.9986245874999999 0.58482658125 0.949958471875 0.58482658125