2 0.27424867656249996 0.5053749953125 0.27424867656249996 0.5321076796875001 0.318285996875 0.5321076796875001 0.318285996875 0.5053749953125 0.27424867656249996 0.5053749953125
2 0.057284314062499994 0.45318261875 0.057284314062499994 0.537199625 0.1399885515625 0.537199625 0.1399885515625 0.45318261875 0.057284314062499994 0.45318261875
2 0.5030279296875 0.525742759375 0.5030279296875 0.5524754421875 0.5169909828125 0.5524754421875 0.5169909828125 0.525742759375 0.5030279296875 0.525742759375
2 0.3496900859375 0.5139221843749999 0.3496900859375 0.5311074812500001 0.36150497656249997 0.5311074812500001 0.36150497656249997 0.5139221843749999 0.3496900859375 0.5139221843749999
6 0.4646167515625 0.5071026265625 0.4646167515625 0.528106878125 0.47965388437499995 0.528106878125 0.47965388437499995 0.5071026265625 0.4646167515625 0.5071026265625
6 0.4356165640625 0.48227942031250004 0.4356165640625 0.5319258328124999 0.45280186093749997 0.5319258328124999 0.45280186093749997 0.48227942031250004 0.4356165640625 0.48227942031250004
6 0.3636531390625 0.41926666875 0.3636531390625 0.5777532875 0.4366906453125 0.5777532875 0.4366906453125 0.41926666875 0.3636531390625 0.41926666875
2 0.0006137609375 0.3873511234375 0.0006137609375 0.8914531390624999 0.1864297734375 0.8914531390624999 0.1864297734375 0.3873511234375 0.0006137609375 0.3873511234375
2 0.11554042812500001 0.47682376875 0.11554042812500001 0.625763003125 0.2648376828125 0.625763003125 0.2648376828125 0.47682376875 0.11554042812500001 0.47682376875
2 0.31102317031250004 0.5128310578125 0.31102317031250004 0.570115378125 0.36150497656249997 0.570115378125 0.36150497656249997 0.5128310578125 0.31102317031250004 0.5128310578125
2 0.5398024218749999 0.48036994375 0.5398024218749999 0.6178523109375 0.63754379375 0.6178523109375 0.63754379375 0.48036994375 0.5398024218749999 0.48036994375
2 0.4764316421875 0.5111943609375 0.4764316421875 0.56847868125 0.5054318296875 0.56847868125 0.5054318296875 0.5111943609375 0.4764316421875 0.5111943609375
2 0.42057943125 0.52647018125 0.42057943125 0.637219865625 0.49898734375 0.637219865625 0.49898734375 0.52647018125 0.42057943125 0.52647018125
2 0.862662953125 0.3857144203125 0.862662953125 0.99726935625 0.9994323703125 0.99726935625 0.9994323703125 0.3857144203125 0.862662953125 0.3857144203125