2 0.468820296875 0.54499268125 0.468820296875 0.5637138046875 0.4770107875 0.5637138046875 0.4770107875 0.54499268125 0.468820296875 0.54499268125
2 0.46765022500000003 0.55747343125 0.46765022500000003 0.5741144296875 0.4770107859375 0.5741144296875 0.4770107859375 0.55747343125 0.46765022500000003 0.55747343125
2 0.46062980312499996 0.55747343125 0.46062980312499996 0.5741144296875 0.4711604359375 0.5741144296875 0.4711604359375 0.55747343125 0.46062980312499996 0.55747343125
2 0.4770107859375 0.54499268125 0.4770107859375 0.55955355625 0.4887114875 0.55955355625 0.4887114875 0.54499268125 0.4770107859375 0.54499268125
2 0.491051628125 0.55747343125 0.491051628125 0.5741144296875 0.5015822609375 0.5741144296875 0.5015822609375 0.55747343125 0.491051628125 0.55747343125
2 0.47233050624999995 0.5678740546875 0.47233050624999995 0.5886753031249999 0.48286113750000004 0.5886753031249999 0.48286113750000004 0.5678740546875 0.47233050624999995 0.5678740546875
2 0.5050924703125 0.584515053125 0.5050924703125 0.607396425 0.515623103125 0.607396425 0.515623103125 0.584515053125 0.5050924703125 0.584515053125
2 0.4770107859375 0.5720343046874999 0.4770107859375 0.6053163015624999 0.49924211874999996 0.6053163015624999 0.49924211874999996 0.5720343046874999 0.4770107859375 0.5720343046874999
2 0.443078753125 0.56163368125 0.443078753125 0.5782746796875 0.4582896640625 0.5782746796875 0.4582896640625 0.56163368125 0.443078753125 0.56163368125
2 0.45243931406250004 0.5907554265625 0.45243931406250004 0.607396425 0.465310084375 0.607396425 0.465310084375 0.5907554265625 0.45243931406250004 0.5907554265625
2 0.465310084375 0.5949156765625 0.465310084375 0.611556675 0.4770107875 0.611556675 0.4770107875 0.5949156765625 0.465310084375 0.5949156765625
2 0.44190868125 0.5865951765624999 0.44190868125 0.607396428125 0.455949525 0.607396428125 0.455949525 0.5865951765624999 0.44190868125 0.5865951765624999
2 0.434888259375 0.584515053125 0.434888259375 0.6094765453125001 0.44424882187500003 0.6094765453125001 0.44424882187500003 0.584515053125 0.434888259375 0.584515053125
2 0.41382699843750004 0.5782746796875 0.41382699843750004 0.607396425 0.43722839999999996 0.607396425 0.43722839999999996 0.5782746796875 0.41382699843750004 0.5782746796875
2 0.402126296875 0.5907554265625 0.402126296875 0.611556675 0.4114868578125 0.611556675 0.4114868578125 0.5907554265625 0.402126296875 0.5907554265625
2 0.36702419218750004 0.55955355625 0.36702419218750004 0.6136367984375 0.4044664359375 0.6136367984375 0.4044664359375 0.55955355625 0.36702419218750004 0.55955355625
2 0.343622790625 0.55747343125 0.343622790625 0.6136367984375 0.3717044734375 0.6136367984375 0.3717044734375 0.55747343125 0.343622790625 0.55747343125
2 0.28628935 0.5408324312499999 0.28628935 0.626117546875 0.3506432078125 0.626117546875 0.3506432078125 0.5408324312499999 0.28628935 0.5408324312499999
2 0.034724264062499996 0.5782746796875 0.034724264062499996 0.65939954375 0.12364959687499999 0.65939954375 0.12364959687499999 0.5782746796875 0.034724264062499996 0.5782746796875
2 0.034724264062499996 0.5824349296875 0.034724264062499996 0.7176430375 0.1681122625 0.7176430375 0.1681122625 0.5824349296875 0.034724264062499996 0.5824349296875
4 0.0557855265625 0.5824349296875 0.0557855265625 0.6281976734375 0.070996440625 0.6281976734375 0.070996440625 0.5824349296875 0.0557855265625 0.5824349296875
4 0.1798129640625 0.5782746796875 0.1798129640625 0.6281976734375 0.1950238765625 0.6281976734375 0.1950238765625 0.5782746796875 0.1798129640625 0.5782746796875
4 0.1997041578125 0.5699541781249999 0.1997041578125 0.626117546875 0.2078946484375 0.626117546875 0.2078946484375 0.5699541781249999 0.1997041578125 0.5699541781249999
4 0.20321436875 0.576194553125 0.20321436875 0.63443804375 0.2149150703125 0.63443804375 0.2149150703125 0.576194553125 0.20321436875 0.576194553125
4 0.577636821875 0.528351684375 0.577636821875 0.5969957984375001 0.5907308765625 0.5969957984375001 0.5907308765625 0.528351684375 0.577636821875 0.528351684375
4 0.687623415625 0.4950696875 0.687623415625 0.5865951734375 0.7086846796875 0.5865951734375 0.7086846796875 0.4950696875 0.687623415625 0.4950696875
4 0.6618818734375 0.48882931406249996 0.6618818734375 0.5907554265625 0.6899635578125001 0.5907554265625 0.6899635578125001 0.48882931406249996 0.6618818734375 0.48882931406249996
4 0.8479230281250001 0.4326659453125 0.8479230281250001 0.6406784203125 0.8994061171875 0.6406784203125 0.8994061171875 0.4326659453125 0.8479230281250001 0.4326659453125
1 0.5121128921875 0.4721883171875 0.5121128921875 0.599075925 0.5706164 0.599075925 0.5706164 0.4721883171875 0.5121128921875 0.4721883171875
2 0.9146170296875 0.482588940625 0.9146170296875 0.624037421875 0.9988620812500001 0.624037421875 0.9988620812500001 0.482588940625 0.9146170296875 0.482588940625
4 0.59635794375 0.517951059375 0.59635794375 0.59283555 0.6127389265625001 0.59283555 0.6127389265625001 0.517951059375 0.59635794375 0.517951059375