2 0.42794064374999996 0.516778128125 0.42794064374999996 0.5306420593750001 0.4415879546875 0.5306420593750001 0.4415879546875 0.516778128125 0.42794064374999996 0.516778128125
2 0.41234371875000003 0.5098461624999999 0.41234371875000003 0.5358410359375 0.4240414140625 0.5358410359375 0.4240414140625 0.5098461624999999 0.41234371875000003 0.5098461624999999
2 0.3850490984375 0.5081131703125 0.3850490984375 0.537574028125 0.40454525781250006 0.537574028125 0.40454525781250006 0.5081131703125 0.3850490984375 0.5081131703125
2 0.3694521734375 0.5098461624999999 0.3694521734375 0.5358410359375 0.386998715625 0.5358410359375 0.386998715625 0.5098461624999999 0.3694521734375 0.5098461624999999
2 0.35483005625 0.5081131703125 0.35483005625 0.5410400109375 0.376275828125 0.5410400109375 0.376275828125 0.5081131703125 0.35483005625 0.5081131703125
2 0.3450819765625 0.511579153125 0.3450819765625 0.5410400109375 0.3597040953125 0.5410400109375 0.3597040953125 0.511579153125 0.3450819765625 0.511579153125
2 0.3372835140625 0.516778128125 0.3372835140625 0.5462389859375001 0.3538552484375 0.5462389859375001 0.3538552484375 0.516778128125 0.3372835140625 0.516778128125
2 0.32948505 0.516778128125 0.32948505 0.5479719796875 0.3431323609375 0.5479719796875 0.3431323609375 0.516778128125 0.32948505 0.516778128125
2 0.3216865890625 0.5202441109375 0.3216865890625 0.54450599375 0.3333842828125 0.54450599375 0.3333842828125 0.5202441109375 0.3216865890625 0.5202441109375
2 0.3090140875 0.5202441109375 0.3090140875 0.5514379625 0.32851024375 0.5514379625 0.32851024375 0.5202441109375 0.3090140875 0.5202441109375
2 0.2934171609375 0.515045134375 0.2934171609375 0.5514379625 0.3138881265625 0.5514379625 0.3138881265625 0.515045134375 0.2934171609375 0.515045134375
2 0.2700217734375 0.5254430859375 0.2700217734375 0.5566369390625 0.292442353125 0.5566369390625 0.292442353125 0.5254430859375 0.2700217734375 0.5254430859375
2 0.2544248484375 0.537574028125 0.2544248484375 0.5583699281250001 0.27392100468749997 0.5583699281250001 0.27392100468749997 0.537574028125 0.2544248484375 0.537574028125
2 0.2203065734375 0.5289090703125 0.2203065734375 0.55836993125 0.251500425 0.55836993125 0.251500425 0.5289090703125 0.2203065734375 0.5289090703125
2 0.19106233749999998 0.5306420593750001 0.19106233749999998 0.56356890625 0.21543253281250002 0.56356890625 0.21543253281250002 0.5306420593750001 0.19106233749999998 0.5306420593750001
2 0.143296753125 0.5254430859375 0.143296753125 0.5687678796875 0.1783898359375 0.5687678796875 0.1783898359375 0.5254430859375 0.143296753125 0.5254430859375
2 0.0019496156250000001 0.516778128125 0.0019496156250000001 0.6294225906250001 0.1384227140625 0.6294225906250001 0.1384227140625 0.516778128125 0.0019496156250000001 0.516778128125
2 0.4825298828125 0.504647184375 0.4825298828125 0.54450599375 0.5088496953125 0.54450599375 0.5088496953125 0.504647184375 0.4825298828125 0.504647184375
2 0.5020260421875 0.5254430859375 0.5020260421875 0.560102921875 0.5195725828125 0.560102921875 0.5195725828125 0.5254430859375 0.5020260421875 0.5254430859375
6 0.5088496953125 0.45612341562500003 0.5088496953125 0.5930297625 0.579035859375 0.5930297625 0.579035859375 0.45612341562500003 0.5088496953125 0.45612341562500003
2 0.551741240625 0.5098461624999999 0.551741240625 0.6190246375 0.61900298125 0.6190246375 0.61900298125 0.5098461624999999 0.551741240625 0.5098461624999999
2 0.5858595156249999 0.4994482109375 0.5858595156249999 0.65888345 0.70576088125 0.65888345 0.70576088125 0.4994482109375 0.5858595156249999 0.4994482109375
2 0.44256276093749997 0.521977103125 0.44256276093749997 0.542773003125 0.464008534375 0.542773003125 0.464008534375 0.521977103125 0.44256276093749997 0.521977103125
2 0.6375243312500001 0.511579153125 0.6375243312500001 0.7628629546875 0.922168221875 0.7628629546875 0.922168221875 0.511579153125 0.6375243312500001 0.511579153125