6 0.5938380984375 0.42689921875000003 0.5938380984375 0.487884821875 0.634379665625 0.487884821875 0.634379665625 0.42689921875000003 0.5938380984375 0.42689921875000003
2 0.5891602265625 0.449537815625 0.5891602265625 0.49527701874999996 0.6078717171875 0.49527701874999996 0.6078717171875 0.449537815625 0.5891602265625 0.449537815625
2 0.546279725 0.43290537812499996 0.546279725 0.5174536 0.595397390625 0.5174536 0.595397390625 0.43290537812499996 0.546279725 0.43290537812499996
2 0.508856740625 0.4315193421875 0.508856740625 0.5521045109375 0.5673301515625 0.5521045109375 0.5673301515625 0.4315193421875 0.508856740625 0.4315193421875
2 0.39970637343750004 0.40934275624999994 0.39970637343750004 0.5992297468750001 0.533805396875 0.5992297468750001 0.533805396875 0.40934275624999994 0.39970637343750004 0.40934275624999994
2 0.0839499484375 0.36914770468749997 0.0839499484375 0.7600099765625 0.4488240390625 0.7600099765625 0.4488240390625 0.36914770468749997 0.0839499484375 0.36914770468749997
2 0.633340140625 0.45415793125 0.633340140625 0.47217640625 0.64893305 0.47217640625 0.64893305 0.45415793125 0.633340140625 0.45415793125
2 0.6520516328125 0.45415793125 0.6520516328125 0.47494847812499996 0.66062773125 0.47494847812499996 0.66062773125 0.45415793125 0.6520516328125 0.45415793125
2 0.6575091515625 0.4486137859375 0.6575091515625 0.4763345140625 0.6692038328125001 0.4763345140625 0.6692038328125001 0.4486137859375 0.6575091515625 0.4486137859375
2 0.6645259593749999 0.44722775 0.6645259593749999 0.480492621875 0.6894746171875 0.480492621875 0.6894746171875 0.44722775 0.6645259593749999 0.44722775
2 0.684017096875 0.4430696421875 0.684017096875 0.49851109843749997 0.7237790171875 0.49851109843749997 0.7237790171875 0.4430696421875 0.684017096875 0.4430696421875
2 0.6941524890624999 0.44722775 0.6941524890624999 0.5054412765625 0.7331347640625 0.5054412765625 0.7331347640625 0.44722775 0.6941524890624999 0.44722775
2 0.725338309375 0.4361394578125 0.725338309375 0.5276178640625 0.779133846875 0.5276178640625 0.779133846875 0.4361394578125 0.725338309375 0.4361394578125
2 0.7362533453125 0.44584171406250006 0.7362533453125 0.5428642625 0.7931674671875 0.5428642625 0.7931674671875 0.44584171406250006 0.7362533453125 0.44584171406250006
2 0.7627612921875 0.44445567812500003 0.7627612921875 0.571971028125 0.8555391046875 0.571971028125 0.8555391046875 0.44445567812500003 0.7627612921875 0.44445567812500003
2 0.823573640625 0.44584171406250006 0.823573640625 0.6260264484375 0.9974345859374999 0.6260264484375 0.9974345859374999 0.44584171406250006 0.823573640625 0.44584171406250006
2 0.9405204625 0.51791560625 0.9405204625 0.6897841234375 0.998214228125 0.6897841234375 0.998214228125 0.51791560625 0.9405204625 0.51791560625