2 0 0.51989751875 0.13744790625 0.51989751875 0.13744790625 0.39338912187499997 0 0.39338912187499997 0 0.51989751875
2 0.5069000796875 0.3812581796875 0.5069000796875 0.43324793125000005 0.5390687390625 0.43324793125000005 0.5390687390625 0.3812581796875 0.5069000796875 0.3812581796875
2 0.4630337265625 0.3847241625 0.4630337265625 0.41245203124999996 0.48447950000000006 0.41245203124999996 0.48447950000000006 0.3847241625 0.4630337265625 0.3847241625
2 0.379200253125 0.37432621250000003 0.379200253125 0.40898604531249994 0.40357044843749995 0.40898604531249994 0.40357044843749995 0.37432621250000003 0.379200253125 0.37432621250000003
2 0.639473946875 0.40725305624999997 0.639473946875 0.532028459375 0.7661989671875 0.532028459375 0.7661989671875 0.40725305624999997 0.639473946875 0.40725305624999997
2 0.1267250203125 0.37779219531249997 0.1267250203125 0.4835046921875 0.208608878125 0.4835046921875 0.208608878125 0.37779219531249997 0.1267250203125 0.37779219531249997
2 0.20665926406250001 0.3847241625 0.20665926406250001 0.46097580000000005 0.26319811875 0.46097580000000005 0.26319811875 0.3847241625 0.20665926406250001 0.3847241625
2 0.2505256171875 0.3812581796875 0.2505256171875 0.45231084062500004 0.29926600937500003 0.45231084062500004 0.29926600937500003 0.3812581796875 0.2505256171875 0.3812581796875
2 0.29439196875 0.3795251859375 0.29439196875 0.440179896875 0.33143466718750003 0.440179896875 0.33143466718750003 0.3795251859375 0.29439196875 0.3795251859375
2 0.3216865890625 0.38819014687500003 0.3216865890625 0.43324793125000005 0.3411827453125 0.43324793125000005 0.3411827453125 0.38819014687500003 0.3216865890625 0.38819014687500003
2 0.5897587484375 0.39685510625 0.5897587484375 0.4817717 0.65604568125 0.4817717 0.65604568125 0.39685510625 0.5897587484375 0.39685510625
2 0.571237396875 0.38645715625 0.571237396875 0.460975796875 0.6229022140625 0.460975796875 0.6229022140625 0.38645715625 0.571237396875 0.38645715625
2 0.5624641265625 0.3847241625 0.5624641265625 0.44537887343750004 0.59268316875 0.44537887343750004 0.59268316875 0.3847241625 0.5624641265625 0.3847241625
2 0.5439427796875 0.3847241625 0.5439427796875 0.4419128921875 0.5673381671875 0.4419128921875 0.5673381671875 0.3847241625 0.5439427796875 0.3847241625
2 0.5010512328125001 0.37432621250000003 0.5010512328125001 0.40898604531249994 0.521522196875 0.40898604531249994 0.521522196875 0.37432621250000003 0.5010512328125001 0.37432621250000003
2 0.49227796250000005 0.3847241625 0.49227796250000005 0.40898604687500006 0.5030008484375 0.40898604687500006 0.5030008484375 0.3847241625 0.49227796250000005 0.3847241625
2 0.450361225 0.38645715625 0.450361225 0.41245203124999996 0.46595814999999996 0.41245203124999996 0.46595814999999996 0.38645715625 0.450361225 0.38645715625
2 0.406678621875 0.375994775 0.406678621875 0.41001335 0.4237998125 0.41001335 0.4237998125 0.375994775 0.406678621875 0.375994775
2 0.4237998125 0.38315658125 0.4237998125 0.41359425312500003 0.4399138734375 0.41359425312500003 0.4399138734375 0.38315658125 0.4237998125 0.38315658125