2 0.294183153125 0.46488201875 0.294183153125 0.48401588125000006 0.30853355 0.48401588125000006 0.30853355 0.46488201875 0.294183153125 0.46488201875
2 0.27385342343749997 0.46488201875 0.27385342343749997 0.48826785156249997 0.2905955546875 0.48826785156249997 0.2905955546875 0.46488201875 0.27385342343749997 0.46488201875
2 0.251131959375 0.4664410765625 0.251131959375 0.49620486562500005 0.2786368859375 0.49620486562500005 0.2786368859375 0.4664410765625 0.251131959375 0.4664410765625
2 0.231998096875 0.46431509374999996 0.231998096875 0.48557494375 0.2475443625 0.48557494375 0.2475443625 0.46431509374999996 0.231998096875 0.46431509374999996
2 0.2331939625 0.46856706406250004 0.2331939625 0.49620486562500005 0.254719559375 0.49620486562500005 0.254719559375 0.46856706406250004 0.2331939625 0.46856706406250004
2 0.22362702968749998 0.4664410765625 0.22362702968749998 0.485574940625 0.2355856953125 0.485574940625 0.2355856953125 0.4664410765625 0.22362702968749998 0.4664410765625
2 0.17937997187500002 0.46431509374999996 0.17937997187500002 0.47919698593750004 0.198513834375 0.47919698593750004 0.198513834375 0.46431509374999996 0.17937997187500002 0.46431509374999996
2 0.202101434375 0.470693046875 0.202101434375 0.504708803125 0.2331939609375 0.504708803125 0.2331939609375 0.470693046875 0.202101434375 0.470693046875
2 0.178184103125 0.47494503125 0.178184103125 0.5068348109375 0.2068849 0.5068348109375 0.2068849 0.47494503125 0.178184103125 0.47494503125
2 0.14589570937500002 0.4770710203125 0.14589570937500002 0.5132127625 0.18775103906249999 0.5132127625 0.18775103906249999 0.4770710203125 0.14589570937500002 0.4770710203125
2 0.1171949140625 0.47494503125 0.1171949140625 0.5153387421875 0.15067917656250002 0.5153387421875 0.15067917656250002 0.47494503125 0.1171949140625 0.47494503125
2 0.10882385000000001 0.47494503125 0.10882385000000001 0.5132127578125 0.12556598125 0.5132127578125 0.12556598125 0.47494503125 0.10882385000000001 0.47494503125
2 0.0789271875 0.4728190453125 0.0789271875 0.5025828375 0.1195866484375 0.5025828375 0.1195866484375 0.4728190453125 0.0789271875 0.4728190453125
2 0.0227214640625 0.48557495624999997 0.0227214640625 0.5323466234375 0.064576790625 0.5323466234375 0.064576790625 0.48557495624999997 0.0227214640625 0.48557495624999997
2 0.05500985625 0.48557495624999997 0.05500985625 0.5323466234375 0.11121558125 0.5323466234375 0.11121558125 0.48557495624999997 0.05500985625 0.48557495624999997
2 0 0.52809465625 0.017937996875 0.52809465625 0.017937996875 0.49620488281249997 0 0.49620488281249997 0 0.52809465625
2 0.42955523281249997 0.4515592 0.42955523281249997 0.47281905 0.4391221640625 0.47281905 0.4391221640625 0.4515592 0.42955523281249997 0.4515592
2 0.8456420250000001 0.41966940937499997 0.8456420250000001 0.52171668125 0.9221774796875 0.52171668125 0.9221774796875 0.41966940937499997 0.8456420250000001 0.41966940937499997
2 0.4735631234375 0.4464568171875 0.4735631234375 0.5527560593749999 0.5584696421875 0.5527560593749999 0.5584696421875 0.4464568171875 0.4735631234375 0.4464568171875
2 0.3551723421875 0.4018111328125 0.3551723421875 0.5378741609375 0.43529539687499996 0.5378741609375 0.43529539687499996 0.4018111328125 0.3551723421875 0.4018111328125
2 0.30494595156250004 0.45708674218749995 0.30494595156250004 0.4953544765625 0.340821946875 0.4953544765625 0.340821946875 0.45708674218749995 0.30494595156250004 0.45708674218749995