4 0.171567871875 0.4270309515625 0.171567871875 0.5207808859374999 0.19002488906249998 0.5207808859374999 0.19002488906249998 0.4270309515625 0.171567871875 0.4270309515625
4 0.14783741875 0.422343453125 0.14783741875 0.551249615625 0.17288623125 0.551249615625 0.17288623125 0.422343453125 0.14783741875 0.422343453125
4 0.12806204062499998 0.4317184453125 0.12806204062499998 0.548905865625 0.146519059375 0.548905865625 0.146519059375 0.4317184453125 0.12806204062499998 0.4317184453125
4 0.7635108234375 0.4809371609375 0.7635108234375 0.5254683828125 0.7727393328125001 0.5254683828125 0.7727393328125001 0.4809371609375 0.7635108234375 0.4809371609375
4 0.755600671875 0.47390591718749997 0.755600671875 0.5207808828125 0.766147540625 0.5207808828125 0.766147540625 0.47390591718749997 0.755600671875 0.47390591718749997
4 0.7463721624999999 0.46921842031249994 0.7463721624999999 0.5207808828125 0.75691903125 0.5207808828125 0.75691903125 0.46921842031249994 0.7463721624999999 0.46921842031249994
4 0.7279151453125 0.46687467343750005 0.7279151453125 0.537187125 0.7397803703125 0.537187125 0.7397803703125 0.46687467343750005 0.7279151453125 0.46687467343750005
4 0.7094581265625 0.47390591718749997 0.7094581265625 0.548905865625 0.7239600703125 0.548905865625 0.7239600703125 0.47390591718749997 0.7094581265625 0.47390591718749997
4 0.6369484109375 0.46687467343750005 0.6369484109375 0.5254683828125 0.6488136359375 0.5254683828125 0.6488136359375 0.46687467343750005 0.6369484109375 0.46687467343750005
4 0.700229615625 0.47390591718749997 0.700229615625 0.558280859375 0.7173682765625 0.558280859375 0.7173682765625 0.47390591718749997 0.700229615625 0.47390591718749997
4 0.6725440890625001 0.47390591718749997 0.6725440890625001 0.537187121875 0.688364390625 0.537187121875 0.688364390625 0.47390591718749997 0.6725440890625001 0.47390591718749997
4 0.375913434375 0.45984342656250005 0.375913434375 0.5020308953125 0.38514194375 0.5020308953125 0.38514194375 0.45984342656250005 0.375913434375 0.45984342656250005
4 0.365366565625 0.45984342656250005 0.365366565625 0.50906214375 0.375913434375 0.50906214375 0.375913434375 0.45984342656250005 0.365366565625 0.45984342656250005
4 0.357456415625 0.46218717500000006 0.357456415625 0.506718396875 0.3666849234375 0.506718396875 0.3666849234375 0.46218717500000006 0.357456415625 0.46218717500000006
4 0.33636268125 0.45515593125000003 0.33636268125 0.50671839375 0.3469095484375 0.50671839375 0.3469095484375 0.45515593125000003 0.33636268125 0.45515593125000003
4 0.3020853609375 0.45281218125 0.3020853609375 0.4832809109375 0.3099955109375 0.4832809109375 0.3099955109375 0.45281218125 0.3020853609375 0.45281218125
4 0.3218607359375 0.45281218125 0.3218607359375 0.50906214375 0.3297708875 0.50906214375 0.3297708875 0.45281218125 0.3218607359375 0.45281218125
2 0.42469269687500005 0.46687467343750005 0.42469269687500005 0.4926559046875 0.435239565625 0.4926559046875 0.435239565625 0.46687467343750005 0.42469269687500005 0.46687467343750005
2 0.4101907546875 0.46687467343750005 0.4101907546875 0.502030896875 0.42469269687500005 0.502030896875 0.42469269687500005 0.46687467343750005 0.4101907546875 0.46687467343750005
2 0.402280603125 0.47156216874999995 0.402280603125 0.4973434 0.4154641875 0.4973434 0.4154641875 0.47156216874999995 0.402280603125 0.47156216874999995
2 0.3825052265625 0.46921842031249994 0.3825052265625 0.5067183953125001 0.408872396875 0.5067183953125001 0.408872396875 0.46921842031249994 0.3825052265625 0.46921842031249994
2 0.1966166828125 0.4199997046875 0.1966166828125 0.586405840625 0.3284525296875 0.586405840625 0.3284525296875 0.4199997046875 0.1966166828125 0.4199997046875
2 0.42337433906250005 0.220781090625 0.42337433906250005 0.7059370046875 0.6369484109375 0.7059370046875 0.6369484109375 0.220781090625 0.42337433906250005 0.220781090625
6 0.0001812703125 0.014531231250000002 0.0001812703125 0.7176557484375 0.12410696562500001 0.7176557484375 0.12410696562500001 0.014531231250000002 0.0001812703125 0.014531231250000002