4 0.0450054578125 0.6098433234375 0.0450054578125 0.6824995234375 0.059507403125000004 0.6824995234375 0.059507403125000004 0.6098433234375 0.0450054578125 0.6098433234375
4 0.13992726718749998 0.6285933109374999 0.13992726718749998 0.6684370328125 0.1517924953125 0.6684370328125 0.1517924953125 0.6285933109374999 0.13992726718749998 0.6285933109374999
4 0.0080914203125 0.6098433234375 0.0080914203125 0.680155775 0.023911723437499997 0.680155775 0.023911723437499997 0.6098433234375 0.0080914203125 0.6098433234375
4 0.060825759374999996 0.6145308203125001 0.060825759374999996 0.6637495359375001 0.0687359109375 0.6637495359375001 0.0687359109375 0.6145308203125001 0.060825759374999996 0.6145308203125001
4 0.0687359109375 0.6215620656249999 0.0687359109375 0.680155775 0.0845562125 0.680155775 0.0845562125 0.6215620656249999 0.0687359109375 0.6215620656249999
4 0.48138211093749994 0.6332808062499999 0.48138211093749994 0.7270307421875 0.5011574890625 0.7270307421875 0.5011574890625 0.6332808062499999 0.48138211093749994 0.6332808062499999
4 0.1109233828125 0.6168745703125 0.1109233828125 0.680155775 0.12410696562500001 0.680155775 0.12410696562500001 0.6168745703125 0.1109233828125 0.6168745703125
2 0.2453959453125 0.6332808062499999 0.2453959453125 0.66843703125 0.271763115625 0.66843703125 0.271763115625 0.6332808062499999 0.2453959453125 0.6332808062499999
2 0.3627298484375 0.6332808062499999 0.3627298484375 0.6590620390625 0.3785501515625 0.6590620390625 0.3785501515625 0.6332808062499999 0.3627298484375 0.6332808062499999
2 0.3376810375 0.6379683046875 0.3376810375 0.6590620406250001 0.357456415625 0.6590620406250001 0.357456415625 0.6379683046875 0.3376810375 0.6379683046875
2 0.3099955109375 0.63562455625 0.3099955109375 0.6660932859375001 0.33504432031250003 0.6660932859375001 0.33504432031250003 0.63562455625 0.3099955109375 0.63562455625
2 0.287583415625 0.6332808062499999 0.287583415625 0.6590620390625 0.298130284375 0.6590620390625 0.298130284375 0.6332808062499999 0.287583415625 0.6332808062499999
2 0.4088723953125 0.640312053125 0.4088723953125 0.6614057890625 0.4220559796875 0.6614057890625 0.4220559796875 0.640312053125 0.4088723953125 0.640312053125
2 0.4141458296875 0.63562455625 0.4141458296875 0.6637495375 0.42732941249999995 0.6637495375 0.42732941249999995 0.63562455625 0.4141458296875 0.63562455625
2 0.420737621875 0.6426558015625 0.420737621875 0.67078078125 0.43787628125 0.67078078125 0.43787628125 0.6426558015625 0.420737621875 0.6426558015625
2 0.43392120624999997 0.6426558015625 0.43392120624999997 0.67078078125 0.451059865625 0.67078078125 0.451059865625 0.6426558015625 0.43392120624999997 0.6426558015625
2 0.44710479062499997 0.6332808062499999 0.44710479062499997 0.6918745171875 0.48533718593749997 0.6918745171875 0.48533718593749997 0.6332808062499999 0.44710479062499997 0.6332808062499999
2 0.2243022109375 0.6285933109374999 0.2243022109375 0.6684370328125 0.25198773750000003 0.6684370328125 0.25198773750000003 0.6285933109374999 0.2243022109375 0.6285933109374999
2 0.1860698140625 0.6332808062499999 0.1860698140625 0.6778120249999999 0.2203471328125 0.6778120249999999 0.2203471328125 0.6332808062499999 0.1860698140625 0.6332808062499999
2 0.39305209375 0.6379683046875 0.39305209375 0.6637495375 0.4101907546875 0.6637495375 0.4101907546875 0.6379683046875 0.39305209375 0.6379683046875
2 0.3772317921875 0.640312053125 0.3772317921875 0.6660932859375001 0.3943704515625 0.6660932859375001 0.3943704515625 0.640312053125 0.3772317921875 0.640312053125
4 0.2717631140625 0.6192183171875 0.2717631140625 0.6637495359375001 0.2823099828125 0.6637495359375001 0.2823099828125 0.6192183171875 0.2717631140625 0.6192183171875