4 0.044841159375 0.5718872703125 0.044841159375 0.6620028390625 0.06433731718749999 0.6620028390625 0.06433731718749999 0.5718872703125 0.044841159375 0.5718872703125
4 0.0809090515625 0.5562903453125 0.0809090515625 0.5996151390625 0.0926067453125 0.5996151390625 0.0926067453125 0.5562903453125 0.0809090515625 0.5562903453125
2 0.30998889375 0.5753532531250001 0.30998889375 0.6030811218750001 0.3216865875 0.6030811218750001 0.3216865875 0.5753532531250001 0.30998889375 0.5753532531250001
2 0.3041400484375 0.5788192359375001 0.3041400484375 0.60308111875 0.30998889687500003 0.60308111875 0.30998889687500003 0.5788192359375001 0.3041400484375 0.5788192359375001
6 0.28659350781250004 0.5684212859375 0.28659350781250004 0.6065471046875001 0.30608966249999997 0.6065471046875001 0.30608966249999997 0.5684212859375 0.28659350781250004 0.5684212859375
4 0.27392100468749997 0.5840182109375001 0.27392100468749997 0.61347906875 0.281719465625 0.61347906875 0.281719465625 0.5840182109375001 0.27392100468749997 0.5840182109375001
2 0.270021771875 0.580552228125 0.270021771875 0.608280096875 0.291467546875 0.608280096875 0.291467546875 0.580552228125 0.270021771875 0.580552228125
1 0.22128138125 0.53549444375 0.22128138125 0.6290759984375 0.27392100468749997 0.6290759984375 0.27392100468749997 0.53549444375 0.22128138125 0.53549444375
6 0.0789594359375 0.4540438328125 0.0789594359375 0.6810657499999999 0.2232309984375 0.6810657499999999 0.2232309984375 0.4540438328125 0.0789594359375 0.4540438328125
2 0.3197369734375 0.5822852203125 0.3197369734375 0.613479071875 0.3372835140625 0.613479071875 0.3372835140625 0.5822852203125 0.3197369734375 0.5822852203125
2 0.3411827453125 0.5822852203125 0.3411827453125 0.608280096875 0.360678903125 0.608280096875 0.360678903125 0.5822852203125 0.3411827453125 0.5822852203125
2 0.3441071703125 0.585751203125 0.3441071703125 0.644672921875 0.3840742921875 0.644672921875 0.3840742921875 0.585751203125 0.3441071703125 0.585751203125
2 0.38602390625 0.5874841953125001 0.38602390625 0.613479071875 0.3918727546875 0.613479071875 0.3918727546875 0.5874841953125001 0.38602390625 0.5874841953125001
2 0.390897946875 0.5788192359375001 0.390897946875 0.61867804375 0.4064948734375 0.61867804375 0.4064948734375 0.5788192359375001 0.390897946875 0.5788192359375001
2 0.3996712171875 0.5753532531250001 0.3996712171875 0.6256100124999999 0.41721775625 0.6256100124999999 0.41721775625 0.5753532531250001 0.3996712171875 0.5753532531250001
1 0.4084444859375 0.52509649375 0.4084444859375 0.6446729234374999 0.4874039234375 0.6446729234374999 0.4874039234375 0.52509649375 0.4084444859375 0.52509649375
2 0.4406131453125 0.5944161625 0.4406131453125 0.6672018140625 0.5146985421875 0.6672018140625 0.5146985421875 0.5944161625 0.4406131453125 0.5944161625
4 0.3450819765625 0.564955303125 0.3450819765625 0.677599765625 0.384074290625 0.677599765625 0.384074290625 0.564955303125 0.3450819765625 0.564955303125
6 0.5751366296875 0.0034659828125 0.5751366296875 0.9808733171874999 0.9991780421875 0.9808733171874999 0.9991780421875 0.0034659828125 0.5751366296875 0.0034659828125