4 0.2106126296875 0.4992299390625 0.2106126296875 0.530431809375 0.21646298125 0.530431809375 0.21646298125 0.4992299390625 0.2106126296875 0.4992299390625
3 0.15912954375 0.50824381875 0.15912954375 0.5581668140625 0.21178270000000002 0.5581668140625 0.21178270000000002 0.50824381875 0.15912954375 0.50824381875
3 0.6291077328125 0.5526198171875001 0.6291077328125 0.575501190625 0.6513390671875 0.575501190625 0.6513390671875 0.5526198171875001 0.6291077328125 0.5526198171875001
5 0.6326179421875 0.5276583203125 0.6326179421875 0.5526198140624999 0.6431485734375 0.5526198140624999 0.6431485734375 0.5276583203125 0.6326179421875 0.5276583203125
1 0.48167889218750004 0.46456119687499997 0.48167889218750004 0.59768918125 0.5706042250000001 0.59768918125 0.5706042250000001 0.46456119687499997 0.48167889218750004 0.46456119687499997
2 0.35843150625 0.486749190625 0.35843150625 0.7010020375 0.51288076875 0.7010020375 0.51288076875 0.486749190625 0.35843150625 0.486749190625
2 0.546812803125 0.526271559375 0.546812803125 0.6531591671875 0.6357381359375001 0.6531591671875 0.6357381359375001 0.526271559375 0.546812803125 0.526271559375
2 0.755475309375 0.54499268125 0.755475309375 0.9922195015625 0.997679834375 0.9922195015625 0.997679834375 0.54499268125 0.755475309375 0.54499268125
4 0.158893678125 0.4817717 0.158893678125 0.511232559375 0.16864175625 0.511232559375 0.16864175625 0.4817717 0.158893678125 0.4817717
4 0.16864175625 0.48523768125 0.16864175625 0.5164315328125 0.181314259375 0.5164315328125 0.181314259375 0.48523768125 0.16864175625 0.48523768125
2 0.024760118749999997 0.497368625 0.024760118749999997 0.526829484375 0.0647272421875 0.526829484375 0.0647272421875 0.497368625 0.024760118749999997 0.497368625
2 0.004289153125 0.5077665765625 0.004289153125 0.5233635015625 0.0218356953125 0.5233635015625 0.0218356953125 0.5077665765625 0.004289153125 0.5077665765625
2 0.725343953125 0.54305075625 0.725343953125 0.576610071875 0.7330664109375 0.576610071875 0.7330664109375 0.54305075625 0.725343953125 0.54305075625