2 0.5422434375 0.5020916953125 0.5422434375 0.5214962046875 0.5492602468750001 0.5214962046875 0.5492602468750001 0.5020916953125 0.5422434375 0.5020916953125
2 0.5469213109375 0.5007056578125 0.5469213109375 0.5242682765625 0.5578363484375 0.5242682765625 0.5578363484375 0.5007056578125 0.5469213109375 0.5007056578125
2 0.5531584765625001 0.5007056578125 0.5531584765625001 0.5325844953125001 0.5664124484374999 0.5325844953125001 0.5664124484374999 0.5007056578125 0.5531584765625001 0.5007056578125
2 0.5609549296874999 0.49931962343749997 0.5609549296874999 0.53812864375 0.5773274859375 0.53812864375 0.5773274859375 0.49931962343749997 0.5609549296874999 0.49931962343749997
2 0.5679717390625 0.5034777328125 0.5679717390625 0.5436727875 0.5859035859375 0.5436727875 0.5859035859375 0.5034777328125 0.5679717390625 0.5034777328125
2 0.5781071296875 0.5007056578125 0.5781071296875 0.5547610796875 0.5952593312500001 0.5547610796875 0.5952593312500001 0.5007056578125 0.5781071296875 0.5007056578125
2 0.5921407484375 0.4951615140625 0.5921407484375 0.5630772984375 0.6170894031249999 0.5630772984375 0.6170894031249999 0.4951615140625 0.5921407484375 0.4951615140625
2 0.5983779124999999 0.509021878125 0.5983779124999999 0.5810957718750001 0.6381398328125 0.5810957718750001 0.6381398328125 0.509021878125 0.5983779124999999 0.509021878125
2 0.621767278125 0.509021878125 0.621767278125 0.6074304625 0.6740035265625 0.6074304625 0.6740035265625 0.509021878125 0.621767278125 0.509021878125
2 0.654902209375 0.5020916953125 0.654902209375 0.6393093015625 0.738324278125 0.6393093015625 0.738324278125 0.5020916953125 0.654902209375 0.5020916953125
2 0.709745396875 0.41488690625 0.709745396875 0.7156568109375 0.984180609375 0.7156568109375 0.984180609375 0.41488690625 0.709745396875 0.41488690625
2 0.5058340078125 0.5031312203125 0.5058340078125 0.52392176875 0.5159693984375 0.52392176875 0.5159693984375 0.5031312203125 0.5058340078125 0.5031312203125
2 0.498037553125 0.5059032953125 0.498037553125 0.5294659140625 0.50817294375 0.5294659140625 0.50817294375 0.5059032953125 0.498037553125 0.5059032953125
2 0.48712251562500003 0.5059032953125 0.48712251562500003 0.5405542062500001 0.5011561343750001 0.5405542062500001 0.5011561343750001 0.5059032953125 0.48712251562500003 0.5059032953125
2 0.46841102343749996 0.50867536875 0.46841102343749996 0.5488704249999999 0.48946145156250004 0.5488704249999999 0.48946145156250004 0.50867536875 0.46841102343749996 0.50867536875
2 0.4496995328125 0.50867536875 0.4496995328125 0.5558006062499999 0.47230925 0.5558006062499999 0.47230925 0.50867536875 0.4496995328125 0.50867536875
2 0.42864910468749995 0.510061403125 0.42864910468749995 0.5724330421875 0.45437740625 0.5724330421875 0.45437740625 0.510061403125 0.42864910468749995 0.510061403125
2 0.394344703125 0.512833478125 0.394344703125 0.5932235921875 0.4341066234375 0.5932235921875 0.4341066234375 0.512833478125 0.394344703125 0.512833478125
2 0.341328809375 0.511447440625 0.341328809375 0.6098560265625 0.40448009375 0.6098560265625 0.40448009375 0.511447440625 0.341328809375 0.511447440625
2 0.216273659375 0.4740244578125 0.216273659375 0.6514371203125 0.37454169375 0.6514371203125 0.37454169375 0.4740244578125 0.216273659375 0.4740244578125
2 0.0000081140625 0.5035932390625 0.0000081140625 0.7808005234375 0.2705450984375 0.7808005234375 0.2705450984375 0.5035932390625 0.0000081140625 0.5035932390625
2 0.843056640625 0.4235351890625 0.843056640625 0.8019231343750001 0.9989857375 0.8019231343750001 0.9989857375 0.4235351890625 0.843056640625 0.4235351890625