2 0.571237396875 0.5233635015625 0.571237396875 0.54069341875 0.601456440625 0.54069341875 0.601456440625 0.5233635015625 0.571237396875 0.5233635015625
2 0.551741240625 0.50949956875 0.551741240625 0.537227434375 0.571237396875 0.537227434375 0.571237396875 0.50949956875 0.551741240625 0.50949956875
2 0.5302954671875 0.50949956875 0.5302954671875 0.537227434375 0.5497916234375 0.537227434375 0.5497916234375 0.50949956875 0.5302954671875 0.50949956875
2 0.513723734375 0.50949956875 0.513723734375 0.537227434375 0.531270275 0.537227434375 0.531270275 0.50949956875 0.513723734375 0.50949956875
2 0.498126809375 0.511232559375 0.498126809375 0.53722743125 0.5156733499999999 0.53722743125 0.5156733499999999 0.511232559375 0.498126809375 0.511232559375
2 0.4737566125 0.50949956875 0.4737566125 0.537227434375 0.5000764249999999 0.537227434375 0.5000764249999999 0.50949956875 0.4737566125 0.50949956875
2 0.45231084062500004 0.511232559375 0.45231084062500004 0.538960425 0.47473141874999997 0.538960425 0.47473141874999997 0.511232559375 0.45231084062500004 0.511232559375
2 0.42794064374999996 0.511232559375 0.42794064374999996 0.5354944421875001 0.455235265625 0.5354944421875001 0.455235265625 0.511232559375 0.42794064374999996 0.511232559375
2 0.411368909375 0.516431534375 0.411368909375 0.537227434375 0.4308650671875 0.537227434375 0.4308650671875 0.516431534375 0.411368909375 0.516431534375
2 0.386998715625 0.516431534375 0.386998715625 0.5476253859375 0.400646025 0.5476253859375 0.400646025 0.516431534375 0.386998715625 0.516431534375
2 0.3538552484375 0.5077665765625 0.3538552484375 0.549358378125 0.386998715625 0.549358378125 0.386998715625 0.5077665765625 0.3538552484375 0.5077665765625
2 0.3197369734375 0.50603358125 0.3197369734375 0.5528243609375 0.3441071703125 0.5528243609375 0.3441071703125 0.50603358125 0.3197369734375 0.50603358125
4 0.3957719859375 0.4939026421875 0.3957719859375 0.6273430046875 0.41819256562499996 0.6273430046875 0.41819256562499996 0.4939026421875 0.3957719859375 0.4939026421875
5 0.3372835140625 0.49910161718749996 0.3372835140625 0.571887271875 0.356779671875 0.571887271875 0.356779671875 0.49910161718749996 0.3372835140625 0.49910161718749996
0 0.3353339 0.5285624765625 0.3353339 0.5926831703125 0.356779671875 0.5926831703125 0.356779671875 0.5285624765625 0.3353339 0.5285624765625
4 0.0253450046875 0.50083460625 0.0253450046875 0.61867804375 0.048740392187499995 0.61867804375 0.048740392187499995 0.50083460625 0.0253450046875 0.50083460625
4 0.083833475 0.47657272500000003 0.083833475 0.6689348046875 0.1325738671875 0.6689348046875 0.1325738671875 0.47657272500000003 0.083833475 0.47657272500000003
4 0.116002134375 0.5025676 0.116002134375 0.6048141125 0.1325738671875 0.6048141125 0.1325738671875 0.5025676 0.116002134375 0.5025676
2 0.1462211765625 0.52509649375 0.1462211765625 0.571887271875 0.170591371875 0.571887271875 0.170591371875 0.52509649375 0.1462211765625 0.52509649375
2 0.1228257890625 0.50083460625 0.1228257890625 0.56148931875 0.17254098906249998 0.56148931875 0.17254098906249998 0.50083460625 0.1228257890625 0.50083460625
4 0.20470964687499998 0.45231084062500004 0.20470964687499998 0.6654688234374999 0.2592988875 0.6654688234374999 0.2592988875 0.45231084062500004 0.20470964687499998 0.45231084062500004
2 0.6083046015625 0.5060264703125 0.6083046015625 0.53999998125 0.624397315625 0.53999998125 0.624397315625 0.5060264703125 0.6083046015625 0.5060264703125