2 0.37063999999999997 0.79453070625 0.37063999999999997 0.8203119375 0.3825052265625 0.8203119375 0.3825052265625 0.79453070625 0.37063999999999997 0.79453070625
2 0.1452007015625 0.787499459375 0.1452007015625 0.8390619234375001 0.16893115625 0.8390619234375001 0.16893115625 0.787499459375 0.1452007015625 0.787499459375
2 0.1293804 0.79218695625 0.1293804 0.8390619234375001 0.1504741359375 0.8390619234375001 0.1504741359375 0.79218695625 0.1293804 0.79218695625
2 0.021275004687499998 0.7640619734375 0.021275004687499998 0.8859368906249999 0.1372905515625 0.8859368906249999 0.1372905515625 0.7640619734375 0.021275004687499998 0.7640619734375
2 0.2401225125 0.79218695625 0.2401225125 0.8460931687500001 0.2506693796875 0.8460931687500001 0.2506693796875 0.79218695625 0.2401225125 0.79218695625
2 0.38118686875 0.785155709375 0.38118686875 0.8648431562500001 0.41941926250000006 0.8648431562500001 0.41941926250000006 0.785155709375 0.38118686875 0.785155709375
2 0.47479031875000005 0.8015619484375 0.47479031875000005 0.8671869046875 0.5011574875 0.8671869046875 0.5011574875 0.8015619484375 0.47479031875000005 0.8015619484375
2 0.4101907546875 0.787499459375 0.4101907546875 0.8859368906249999 0.47874539374999997 0.8859368906249999 0.47874539374999997 0.787499459375 0.4101907546875 0.787499459375
2 0.2440775859375 0.749999484375 0.2440775859375 0.9468743484375001 0.371958359375 0.9468743484375001 0.371958359375 0.749999484375 0.2440775859375 0.749999484375
2 0.1583842875 0.7734369671875 0.1583842875 0.8882806375 0.23880415312499997 0.8882806375 0.23880415312499997 0.7734369671875 0.1583842875 0.7734369671875
2 0.001499628125 0.7804682140625 0.001499628125 0.9960930640625 0.0639760171875 0.9960930640625 0.0639760171875 0.7804682140625 0.001499628125 0.7804682140625