2 0.42420959375 0.4363637515625 0.42420959375 0.4666009125 0.4392170078125 0.4666009125 0.4392170078125 0.4363637515625 0.42420959375 0.4363637515625
2 0.41320415625000007 0.4363637515625 0.41320415625000007 0.4843874796875 0.4332140421875 0.4843874796875 0.4332140421875 0.4363637515625 0.41320415625000007 0.4363637515625
2 0.3791873484375 0.4416997203125 0.3791873484375 0.49328076093749995 0.4212081109375 0.49328076093749995 0.4212081109375 0.4416997203125 0.3791873484375 0.4416997203125
2 0.00100049375 0.4363637515625 0.00100049375 0.53063255 0.14707266562500002 0.53063255 0.14707266562500002 0.4363637515625 0.00100049375 0.4363637515625
2 0.6319789359375 0.42213449843750006 0.6319789359375 0.5039527015624999 0.7220234234375 0.5039527015624999 0.7220234234375 0.42213449843750006 0.6319789359375 0.42213449843750006
2 0.5899581734375 0.43280643750000003 0.5899581734375 0.46304360000000006 0.6229744859374999 0.46304360000000006 0.6229744859374999 0.43280643750000003 0.5899581734375 0.43280643750000003
2 0.3999976328125 0.32051392343749996 0.3999976328125 0.73849821875 0.6381152828125 0.73849821875 0.6381152828125 0.32051392343749996 0.3999976328125 0.32051392343749996
2 0.7870555546875 0.4061265890625 0.7870555546875 0.49683807343749997 0.8971099312499999 0.49683807343749997 0.8971099312499999 0.4061265890625 0.7870555546875 0.4061265890625
2 0.8921074593749999 0.39723330625000003 0.8921074593749999 0.47549419375 0.9871544218749999 0.47549419375 0.9871544218749999 0.39723330625000003 0.8921074593749999 0.39723330625000003
2 0.9491356359375 0.4061265890625 0.9491356359375 0.512845984375 0.9991603515625 0.512845984375 0.9991603515625 0.4061265890625 0.9491356359375 0.4061265890625
4 0.7160308546875 0.34328071875 0.7160308546875 0.7328065109375 0.7940694125000001 0.7328065109375 0.7940694125000001 0.34328071875 0.7160308546875 0.34328071875