4 0.052080309375 0.407494709375 0.052080309375 0.5641168265625 0.0723510921875 0.5641168265625 0.0723510921875 0.407494709375 0.052080309375 0.407494709375
4 0.013098034375000001 0.407494709375 0.013098034375000001 0.6167862109375 0.059097120312499994 0.6167862109375 0.059097120312499994 0.407494709375 0.013098034375000001 0.407494709375
4 0.396683615625 0.4241271453125 0.396683615625 0.4463037296875 0.40603935937499996 0.4463037296875 0.40603935937499996 0.4241271453125 0.396683615625 0.4241271453125
2 0.656266590625 0.4054156546875 0.656266590625 0.4303643078125 0.6632833984375 0.4303643078125 0.6632833984375 0.4054156546875 0.656266590625 0.4054156546875
2 0.659385171875 0.4054156546875 0.659385171875 0.438680528125 0.6843338265625001 0.438680528125 0.6843338265625001 0.4054156546875 0.659385171875 0.4054156546875
2 0.4707109640625 0.415117909375 0.4707109640625 0.445610709375 0.49799855937500004 0.445610709375 0.49799855937500004 0.415117909375 0.4707109640625 0.415117909375
2 0.494879975 0.42066205625 0.494879975 0.46778729375 0.5237268562499999 0.46778729375 0.5237268562499999 0.42066205625 0.494879975 0.42066205625
2 0.600132115625 0.42066205625 0.600132115625 0.46778729375 0.6102675078125 0.46778729375 0.6102675078125 0.42066205625 0.600132115625 0.42066205625
2 0.5744038140625001 0.415117909375 0.5744038140625001 0.4871918046875 0.6055896328125 0.4871918046875 0.6055896328125 0.415117909375 0.5744038140625001 0.415117909375
2 0.5221675671875 0.41927601875000003 0.5221675671875 0.44145260156250005 0.533082603125 0.44145260156250005 0.533082603125 0.41927601875000003 0.5221675671875 0.41927601875000003
2 0.1506842171875 0.43032099687500003 0.1506842171875 0.49823678125 0.25827529375 0.49823678125 0.25827529375 0.43032099687500003 0.1506842171875 0.43032099687500003
2 0.7258499515625 0.399178490625 0.7258499515625 0.503131221875 0.8474746468750001 0.503131221875 0.8474746468750001 0.399178490625 0.7258499515625 0.399178490625
2 0.51768460625 0.41719696562499997 0.51768460625 0.52392176875 0.5816155359375 0.52392176875 0.5816155359375 0.41719696562499997 0.51768460625 0.41719696562499997
2 0.38124664531249997 0.429671290625 0.38124664531249997 0.5932235875 0.50676956875 0.5932235875 0.50676956875 0.429671290625 0.38124664531249997 0.429671290625
2 0.6665968921875 0.41303885625000003 0.6665968921875 0.5336240234375 0.7539171875 0.5336240234375 0.7539171875 0.41303885625000003 0.6665968921875 0.41303885625000003