1 0.303165240625 0.6256100109375 0.303165240625 0.6536842140625 0.3177873578125 0.6536842140625 0.3177873578125 0.6256100109375 0.303165240625 0.6256100109375
6 0.35190563125 0.6186780453125 0.35190563125 0.64813890625 0.3645781328125 0.64813890625 0.3645781328125 0.6186780453125 0.35190563125 0.6186780453125
2 0.360678903125 0.6360079640625 0.360678903125 0.655070871875 0.376275828125 0.655070871875 0.376275828125 0.6360079640625 0.360678903125 0.6360079640625
2 0.29439197031250003 0.634274971875 0.29439197031250003 0.64813890625 0.303165240625 0.64813890625 0.303165240625 0.634274971875 0.29439197031250003 0.634274971875
2 0.288543121875 0.634274971875 0.288543121875 0.655070871875 0.2982912015625 0.655070871875 0.2982912015625 0.634274971875 0.288543121875 0.634274971875
2 0.2748958125 0.6325419812499999 0.2748958125 0.65853685625 0.28951793124999997 0.65853685625 0.28951793124999997 0.6325419812499999 0.2748958125 0.6325419812499999
2 0.251500425 0.6273430062500001 0.251500425 0.6620028390625 0.2748958125 0.6620028390625 0.2748958125 0.6273430062500001 0.251500425 0.6273430062500001
1 0.13744790625 0.5788192343749999 0.13744790625 0.6827987390625 0.2242058046875 0.6827987390625 0.2242058046875 0.5788192343749999 0.13744790625 0.5788192343749999
4 0.077984628125 0.6169450546874999 0.077984628125 0.682798740625 0.1013800171875 0.682798740625 0.1013800171875 0.6169450546874999 0.077984628125 0.6169450546874999
4 0.048740390625000005 0.6186780453125 0.048740390625000005 0.6862647234375 0.0682365484375 0.6862647234375 0.0682365484375 0.6186780453125 0.048740390625000005 0.6186780453125
4 0.018521348437499998 0.6256100109375 0.018521348437499998 0.6827987390625 0.0370426984375 0.6827987390625 0.0370426984375 0.6256100109375 0.018521348437499998 0.6256100109375
4 0.0019496156250000001 0.6238770203125 0.0019496156250000001 0.682798740625 0.017546540625000003 0.682798740625 0.017546540625000003 0.6238770203125 0.0019496156250000001 0.6238770203125
2 0.380175059375 0.6273430062500001 0.380175059375 0.6568038656249999 0.3957719859375 0.6568038656249999 0.3957719859375 0.6273430062500001 0.380175059375 0.6273430062500001
2 0.39382236875 0.6256100109375 0.39382236875 0.6602698453125 0.40746967968750003 0.6602698453125 0.40746967968750003 0.6256100109375 0.39382236875 0.6256100109375
2 0.4016208328125 0.6256100109375 0.4016208328125 0.6620028375 0.42111698906250006 0.6620028375 0.42111698906250006 0.6256100109375 0.4016208328125 0.6256100109375
2 0.40746968125 0.6325419812499999 0.40746968125 0.6706677984375 0.43573910624999995 0.6706677984375 0.43573910624999995 0.6325419812499999 0.40746968125 0.6325419812499999
2 0.43086506875 0.6273430062500001 0.43086506875 0.6810657484375 0.4571848796875 0.6810657484375 0.4571848796875 0.6273430062500001 0.43086506875 0.6273430062500001
4 0.4952023859375 0.6134790703124999 0.4952023859375 0.6897307078125 0.51177411875 0.6897307078125 0.51177411875 0.6134790703124999 0.4952023859375 0.6134790703124999
2 0.44646199375 0.6273430062500001 0.44646199375 0.693196690625 0.4971520015625 0.693196690625 0.4971520015625 0.6273430062500001 0.44646199375 0.6273430062500001
2 0.5322450843750001 0.6325419812499999 0.5322450843750001 0.6741337828125 0.571237396875 0.6741337828125 0.571237396875 0.6325419812499999 0.5322450843750001 0.6325419812499999
2 0.579035859375 0.6204110375 0.579035859375 0.665468821875 0.5965824015625001 0.665468821875 0.5965824015625001 0.6204110375 0.579035859375 0.6204110375
2 0.5907335546875 0.6238770203125 0.5907335546875 0.682798740625 0.6414235625 0.682798740625 0.6414235625 0.6238770203125 0.5907335546875 0.6238770203125
2 0.5946327859375 0.6238770203125 0.5946327859375 0.7295895171875 0.77107300625 0.7295895171875 0.77107300625 0.6238770203125 0.5946327859375 0.6238770203125
2 0.9358155328125 0.6325419812499999 0.9358155328125 0.7330555000000001 0.9991780421875 0.7330555000000001 0.9991780421875 0.6325419812499999 0.9358155328125 0.6325419812499999