2 0.43229053593750005 0.38479468125 0.43229053593750005 0.4563178578125 0.48358606249999997 0.4563178578125 0.48358606249999997 0.38479468125 0.43229053593750005 0.38479468125
2 0.3256763 0.391947 0.3256763 0.47598673125 0.3548443453125 0.47598673125 0.3548443453125 0.391947 0.3256763 0.391947
2 0.6012640390625 0.39731123749999997 0.6012640390625 0.44022514375000005 0.6435074140625 0.44022514375000005 0.6435074140625 0.39731123749999997 0.6012640390625 0.39731123749999997
2 0.6736812546875 0.38479468125 0.6736812546875 0.4473774625 0.7279941671875 0.4473774625 0.7279941671875 0.38479468125 0.6736812546875 0.38479468125
2 0.7621911859375 0.38121852343749996 0.7621911859375 0.4330728265625 0.7994055875 0.4330728265625 0.7994055875 0.38121852343749996 0.7621911859375 0.38121852343749996
2 0.5378989734374999 0.38658275937500003 0.5378989734374999 0.45989401562500004 0.59925245 0.45989401562500004 0.59925245 0.38658275937500003 0.5378989734374999 0.38658275937500003
2 0.46347016874999997 0.39731123749999997 0.46347016874999997 0.4920794453125 0.543933740625 0.4920794453125 0.543933740625 0.39731123749999997 0.46347016874999997 0.39731123749999997
2 0.18587084062499998 0.359761571875 0.18587084062499998 0.56181454375 0.34679798906250003 0.56181454375 0.34679798906250003 0.359761571875 0.18587084062499998 0.359761571875
2 0.000804621875 0.4384370640625 0.000804621875 0.781748309375 0.041036410937500004 0.781748309375 0.041036410937500004 0.4384370640625 0.000804621875 0.4384370640625
2 0.000804621875 0.370490046875 0.000804621875 0.4920794453125 0.038019025 0.4920794453125 0.038019025 0.370490046875 0.000804621875 0.370490046875
2 0.0604380859375 0.4055200640625 0.0604380859375 0.44017989843749994 0.0809090515625 0.44017989843749994 0.0809090515625 0.4055200640625 0.0604380859375 0.4055200640625