2 0.4457272078125 0.394745346875 0.4457272078125 0.4171773703125 0.45605103593749996 0.4171773703125 0.45605103593749996 0.394745346875 0.4457272078125 0.394745346875
2 0.1901161765625 0.404184259375 0.1901161765625 0.495951625 0.270412621875 0.495951625 0.270412621875 0.404184259375 0.1901161765625 0.404184259375
2 0.49524266875 0.41030208281249997 0.49524266875 0.467401778125 0.537685075 0.467401778125 0.537685075 0.41030208281249997 0.49524266875 0.41030208281249997
2 0.330061409375 0.4164199078125 0.330061409375 0.45720540468750004 0.36217998749999997 0.45720540468750004 0.36217998749999997 0.4164199078125 0.330061409375 0.4164199078125
2 0.36217998749999997 0.4123413578125 0.36217998749999997 0.44496975625 0.3839747359375 0.44496975625 0.3839747359375 0.4123413578125 0.36217998749999997 0.4123413578125
2 0.369062540625 0.4123413578125 0.369062540625 0.44496975625 0.38971019687499997 0.44496975625 0.38971019687499997 0.4123413578125 0.369062540625 0.4123413578125
2 0.43100551249999997 0.3858307859375 0.43100551249999997 0.42253773125 0.4401822484375 0.42253773125 0.4401822484375 0.3858307859375 0.43100551249999997 0.3858307859375
6 0.46082990625000003 0.3878700609375 0.46082990625000003 0.4164199078125 0.472300828125 0.4164199078125 0.472300828125 0.3878700609375 0.46082990625000003 0.3878700609375
6 0.403475303125 0.3756344125 0.403475303125 0.4388519296875 0.43100551249999997 0.4388519296875 0.43100551249999997 0.3756344125 0.403475303125 0.3756344125
6 0.3839747359375 0.3797129609375 0.3839747359375 0.43069483125 0.403475303125 0.43069483125 0.403475303125 0.3797129609375 0.3839747359375 0.3797129609375
6 0.3667683578125 0.383791509375 0.3667683578125 0.41438063124999996 0.386268921875 0.41438063124999996 0.386268921875 0.383791509375 0.3667683578125 0.383791509375
2 0.10523136250000001 0.4204984578125 0.10523136250000001 0.44089120625 0.137349940625 0.44089120625 0.137349940625 0.4204984578125 0.10523136250000001 0.4204984578125
2 0.067377325 0.42865555625 0.067377325 0.44700903125 0.1063784546875 0.44700903125 0.1063784546875 0.42865555625 0.067377325 0.42865555625
2 0.014611089062499999 0.43681265625 0.014611089062499999 0.45516612968750003 0.0398471140625 0.45516612968750003 0.0398471140625 0.43681265625 0.014611089062499999 0.43681265625