2 0.0019623 0.48882931406249996 0.0019623 0.7904473999999999 0.0651460890625 0.7904473999999999 0.0651460890625 0.48882931406249996 0.0019623 0.48882931406249996
2 0.3038404015625 0.47817257968750004 0.3038404015625 0.580354803125 0.3880854546875 0.580354803125 0.3880854546875 0.47817257968750004 0.3038404015625 0.47817257968750004
2 0.427867840625 0.48882931406249996 0.427867840625 0.6427585421875001 0.5331741546875 0.6427585421875001 0.5331741546875 0.48882931406249996 0.427867840625 0.48882931406249996
2 0.634970259375 0.5013100625 0.634970259375 0.6073964265625 0.7157051015625 0.6073964265625 0.7157051015625 0.5013100625 0.634970259375 0.5013100625
6 0.5320040859375 0.47426844062500007 0.5320040859375 0.54707280625 0.5647660484375 0.54707280625 0.5647660484375 0.47426844062500007 0.5320040859375 0.47426844062500007
2 0.7203853812500001 0.5117106859375 0.7203853812500001 0.5741144296875 0.8186712765624999 0.5741144296875 0.8186712765624999 0.5117106859375 0.7203853812500001 0.5117106859375
2 0.3857453140625 0.5158709359375 0.3857453140625 0.54499268125 0.39744601562500004 0.54499268125 0.39744601562500004 0.5158709359375 0.3857453140625 0.5158709359375
2 0.45310967187499995 0.4004240125 0.45310967187499995 0.4316258859375 0.457789953125 0.4316258859375 0.457789953125 0.4004240125 0.45310967187499995 0.4004240125
2 0.6197466140625 0.52393528125 0.6197466140625 0.58647764375 0.6420559328125 0.58647764375 0.6420559328125 0.52393528125 0.6197466140625 0.52393528125
2 0.5613991687500001 0.5147827421875 0.5613991687500001 0.543765784375 0.5777021312499999 0.543765784375 0.5777021312499999 0.5147827421875 0.5613991687500001 0.5147827421875
6 0.4652974921875 0.47512173124999996 0.4652974921875 0.4949522359375 0.5236449390625 0.4949522359375 0.5236449390625 0.47512173124999996 0.4652974921875 0.47512173124999996