4 0.245454521875 0.42260736874999993 0.245454521875 0.5397948546875 0.2779740484375 0.5397948546875 0.2779740484375 0.42260736874999993 0.245454521875 0.42260736874999993
0 0.205024840625 0.51479485625 0.205024840625 0.5976073453125 0.2586381140625 0.5976073453125 0.2586381140625 0.51479485625 0.205024840625 0.51479485625
0 0.189204528125 0.5038573578125 0.189204528125 0.5991698453125001 0.2577592078125 0.5991698453125001 0.2577592078125 0.5038573578125 0.189204528125 0.5038573578125
2 0.36105463125 0.48906243906249997 0.36105463125 0.517187434375 0.383027284375 0.517187434375 0.383027284375 0.48906243906249997 0.36105463125 0.48906243906249997
2 0.44455071406249996 0.5156249374999999 0.44455071406249996 0.5343749343749999 0.45333977656249996 0.5343749343749999 0.45333977656249996 0.5156249374999999 0.44455071406249996 0.5156249374999999
2 0.5737499171875 0.54218743125 0.5737499171875 0.609374925 0.6335155359375 0.609374925 0.6335155359375 0.54218743125 0.5737499171875 0.54218743125
2 0.6133006937500001 0.5531249296875 0.6133006937500001 0.624999921875 0.6669139687500001 0.624999921875 0.6669139687500001 0.5531249296875 0.6133006937500001 0.5531249296875
2 0.4542186828125 0.5156249374999999 0.4542186828125 0.54062493125 0.4682811796875 0.54062493125 0.4682811796875 0.5156249374999999 0.4542186828125 0.5156249374999999
6 0.387421815625 0.44843744374999994 0.387421815625 0.5421510078125 0.43107538749999996 0.5421510078125 0.43107538749999996 0.44843744374999994 0.387421815625 0.44843744374999994
6 0.6581249062500001 0.2343749703125 0.6581249062500001 0.774999903125 0.9991404890625001 0.774999903125 0.9991404890625001 0.2343749703125 0.6581249062500001 0.2343749703125
2 0.42834382031249996 0.50122084375 0.42834382031249996 0.5473539734374999 0.44746479062500005 0.5473539734374999 0.44746479062500005 0.50122084375 0.42834382031249996 0.50122084375