2 0.30456355468749996 0.3862005140625 0.30456355468749996 0.43086026562499996 0.32896691875 0.43086026562499996 0.32896691875 0.3862005140625 0.30456355468749996 0.3862005140625
2 0.265805271875 0.393856471875 0.265805271875 0.41427235625 0.27298273125 0.41427235625 0.27298273125 0.393856471875 0.265805271875 0.393856471875
2 0.255756828125 0.393856471875 0.255756828125 0.41554835 0.26652301718750004 0.41554835 0.26652301718750004 0.393856471875 0.255756828125 0.393856471875
2 0.2442728921875 0.393856471875 0.2442728921875 0.4193763296875 0.2564745734375 0.4193763296875 0.2564745734375 0.393856471875 0.2442728921875 0.393856471875
2 0.22991797187500002 0.39640845625 0.22991797187500002 0.42320430625 0.2521680984375 0.42320430625 0.2521680984375 0.39640845625 0.22991797187500002 0.39640845625
2 0.0756823140625 0.3873568734375 0.0756823140625 0.504748215625 0.18621519687500002 0.504748215625 0.18621519687500002 0.3873568734375 0.0756823140625 0.3873568734375
2 0.50417666875 0.36566499375 0.50417666875 0.565995875 0.6656695171875 0.565995875 0.6656695171875 0.36566499375 0.50417666875 0.36566499375
2 0.263173528125 0.3873568734375 0.263173528125 0.4648867359375 0.3162867296875 0.4648867359375 0.3162867296875 0.3873568734375 0.263173528125 0.3873568734375
2 0.3563209953125 0.3937368390625 0.3563209953125 0.4728483953125 0.405127725 0.4728483953125 0.405127725 0.3937368390625 0.3563209953125 0.3937368390625
2 0.45696494374999996 0.37641789531250003 0.45696494374999996 0.507845159375 0.530175034375 0.507845159375 0.530175034375 0.37641789531250003 0.45696494374999996 0.37641789531250003
2 0.42394862812499995 0.38662583906250003 0.42394862812499995 0.49636122499999996 0.48065056093749997 0.49636122499999996 0.48065056093749997 0.38662583906250003 0.42394862812499995 0.38662583906250003
2 0.41677116875 0.382797859375 0.41677116875 0.47722133125 0.4454810078125 0.47722133125 0.4454810078125 0.382797859375 0.41677116875 0.382797859375
2 0.39308555 0.39045381875 0.39308555 0.47084136875000004 0.4203598984375 0.47084136875000004 0.4203598984375 0.39045381875 0.39308555 0.39045381875
2 0.3521740296875 0.3930058015625 0.3521740296875 0.4389415453125 0.36509345625 0.4389415453125 0.36509345625 0.3930058015625 0.3521740296875 0.3930058015625
2 0.195705403125 0.398109775 0.195705403125 0.4363895609375 0.225132990625 0.4363895609375 0.225132990625 0.398109775 0.195705403125 0.398109775
2 0.17704400781250001 0.400661759375 0.17704400781250001 0.44276952343750003 0.1978586421875 0.44276952343750003 0.1978586421875 0.400661759375 0.17704400781250001 0.400661759375
2 0.059671604687500004 0.400661759375 0.059671604687500004 0.45170147343749995 0.09842988750000001 0.45170147343749995 0.09842988750000001 0.400661759375 0.059671604687500004 0.400661759375
2 0.002870984375 0.398109775 0.002870984375 0.492533246875 0.076081075 0.492533246875 0.076081075 0.398109775 0.002870984375 0.398109775
2 0 0.49891320937500006 0.0107661890625 0.49891320937500006 0.0107661890625 0.4312855875 0 0.4312855875 0 0.49891320937500006
2 0.329923903125 0.39725911406250003 0.329923903125 0.41512301406249996 0.3349481265625 0.41512301406249996 0.3349481265625 0.39725911406250003 0.329923903125 0.39725911406250003
5 0.3326353796875 0.38352889375 0.3326353796875 0.47540038124999995 0.3527322671875 0.47540038124999995 0.3527322671875 0.38352889375 0.3326353796875 0.38352889375
0 0.3355063625 0.423084675 0.3355063625 0.4792283609375 0.35560325000000004 0.4792283609375 0.35560325000000004 0.423084675 0.3355063625 0.423084675