4 0.8412591703125001 0.40898604687500006 0.8412591703125001 0.5008346078125 0.864654559375 0.5008346078125 0.864654559375 0.40898604687500006 0.8412591703125001 0.40898604687500006
2 0.212508109375 0.4263159671875 0.212508109375 0.8543649203125 0.6336250999999999 0.8543649203125 0.6336250999999999 0.4263159671875 0.212508109375 0.4263159671875
6 0.085783090625 0.211424990625 0.085783090625 0.6082800953125 0.3480064015625 0.6082800953125 0.3480064015625 0.211424990625 0.085783090625 0.211424990625
6 0.6326502921875 0.398588096875 0.6326502921875 0.46790776718749993 0.6940631859375 0.46790776718749993 0.6940631859375 0.398588096875 0.6326502921875 0.398588096875
2 0.617053365625 0.40725305624999997 0.617053365625 0.45231084218750006 0.6414235609375 0.45231084218750006 0.6414235609375 0.40725305624999997 0.617053365625 0.40725305624999997
2 0.566363359375 0.3829911703125 0.566363359375 0.45750981562500004 0.6180281734374999 0.45750981562500004 0.6180281734374999 0.3829911703125 0.566363359375 0.3829911703125
2 0.543942778125 0.39685510625 0.543942778125 0.43324793125000005 0.571237396875 0.43324793125000005 0.571237396875 0.39685510625 0.543942778125 0.39685510625
2 0.5283458515625 0.398588096875 0.5283458515625 0.4263159640625 0.5458923921875 0.4263159640625 0.5458923921875 0.398588096875 0.5283458515625 0.398588096875
2 0.41136891093749994 0.39685510625 0.41136891093749994 0.42458297187499994 0.43866353125 0.42458297187499994 0.43866353125 0.39685510625 0.41136891093749994 0.39685510625
2 0.34703159375000003 0.3951221140625 0.34703159375000003 0.42458297187499994 0.3655529421875 0.42458297187499994 0.3655529421875 0.3951221140625 0.34703159375000003 0.3951221140625
2 0.364578134375 0.3933891234375 0.364578134375 0.42284998125 0.38212467499999997 0.42284998125 0.38212467499999997 0.3933891234375 0.364578134375 0.3933891234375
2 0.3782254453125 0.39685510625 0.3782254453125 0.42284998125 0.3889483296875 0.42284998125 0.3889483296875 0.39685510625 0.3782254453125 0.39685510625
2 0.38602390625 0.3933891234375 0.38602390625 0.414185021875 0.40357044843749995 0.414185021875 0.40357044843749995 0.3933891234375 0.38602390625 0.3933891234375
2 0.406494871875 0.38819014687500003 0.406494871875 0.4107190390625 0.4269658359375 0.4107190390625 0.4269658359375 0.38819014687500003 0.406494871875 0.38819014687500003
2 0.428915453125 0.38992313749999996 0.428915453125 0.42111698906250006 0.4542604578125 0.42111698906250006 0.4542604578125 0.38992313749999996 0.428915453125 0.38992313749999996
2 0.4796054609375 0.3933891234375 0.4796054609375 0.41245203124999996 0.49227796250000005 0.41245203124999996 0.49227796250000005 0.3933891234375 0.4796054609375 0.3933891234375
2 0.5195725828125 0.3951221140625 0.5195725828125 0.41591801406249995 0.528345853125 0.41591801406249995 0.528345853125 0.3951221140625 0.5195725828125 0.3951221140625
2 0.5078748875 0.38819014687500003 0.5078748875 0.41245203124999996 0.525421428125 0.41245203124999996 0.525421428125 0.38819014687500003 0.5078748875 0.38819014687500003
6 0.5283458515625 0.3847241625 0.5283458515625 0.4055200640625 0.543942778125 0.4055200640625 0.543942778125 0.3847241625 0.5283458515625 0.3847241625
4 0.498126809375 0.3951221140625 0.498126809375 0.4107190390625 0.50397565625 0.4107190390625 0.50397565625 0.3951221140625 0.498126809375 0.3951221140625
2 0.9650597671875 0.42111698906250006 0.9650597671875 0.49563563281249995 0.9855307312500001 0.49563563281249995 0.9855307312500001 0.42111698906250006 0.9650597671875 0.42111698906250006