2 0.34577808125 0.581855759375 0.34577808125 0.6148454546875 0.36665437343749996 0.6148454546875 0.36665437343749996 0.581855759375 0.34577808125 0.581855759375
2 0.46291727656250004 0.5880413296875 0.46291727656250004 0.6292784499999999 0.48263377343749997 0.6292784499999999 0.48263377343749997 0.5880413296875 0.46291727656250004 0.5880413296875
2 0.3237419953125 0.5777320453125 0.3237419953125 0.64164958125 0.3480976703125 0.64164958125 0.3480976703125 0.5777320453125 0.3237419953125 0.5777320453125
2 0.2738708546875 0.5694846234375001 0.2738708546875 0.668453709375 0.33765952499999996 0.668453709375 0.33765952499999996 0.5694846234375001 0.2738708546875 0.5694846234375001
2 0.1810873328125 0.5694846234375001 0.1810873328125 0.59628875 0.218200740625 0.59628875 0.218200740625 0.5694846234375001 0.1810873328125 0.5694846234375001
2 0.137015159375 0.5715464796874999 0.137015159375 0.6828867062499999 0.18688630312500001 0.6828867062499999 0.18688630312500001 0.5715464796874999 0.137015159375 0.5715464796874999
6 0.4814739796875 0.54268049375 0.4814739796875 0.64164958125 0.5359842968749999 0.64164958125 0.5359842968749999 0.54268049375 0.4814739796875 0.54268049375
6 0.57541729375 0.42515470468750005 0.57541729375 0.7055671234374999 0.6797987546875001 0.7055671234374999 0.6797987546875001 0.42515470468750005 0.57541729375 0.42515470468750005
6 0.5348245046875 0.5529897765625 0.5348245046875 0.6519588625 0.583535853125 0.6519588625 0.583535853125 0.5529897765625 0.5348245046875 0.5529897765625
6 0.3643347859375 0.480824815625 0.3643347859375 0.676701134375 0.447839953125 0.676701134375 0.447839953125 0.480824815625 0.3643347859375 0.480824815625
2 0.160211040625 0.5468042078125 0.160211040625 0.7158764015625 0.2993863234375 0.7158764015625 0.2993863234375 0.5468042078125 0.160211040625 0.5468042078125
6 0 0.7406186703125 0.1532522765625 0.7406186703125 0.1532522765625 0.3839175828125 0 0.3839175828125 0 0.7406186703125