2 0.40809610625000003 0.41762623593750003 0.40809610625000003 0.45404712812500003 0.43268020781249994 0.45404712812500003 0.43268020781249994 0.41762623593750003 0.40809610625000003 0.41762623593750003
2 0.39853562187499997 0.40791399687499996 0.39853562187499997 0.45161906875 0.41219345625 0.45161906875 0.41219345625 0.40791399687499996 0.39853562187499997 0.40791399687499996
2 0.3903409203125 0.3957737 0.3903409203125 0.45404712812500003 0.406730321875 0.45404712812500003 0.406730321875 0.3957737 0.3903409203125 0.3957737
2 0.3780488703125 0.38363340468749996 0.3780488703125 0.45647518906249995 0.40263297343750004 0.45647518906249995 0.40263297343750004 0.38363340468749996 0.3780488703125 0.38363340468749996
2 0.34390428281249996 0.3787772828125 0.34390428281249996 0.46133130624999996 0.39170670625000004 0.46133130624999996 0.39170670625000004 0.3787772828125 0.34390428281249996 0.3787772828125
2 0.33570958125 0.3860614625 0.33570958125 0.4758996640625 0.379414653125 0.4758996640625 0.379414653125 0.3860614625 0.33570958125 0.3860614625
2 0.2769808921875 0.35206863125 0.2769808921875 0.4977522 0.356196334375 0.4977522 0.356196334375 0.35206863125 0.2769808921875 0.35206863125
2 0.12128157656250001 0.3180757953125 0.12128157656250001 0.534173090625 0.3111254796875 0.534173090625 0.3111254796875 0.3180757953125 0.12128157656250001 0.3180757953125
2 0.4953241484375 0.42976653281250005 0.4953241484375 0.45890324531250004 0.5035188500000001 0.45890324531250004 0.5035188500000001 0.42976653281250005 0.4953241484375 0.42976653281250005
2 0.5021530624999999 0.415198175 0.5021530624999999 0.4564751875 0.511713546875 0.4564751875 0.511713546875 0.415198175 0.5021530624999999 0.415198175
2 0.510347765625 0.4030578796875 0.510347765625 0.46133130624999996 0.5199082500000001 0.46133130624999996 0.5199082500000001 0.4030578796875 0.510347765625 0.4030578796875
2 0.510347765625 0.4030578796875 0.510347765625 0.45404712812500003 0.5240056015625 0.45404712812500003 0.5240056015625 0.4030578796875 0.510347765625 0.4030578796875
2 0.5185424656250001 0.40062982031249994 0.5185424656250001 0.46375936875 0.537663434375 0.46375936875 0.537663434375 0.40062982031249994 0.5185424656250001 0.40062982031249994
2 0.529468734375 0.3957737 0.529468734375 0.4758996640625 0.54722391875 0.4758996640625 0.54722391875 0.3957737 0.529468734375 0.3957737
2 0.54139658125 0.39091758125 0.54139658125 0.48561190156249995 0.5741753859375 0.48561190156249995 0.5741753859375 0.39091758125 0.54139658125 0.39091758125
2 0.5562153203125 0.3544966890625 0.5562153203125 0.5250678703125 0.6793407124999999 0.5250678703125 0.6793407124999999 0.3544966890625 0.5562153203125 0.3544966890625
2 0.6053835234375 0.36420892656250003 0.6053835234375 0.607014878125 0.8362009328125 0.607014878125 0.8362009328125 0.36420892656250003 0.6053835234375 0.36420892656250003
2 0.000341446875 0.3277880328125 0.000341446875 0.6919969609375001 0.2106721015625 0.6919969609375001 0.2106721015625 0.3277880328125 0.000341446875 0.3277880328125
4 0.4438796296875 0.42066130937499996 0.4438796296875 0.4522260828125 0.45164708437499995 0.4522260828125 0.45164708437499995 0.42066130937499996 0.4438796296875 0.42066130937499996