2 0.40835448906250005 0.45138707031249997 0.40835448906250005 0.46386781875 0.42005518906250006 0.46386781875 0.42005518906250006 0.45138707031249997 0.40835448906250005 0.45138707031249997
2 0.39314357499999997 0.44930694375 0.39314357499999997 0.46802806874999997 0.40952455781249997 0.46802806874999997 0.40952455781249997 0.44930694375 0.39314357499999997 0.44930694375
2 0.3755925234375 0.44930694375 0.3755925234375 0.47426844218750003 0.39431364687500003 0.47426844218750003 0.39431364687500003 0.44930694375 0.3755925234375 0.44930694375
2 0.338150278125 0.43890631874999997 0.338150278125 0.4825889390625 0.3779326640625 0.4825889390625 0.3779326640625 0.43890631874999997 0.338150278125 0.43890631874999997
2 0.2890073328125 0.43890631874999997 0.2890073328125 0.4659479421875 0.306558384375 0.4659479421875 0.306558384375 0.43890631874999997 0.2890073328125 0.43890631874999997
2 0.2890073328125 0.44098644374999996 0.2890073328125 0.4992299359375 0.3451707 0.4992299359375 0.3451707 0.44098644374999996 0.2890073328125 0.44098644374999996
2 0.22582354218749998 0.4331859765625 0.22582354218749998 0.45398722343750003 0.2597555796875 0.45398722343750003 0.2597555796875 0.4331859765625 0.22582354218749998 0.4331859765625
2 0.242204525 0.44774685 0.242204525 0.50599034375 0.29251754218750003 0.50599034375 0.29251754218750003 0.44774685 0.242204525 0.44774685
2 0.4504770140625 0.44566672812499997 0.4504770140625 0.487269221875 0.47036820625000003 0.487269221875 0.47036820625000003 0.44566672812499997 0.4504770140625 0.44566672812499997
2 0.45749743593750003 0.4519071 0.45749743593750003 0.49766984374999995 0.4879192609375 0.49766984374999995 0.4879192609375 0.4519071 0.45749743593750003 0.4519071
2 0.47300086406249997 0.44410663125000005 0.47300086406249997 0.55019299375 0.5478853546875 0.55019299375 0.5478853546875 0.44410663125000005 0.47300086406249997 0.44410663125000005
2 0.654361740625 0.4378662578125 0.654361740625 0.6084364875 0.809981071875 0.6084364875 0.809981071875 0.4378662578125 0.654361740625 0.4378662578125
2 0.4168374984375 0.4482668828125 0.4168374984375 0.48986937656249996 0.442579040625 0.48986937656249996 0.442579040625 0.4482668828125 0.4168374984375 0.4482668828125
2 0.0014625875 0.37338239375 0.0014625875 0.6063563640625 0.1488914296875 0.6063563640625 0.1488914296875 0.37338239375 0.0014625875 0.37338239375
6 0.1079389734375 0.3754625171875 0.1079389734375 0.5356321234375 0.255367815625 0.5356321234375 0.255367815625 0.3754625171875 0.1079389734375 0.3754625171875
4 0.6548004984375 0.45227854062499995 0.6548004984375 0.5022015328125 0.6758617640625 0.5022015328125 0.6758617640625 0.45227854062499995 0.6548004984375 0.45227854062499995
4 0.5917457484375 0.45285650468750005 0.5917457484375 0.48279602343750005 0.6009317375000001 0.48279602343750005 0.6009317375000001 0.45285650468750005 0.5917457484375 0.45285650468750005