2 0.7983676265625 0.3604622796875 0.7983676265625 0.8283700453125 0.9991780421875 0.8283700453125 0.9991780421875 0.3604622796875 0.7983676265625 0.3604622796875
2 0.4971520015625 0.41245203124999996 0.4971520015625 0.5285624765625 0.5907335546875 0.5285624765625 0.5907335546875 0.41245203124999996 0.4971520015625 0.41245203124999996
2 0.468882575 0.41765100625 0.468882575 0.49563563281249995 0.5166481593750001 0.49563563281249995 0.5166481593750001 0.41765100625 0.468882575 0.41765100625
2 0.45231084218750006 0.398588096875 0.45231084218750006 0.48003870937500004 0.5098245046875001 0.48003870937500004 0.5098245046875001 0.398588096875 0.45231084218750006 0.398588096875
2 0.43671391406250004 0.4055200640625 0.43671391406250004 0.466174775 0.464983340625 0.466174775 0.464983340625 0.4055200640625 0.43671391406250004 0.4055200640625
2 0.4318398765625 0.41591801562499997 0.4318398765625 0.46097580000000005 0.44548718750000005 0.46097580000000005 0.44548718750000005 0.41591801562499997 0.4318398765625 0.41591801562499997
2 0.4230666046875 0.41591801562499997 0.4230666046875 0.4505778484375 0.4328146828125 0.4505778484375 0.4328146828125 0.41591801562499997 0.4230666046875 0.41591801562499997
6 0.40357044843749995 0.4055200640625 0.40357044843749995 0.42978195 0.42014218124999997 0.42978195 0.42014218124999997 0.4055200640625 0.40357044843749995 0.4055200640625
2 0.28366908281250003 0.42804895624999995 0.28366908281250003 0.49216964843750005 0.3372835140625 0.49216964843750005 0.3372835140625 0.42804895624999995 0.28366908281250003 0.42804895624999995
2 0.330459859375 0.43151494062499995 0.330459859375 0.48003870937500004 0.3450819765625 0.48003870937500004 0.3450819765625 0.43151494062499995 0.330459859375 0.43151494062499995
2 0.3411827453125 0.426315965625 0.3411827453125 0.466174775 0.3548300578125 0.466174775 0.3548300578125 0.426315965625 0.3411827453125 0.426315965625
2 0.356779671875 0.426315965625 0.356779671875 0.45750981562500004 0.3645781328125 0.45750981562500004 0.3645781328125 0.426315965625 0.356779671875 0.426315965625
2 0.3636033265625 0.42111698750000004 0.3636033265625 0.4471118640625 0.372376596875 0.4471118640625 0.372376596875 0.42111698750000004 0.3636033265625 0.42111698750000004
2 0.3694521734375 0.42284998125 0.3694521734375 0.44537887343750004 0.38212467499999997 0.44537887343750004 0.38212467499999997 0.42284998125 0.3694521734375 0.42284998125