4 0.0326723828125 0.5150070796875 0.0326723828125 0.6286115828125001 0.0656886921875 0.6286115828125001 0.0656886921875 0.5150070796875 0.0326723828125 0.5150070796875
4 0.0635586078125 0.5225807125 0.0635586078125 0.71192155 0.10296516874999999 0.71192155 0.10296516874999999 0.5225807125 0.0635586078125 0.5225807125
4 0.265916628125 0.5453016125000001 0.265916628125 0.6323983984375 0.2797621765625 0.6323983984375 0.2797621765625 0.5453016125000001 0.265916628125 0.5453016125000001
4 0.3159736109375 0.56612910625 0.3159736109375 0.6153577234375 0.329819159375 0.6153577234375 0.329819159375 0.56612910625 0.3159736109375 0.56612910625
4 0.8655353937499999 0.63997203125 0.8655353937499999 0.7157083671875 0.8900313640625 0.7157083671875 0.8900313640625 0.63997203125 0.8655353937499999 0.63997203125
4 0.8484947187499999 0.6267181734375 0.8484947187499999 0.7270688187500001 0.8708606046874999 0.7270688187500001 0.8708606046874999 0.6267181734375 0.8484947187499999 0.6267181734375
4 0.806958071875 0.586956596875 0.806958071875 0.7157083671875 0.8346491687500001 0.7157083671875 0.8346491687500001 0.586956596875 0.806958071875 0.586956596875
4 0.7600962140624999 0.6210379484375 0.7600962140624999 0.7138149578124999 0.7813970593749999 0.7138149578124999 0.7813970593749999 0.6210379484375 0.7600962140624999 0.6210379484375
4 0.7451856234374999 0.6210379484375 0.7451856234374999 0.7005611 0.7632913421875 0.7005611 0.7632913421875 0.6210379484375 0.7451856234374999 0.6210379484375
4 0.729209990625 0.6096774984375 0.729209990625 0.6986676921874999 0.74838075 0.6986676921874999 0.74838075 0.6096774984375 0.729209990625 0.6096774984375
2 0.5183316328124999 0.5907434140625 0.5183316328124999 0.6286115828125001 0.53217718125 0.6286115828125001 0.53217718125 0.5907434140625 0.5183316328124999 0.5907434140625
2 0.5513479421875 0.6021038640625 0.5513479421875 0.65133248125 0.5854292921875001 0.65133248125 0.5854292921875001 0.6021038640625 0.5513479421875 0.6021038640625
2 0.4959657453125 0.5850631890625 0.4959657453125 0.62861158125 0.517266590625 0.62861158125 0.517266590625 0.5850631890625 0.4959657453125 0.5850631890625
2 0.4767949859375 0.59453023125 0.4767949859375 0.6267181734375 0.4938356609375 0.6267181734375 0.4938356609375 0.59453023125 0.4767949859375 0.59453023125
2 0.4352583390625 0.5755961468749999 0.4352583390625 0.6551192968749999 0.4810551546875 0.6551192968749999 0.4810551546875 0.5755961468749999 0.4352583390625 0.5755961468749999
2 0.0901846625 0.5017532203124999 0.0901846625 0.7270688187500001 0.274436965625 0.7270688187500001 0.274436965625 0.5017532203124999 0.0901846625 0.5017532203124999
4 0.7890012343749999 0.593223590625 0.7890012343749999 0.7110366859374999 0.8123906 0.7110366859374999 0.8123906 0.593223590625 0.7890012343749999 0.593223590625