4 0.6705345 0.48983117187499997 0.6705345 0.5503793015625 0.6831486953125 0.5503793015625 0.6831486953125 0.48983117187499997 0.6705345 0.48983117187499997
4 0.678103015625 0.500723421875 0.678103015625 0.57248416875 0.6945014671874999 0.57248416875 0.6945014671874999 0.500723421875 0.678103015625 0.500723421875
4 0.615032046875 0.49399585156250003 0.615032046875 0.592666878125 0.6389990140624999 0.592666878125 0.6389990140624999 0.49399585156250003 0.615032046875 0.49399585156250003
2 0.3733801359375 0.5012039640625 0.3733801359375 0.5572670515625 0.408699878125 0.5572670515625 0.408699878125 0.5012039640625 0.3733801359375 0.5012039640625
2 0.5007834921875001 0.5077072874999999 0.5007834921875001 0.5278899984375001 0.5070905890625 0.5278899984375001 0.5070905890625 0.5077072874999999 0.5007834921875001 0.5077072874999999
2 0.5070905906250001 0.5077072874999999 0.5070905906250001 0.5256474734375 0.5184433640624999 0.5256474734375 0.5184433640624999 0.5077072874999999 0.5070905906250001 0.5077072874999999
1 0.4768165265625 0.48079700625 0.4768165265625 0.5144348562500001 0.520966203125 0.5144348562500001 0.520966203125 0.48079700625 0.4768165265625 0.48079700625
2 0.48943071875 0.5086042921875 0.48943071875 0.5310295265625 0.5020449124999999 0.5310295265625 0.5020449124999999 0.5086042921875 0.48943071875 0.5086042921875
2 0.4742936859375 0.4884215796875 0.4742936859375 0.56915241875 0.49699923281249997 0.56915241875 0.49699923281249997 0.4884215796875 0.4742936859375 0.4884215796875
2 0.042888259375 0.5086042984375 0.042888259375 0.6790360734374999 0.2220098109375 0.6790360734374999 0.2220098109375 0.5086042984375 0.042888259375 0.5086042984375
2 0.398608521875 0.470481403125 0.398608521875 0.6050328046875 0.48690787812499997 0.6050328046875 0.48690787812499997 0.470481403125 0.398608521875 0.470481403125
2 0.5186956546875 0.5041192546875 0.5186956546875 0.5377571046875 0.5376169453124999 0.5377571046875 0.5376169453124999 0.5041192546875 0.5186956546875 0.5041192546875
2 0.814372359375 0.342657571875 0.814372359375 0.892075790625 0.99980100625 0.892075790625 0.99980100625 0.342657571875 0.814372359375 0.342657571875
4 0.2459767796875 0.5251989781249999 0.2459767796875 0.5767770140625 0.259852390625 0.5767770140625 0.259852390625 0.5251989781249999 0.2459767796875 0.5251989781249999
6 0.2775122625 0.43774056562499997 0.2775122625 0.6059298171874999 0.38347149062499997 0.6059298171874999 0.38347149062499997 0.43774056562499997 0.2775122625 0.43774056562499997