2 0.4869078796875 0.49784018124999996 0.4869078796875 0.513537846875 0.50078349375 0.513537846875 0.50078349375 0.49784018124999996 0.4869078796875 0.49784018124999996
2 0.28381935937499997 0.484385040625 0.28381935937499997 0.5247504609375 0.320400521875 0.5247504609375 0.320400521875 0.484385040625 0.28381935937499997 0.484385040625
2 0.3178776828125 0.4866275640625 0.3178776828125 0.5247504640625 0.35193600625 0.5247504640625 0.35193600625 0.4866275640625 0.3178776828125 0.4866275640625
2 0.45284955625 0.49335513437499995 0.45284955625 0.5112953203124999 0.46167949375 0.5112953203124999 0.46167949375 0.49335513437499995 0.45284955625 0.49335513437499995
2 0.44149678124999997 0.49784018124999996 0.44149678124999997 0.518022890625 0.45032671874999997 0.518022890625 0.45032671874999997 0.49784018124999996 0.44149678124999997 0.49784018124999996
2 0.5777300750000001 0.49335513437499995 0.5777300750000001 0.51353784375 0.5890828484374999 0.51353784375 0.5890828484374999 0.49335513437499995 0.5777300750000001 0.49335513437499995
2 0.1923664546875 0.48214251875 0.1923664546875 0.5449331703125 0.2566988453125 0.5449331703125 0.2566988453125 0.48214251875 0.1923664546875 0.48214251875
2 0.351305296875 0.49335513437499995 0.351305296875 0.5280441671875 0.389147878125 0.5280441671875 0.389147878125 0.49335513437499995 0.351305296875 0.49335513437499995
2 0.5567064125 0.49260762812500003 0.5567064125 0.51951790625 0.574366284375 0.51951790625 0.574366284375 0.49260762812500003 0.5567064125 0.49260762812500003
2 0.528955184375 0.49485015 0.528955184375 0.5172753828125 0.547876475 0.5172753828125 0.547876475 0.49485015 0.528955184375 0.49485015
2 0.5024653781249999 0.499335196875 0.5024653781249999 0.52400295625 0.5289551859375 0.52400295625 0.5289551859375 0.499335196875 0.5024653781249999 0.499335196875
2 0.5897836203125 0.48988233125 0.5897836203125 0.5190351343749999 0.6036592328125 0.5190351343749999 0.6036592328125 0.48988233125 0.5897836203125 0.48988233125
2 0.6818672359375 0.46969961875 0.6818672359375 0.7657127 0.9480267234375 0.7657127 0.9480267234375 0.46969961875 0.6818672359375 0.46969961875
2 0.6304803515625 0.49216379374999997 0.6304803515625 0.51010398125 0.6393102875000001 0.51010398125 0.6393102875000001 0.49216379374999997 0.6304803515625 0.49216379374999997