2 0.510127990625 0.2437499140625 0.510127990625 0.26999990625 0.5248936109375 0.26999990625 0.5248936109375 0.2437499140625 0.510127990625 0.2437499140625
2 0.529112359375 0.2437499140625 0.529112359375 0.26999990625 0.5396592296875 0.26999990625 0.5396592296875 0.2437499140625 0.529112359375 0.2437499140625
2 0.5892295265625 0.25124991093750004 0.5892295265625 0.288749896875 0.6132179578125 0.288749896875 0.6132179578125 0.25124991093750004 0.5892295265625 0.25124991093750004
2 0.6113779546875 0.23999991718749997 0.6113779546875 0.3018748953125 0.669385746875 0.3018748953125 0.669385746875 0.23999991718749997 0.6113779546875 0.23999991718749997
2 0.6546201265625 0.23624991718750002 0.6546201265625 0.296249896875 0.6830966796875 0.296249896875 0.6830966796875 0.23624991718750002 0.6546201265625 0.23624991718750002
2 0.67993261875 0.22874991875 0.67993261875 0.2849999 0.7273935390624999 0.2849999 0.7273935390624999 0.22874991875 0.67993261875 0.22874991875
2 0.6957529250000001 0.22874991875 0.6957529250000001 0.3187498890625 0.7611435296875 0.3187498890625 0.7611435296875 0.22874991875 0.6957529250000001 0.22874991875
2 0.7379404093749999 0.21374992656249997 0.7379404093749999 0.33562488125 0.8412997499999999 0.33562488125 0.8412997499999999 0.21374992656249997 0.7379404093749999 0.21374992656249997
2 0.7970028890624999 0.21937492343749998 0.7970028890624999 0.34499988125000003 0.9098544125 0.34499988125000003 0.9098544125 0.21937492343749998 0.7970028890624999 0.21937492343749998
6 0.832862253125 0.187499934375 0.832862253125 0.46874983437499995 0.9995028187500001 0.46874983437499995 0.9995028187500001 0.187499934375 0.832862253125 0.187499934375
2 0.5312217328125 0.23999991718749997 0.5312217328125 0.3187498890625 0.5923935859375 0.3187498890625 0.5923935859375 0.23999991718749997 0.5312217328125 0.23999991718749997
2 0.46161238125 0.23999991718749997 0.46161238125 0.292499896875 0.4932529953125 0.292499896875 0.4932529953125 0.23999991718749997 0.46161238125 0.23999991718749997
2 0.4415733265625 0.2474999140625 0.4415733265625 0.2624999078125 0.453174884375 0.2624999078125 0.453174884375 0.2474999140625 0.4415733265625 0.2474999140625
2 0.3867295953125 0.2437499140625 0.3867295953125 0.31312489062500004 0.4384092640625 0.31312489062500004 0.4384092640625 0.2437499140625 0.3867295953125 0.2437499140625
2 0.10196407031250002 0.2474999140625 0.10196407031250002 0.2868749015625 0.132549996875 0.2868749015625 0.132549996875 0.2474999140625 0.10196407031250002 0.2474999140625
2 0.018643785937499997 0.2587499078125 0.018643785937499997 0.28687489843749997 0.063995334375 0.28687489843749997 0.063995334375 0.2587499078125 0.018643785937499997 0.2587499078125
2 0 0.281249903125 0.0144250390625 0.281249903125 0.0144250390625 0.2474999140625 0 0.2474999140625 0 0.281249903125
4 0.2216654921875 0.2512498203125 0.2216654921875 0.29109354375 0.23089400312500002 0.29109354375 0.23089400312500002 0.2512498203125 0.2216654921875 0.2512498203125