4 0.6750713765625 0.4385592390625 0.6750713765625 0.52093210625 0.6999548453125 0.52093210625 0.6999548453125 0.4385592390625 0.6750713765625 0.4385592390625
4 0.6270205375 0.4629660140625 0.6270205375 0.5102541421875 0.646755703125 0.5102541421875 0.646755703125 0.4629660140625 0.6270205375 0.4629660140625
4 0.7136836578125 0.42483042812500005 0.7136836578125 0.6124575109375 0.7462895828125 0.6124575109375 0.7462895828125 0.42483042812500005 0.7136836578125 0.42483042812500005
4 0.7737472046875 0.42025415625000007 0.7737472046875 0.6246608984375001 0.8183658406250001 0.6246608984375001 0.8183658406250001 0.42025415625000007 0.7737472046875 0.42025415625000007
4 0.8758552359375 0.45991516718750003 0.8758552359375 0.6048303953125 0.9161836187500001 0.6048303953125 0.9161836187500001 0.45991516718750003 0.8758552359375 0.45991516718750003
4 0.913609465625 0.4629660140625 0.913609465625 0.6216100499999999 0.9573700531249999 0.6216100499999999 0.9573700531249999 0.4629660140625 0.913609465625 0.4629660140625
2 0.3428984921875 0.49837763125 0.3428984921875 0.5319369453125 0.3634917078125 0.5319369453125 0.3634917078125 0.49837763125 0.3428984921875 0.49837763125
2 0.2914154515625 0.5029538984374999 0.2914154515625 0.527360675 0.3154408703125 0.527360675 0.3154408703125 0.5029538984374999 0.2914154515625 0.5029538984374999
2 0.389233228125 0.4938013609375 0.389233228125 0.5304115203124999 0.41154254687499997 0.5304115203124999 0.41154254687499997 0.4938013609375 0.389233228125 0.4938013609375
2 0.52419235625 0.42973357500000003 0.52419235625 0.5609199921875 0.60313301875 0.5609199921875 0.60313301875 0.42973357500000003 0.52419235625 0.42973357500000003
2 0.310957575 0.47593211249999995 0.310957575 0.5399998984375001 0.346137653125 0.5399998984375001 0.346137653125 0.47593211249999995 0.310957575 0.47593211249999995
2 0.39333042812499996 0.4042372109375 0.39333042812499996 0.677288009375 0.5512117546875 0.677288009375 0.5512117546875 0.4042372109375 0.39333042812499996 0.4042372109375
4 0.1040386453125 0.412627040625 0.1040386453125 0.63076259375 0.14694118125 0.63076259375 0.14694118125 0.412627040625 0.1040386453125 0.412627040625
2 0.1795471046875 0.48279651875 0.1795471046875 0.5316100687499999 0.2499072625 0.5316100687499999 0.2499072625 0.48279651875 0.1795471046875 0.48279651875