4 0.206333465625 0.438167490625 0.206333465625 0.6101066312500001 0.2400279921875 0.6101066312500001 0.2400279921875 0.438167490625 0.206333465625 0.438167490625
2 0.4138164609375 0.5446588375 0.4138164609375 0.5546424015625 0.4225520796875 0.5546424015625 0.4225520796875 0.5446588375 0.4138164609375 0.5446588375
2 0.400713034375 0.5446588375 0.400713034375 0.5546424015625 0.4069527609375 0.5546424015625 0.4069527609375 0.5446588375 0.400713034375 0.5446588375
2 0.3901054984375 0.5368938437499999 0.3901054984375 0.5524238312499999 0.39821714375 0.5524238312499999 0.39821714375 0.5368938437499999 0.3901054984375 0.5368938437499999
2 0.3782500171875 0.5313474203124999 0.3782500171875 0.5535331171875 0.3907294703125 0.5535331171875 0.3907294703125 0.5313474203124999 0.3782500171875 0.5313474203124999
2 0.36826645468749997 0.528019565625 0.36826645468749997 0.5557516859375 0.3794979625 0.5557516859375 0.3794979625 0.528019565625 0.36826645468749997 0.528019565625
2 0.3582828921875 0.5224731421875 0.3582828921875 0.5568609703125 0.368890428125 0.5568609703125 0.368890428125 0.5224731421875 0.3582828921875 0.5224731421875
2 0.34081165625 0.520254571875 0.34081165625 0.559079540625 0.36077878124999996 0.559079540625 0.36077878124999996 0.520254571875 0.34081165625 0.520254571875
2 0.326460284375 0.520254571875 0.326460284375 0.55797025625 0.3445554921875 0.55797025625 0.3445554921875 0.520254571875 0.326460284375 0.520254571875
2 0.312732884375 0.51692671875 0.312732884375 0.559079540625 0.3320760375 0.559079540625 0.3320760375 0.51692671875 0.312732884375 0.51692671875
2 0.28028630468750004 0.5036153 0.28028630468750004 0.56240739375 0.317724665625 0.56240739375 0.317724665625 0.5036153 0.28028630468750004 0.5036153
2 0.23848013437499999 0.49141316875 0.23848013437499999 0.5701723875 0.2827821953125 0.5701723875 0.2827821953125 0.49141316875 0.23848013437499999 0.49141316875
2 0.2210088984375 0.5013967312500001 0.2210088984375 0.571281671875 0.247839725 0.571281671875 0.247839725 0.5013967312500001 0.2210088984375 0.5013967312500001
2 0.47024142968750005 0.5413309828124999 0.47024142968750005 0.56240739375 0.490832528125 0.56240739375 0.490832528125 0.5413309828124999 0.47024142968750005 0.5413309828124999
2 0.48646471875 0.5368938437499999 0.48646471875 0.5668445328125 0.5014400640625001 0.5668445328125 0.5014400640625001 0.5368938437499999 0.48646471875 0.5368938437499999
2 0.5001921171875 0.5291288515625 0.5001921171875 0.5679538187500001 0.5095517078125 0.5679538187500001 0.5095517078125 0.5291288515625 0.5001921171875 0.5291288515625
2 0.5089277359375 0.5235824265625 0.5089277359375 0.5701723875 0.5176633546875 0.5701723875 0.5176633546875 0.5235824265625 0.5089277359375 0.5235824265625
2 0.514543490625 0.52136385625 0.514543490625 0.57239095625 0.531390753125 0.57239095625 0.531390753125 0.52136385625 0.514543490625 0.52136385625
2 0.52336824375 0.5191452875 0.52336824375 0.5768280953125 0.55394290625 0.5768280953125 0.55394290625 0.5191452875 0.52336824375 0.5191452875
2 0.5364716703125 0.518036003125 0.5364716703125 0.5812652359375 0.5651744140625 0.5812652359375 0.5651744140625 0.518036003125 0.5364716703125 0.518036003125
2 0.5576867421875 0.5002874453125 0.5576867421875 0.5923580828125 0.5857655125 0.5923580828125 0.5857655125 0.5002874453125 0.5576867421875 0.5002874453125
2 0.5670463328124999 0.47921103593750003 0.5670463328124999 0.6001230765625001 0.6643860734375 0.6001230765625001 0.6643860734375 0.47921103593750003 0.5670463328124999 0.47921103593750003
2 0.6343462375 0.469227471875 0.6343462375 0.678882296875 0.800946946875 0.678882296875 0.800946946875 0.469227471875 0.6343462375 0.469227471875
2 0.122688621875 0.48285582656250003 0.122688621875 0.5815821718749999 0.223148225 0.5815821718749999 0.223148225 0.48285582656250003 0.122688621875 0.48285582656250003