2 0.491466546875 0.47985749999999994 0.491466546875 0.5289096 0.5082615609375 0.5289096 0.5082615609375 0.47985749999999994 0.491466546875 0.47985749999999994
2 0.448279371875 0.4777248015625 0.448279371875 0.5054499015625 0.4710726046875 0.5054499015625 0.4710726046875 0.4777248015625 0.448279371875 0.4777248015625
1 0.457876521875 0.46706130312500005 0.457876521875 0.490521003125 0.48186939687499997 0.490521003125 0.48186939687499997 0.46706130312500005 0.457876521875 0.46706130312500005
2 0.45307794687499997 0.4862556015625 0.45307794687499997 0.5459712015625 0.495065478125 0.5459712015625 0.495065478125 0.4862556015625 0.45307794687499997 0.4862556015625
2 0.3858978984375 0.4819902015625 0.3858978984375 0.575829003125 0.45307794687499997 0.575829003125 0.45307794687499997 0.4819902015625 0.3858978984375 0.4819902015625
2 0.5070619171875 0.4521324015625 0.5070619171875 0.5459712015625 0.568243746875 0.5459712015625 0.568243746875 0.4521324015625 0.5070619171875 0.4521324015625
2 0.568243746875 0.4777248015625 0.568243746875 0.518246103125 0.5874380484375 0.518246103125 0.5874380484375 0.4777248015625 0.568243746875 0.4777248015625
2 0.5874380484375 0.4606632015625 0.5874380484375 0.5502366015625 0.6450209484375 0.5502366015625 0.6450209484375 0.4606632015625 0.5874380484375 0.4606632015625
4 0.70260385 0.4649286015625 0.70260385 0.5289096015625 0.7289960125 0.5289096015625 0.7289960125 0.4649286015625 0.70260385 0.4649286015625
4 0.6654148921874999 0.4777248015625 0.6654148921874999 0.507582603125 0.6738123984375 0.507582603125 0.6738123984375 0.4777248015625 0.6654148921874999 0.4777248015625
2 0.75898710625 0.46706130312500005 0.75898710625 0.5289096015625 0.8225682234375 0.5289096015625 0.8225682234375 0.46706130312500005 0.75898710625 0.46706130312500005
2 0.7889782000000001 0.4649286015625 0.7889782000000001 0.524644203125 0.84776074375 0.524644203125 0.84776074375 0.4649286015625 0.7889782000000001 0.4649286015625
2 0.7925771312500001 0.347630103125 0.7925771312500001 0.8232222046875 0.9994969890625001 0.8232222046875 0.9994969890625001 0.347630103125 0.7925771312500001 0.347630103125
6 0 0.8999994046875001 0.323516421875 0.8999994046875001 0.323516421875 0.25592400312499997 0 0.25592400312499997 0 0.8999994046875001