2 0.24906871874999997 0.48427427187500005 0.24906871874999997 0.555969171875 0.3142805734375 0.555969171875 0.3142805734375 0.48427427187500005 0.24906871874999997 0.48427427187500005
2 0.6489203375 0.45376580625 0.6489203375 0.51325731875 0.6969711765625 0.51325731875 0.6969711765625 0.45376580625 0.6489203375 0.45376580625
2 0.3391640421875 0.47969800312500005 0.3391640421875 0.5407149375 0.3932212328125 0.5407149375 0.3932212328125 0.47969800312500005 0.3391640421875 0.47969800312500005
2 0.181282715625 0.5071556234375 0.181282715625 0.5712234078125 0.2456365140625 0.5712234078125 0.2456365140625 0.5071556234375 0.181282715625 0.5071556234375
1 0.400943690625 0.4080030984375 0.400943690625 0.5330878234374999 0.47816825312500005 0.5330878234374999 0.47816825312500005 0.4080030984375 0.400943690625 0.4080030984375
1 0.5785601828125 0.42630818281250005 0.5785601828125 0.4949522359375 0.6163144125 0.4949522359375 0.6163144125 0.42630818281250005 0.5785601828125 0.42630818281250005
2 0.31513862187499997 0.48885054375000003 0.31513862187499997 0.5330878234374999 0.3434542953125 0.5330878234374999 0.3434542953125 0.48885054375000003 0.31513862187499997 0.48885054375000003
2 0.38807293125000003 0.47664715625 0.38807293125000003 0.52240985625 0.40523394375 0.52240985625 0.40523394375 0.47664715625 0.38807293125000003 0.47664715625
2 0.47816825312500005 0.45681665000000005 0.47816825312500005 0.5086810500000001 0.4901809609375 0.5086810500000001 0.4901809609375 0.45681665000000005 0.47816825312500005 0.45681665000000005
2 0.6351915265625 0.4613929234375 0.6351915265625 0.5041047828125 0.6583588953125 0.5041047828125 0.6583588953125 0.4613929234375 0.6351915265625 0.4613929234375
2 0.49018096250000004 0.46444376875 0.49018096250000004 0.5010539281249999 0.5030517234375 0.5010539281249999 0.5030517234375 0.46444376875 0.49018096250000004 0.46444376875
2 0.626611021875 0.46444376875 0.626611021875 0.5041047796875 0.642055934375 0.5041047796875 0.642055934375 0.46444376875 0.626611021875 0.46444376875
2 0.619746615625 0.4659691921875 0.619746615625 0.49495223906249997 0.6266110203124999 0.49495223906249997 0.6266110203124999 0.4659691921875 0.619746615625 0.4659691921875
2 0.60945000625 0.4659691921875 0.60945000625 0.49495223906249997 0.6188885640625 0.49495223906249997 0.6188885640625 0.4659691921875 0.60945000625 0.4659691921875