2 0 0.8660385109375 0.44521982031249996 0.8660385109375 0.44521982031249996 0.42283056406249997 0 0.42283056406249997 0 0.8660385109375
2 0.39616486093750003 0.41136829218750004 0.39616486093750003 0.61768923125 0.5451744265625 0.61768923125 0.5451744265625 0.41136829218750004 0.39616486093750003 0.41136829218750004
2 0.536434459375 0.46154758906250004 0.536434459375 0.5354155781250001 0.5908802609375 0.5354155781250001 0.5908802609375 0.46154758906250004 0.536434459375 0.46154758906250004
2 0.5751196328125 0.46664193125000003 0.5751196328125 0.5175853781249999 0.5966113984375 0.5175853781249999 0.5966113984375 0.46664193125000003 0.5751196328125 0.46664193125000003
2 0.583716340625 0.45645324374999996 0.583716340625 0.5073966875 0.6066408890625 0.5073966875 0.6066408890625 0.45645324374999996 0.583716340625 0.45645324374999996
2 0.6009097531250001 0.46154758906250004 0.6009097531250001 0.49466082968749997 0.61667038125 0.49466082968749997 0.61667038125 0.46154758906250004 0.6009097531250001 0.46154758906250004
2 0.628132653125 0.4640947609375 0.628132653125 0.4844721359375 0.6395949265625 0.4844721359375 0.6395949265625 0.4640947609375 0.628132653125 0.4640947609375
2 0.6367293578125001 0.46664192968749996 0.6367293578125001 0.48701930625 0.651057196875 0.48701930625 0.651057196875 0.46664192968749996 0.6367293578125001 0.46664192968749996
2 0.6453260625 0.461547584375 0.6453260625 0.48956648124999996 0.6625194734375001 0.48956648124999996 0.6625194734375001 0.461547584375 0.6453260625 0.461547584375
2 0.653922771875 0.4640947609375 0.653922771875 0.49211365 0.6696833984375 0.49211365 0.6696833984375 0.4640947609375 0.653922771875 0.4640947609375
2 0.6653850453125 0.4590004125 0.6653850453125 0.5023023375 0.685444025 0.5023023375 0.685444025 0.4590004125 0.6653850453125 0.4590004125
2 0.6782801015625 0.45390606875 0.6782801015625 0.5099438484375 0.7026374359374999 0.5099438484375 0.7026374359374999 0.45390606875 0.6782801015625 0.45390606875
2 0.692607946875 0.456453240625 0.692607946875 0.5201325406249999 0.738457046875 0.5201325406249999 0.738457046875 0.456453240625 0.692607946875 0.456453240625
2 0.7140997109375 0.461547584375 0.7140997109375 0.537962746875 0.7771422203125 0.537962746875 0.7771422203125 0.461547584375 0.7140997109375 0.461547584375
2 0.7628143796875 0.4666419421875 0.7628143796875 0.5710759921874999 0.8588109234375001 0.5710759921874999 0.8588109234375001 0.4666419421875 0.7628143796875 0.4666419421875
2 0.8530797874999999 0.41315130624999996 0.8530797874999999 0.6653213390625 0.9994693953124999 0.6653213390625 0.9994693953124999 0.41315130624999996 0.8530797874999999 0.41315130624999996