2 0.5049504640625 0.4835046921875 0.5049504640625 0.49563563281249995 0.5156733499999999 0.49563563281249995 0.5156733499999999 0.4835046921875 0.5049504640625 0.4835046921875
2 0.49130315468749997 0.4817717 0.49130315468749997 0.4939026421875 0.5010512328125001 0.4939026421875 0.5010512328125001 0.4817717 0.49130315468749997 0.4817717
2 0.47765584531250005 0.4887036671875 0.47765584531250005 0.5077665765625 0.49325277031250003 0.5077665765625 0.49325277031250003 0.4887036671875 0.47765584531250005 0.4887036671875
2 0.43573910624999995 0.4887036671875 0.43573910624999995 0.51469854375 0.4571848796875 0.51469854375 0.4571848796875 0.4887036671875 0.43573910624999995 0.4887036671875
6 0.518597775 0.47310674218750004 0.518597775 0.49563563281249995 0.5302954671875 0.49563563281249995 0.5302954671875 0.47310674218750004 0.518597775 0.47310674218750004
2 0.521522196875 0.4904366578125 0.521522196875 0.516431534375 0.540043546875 0.516431534375 0.540043546875 0.4904366578125 0.521522196875 0.4904366578125
2 0.54589239375 0.4835046921875 0.54589239375 0.51989751875 0.579035859375 0.51989751875 0.579035859375 0.4835046921875 0.54589239375 0.4835046921875
2 0.386998715625 0.48697067499999996 0.386998715625 0.542426409375 0.43086506875 0.542426409375 0.43086506875 0.48697067499999996 0.386998715625 0.48697067499999996
2 0.3236362046875 0.5008346078125 0.3236362046875 0.52509649375 0.3558048640625 0.52509649375 0.3558048640625 0.5008346078125 0.3236362046875 0.5008346078125
2 0.295366778125 0.5008346078125 0.295366778125 0.526829484375 0.322661396875 0.526829484375 0.322661396875 0.5008346078125 0.295366778125 0.5008346078125
2 0.280744659375 0.497368625 0.280744659375 0.5285624765625 0.30998889531249996 0.5285624765625 0.30998889531249996 0.497368625 0.280744659375 0.497368625
2 0.2612485015625 0.49910161718749996 0.2612485015625 0.521630509375 0.291467546875 0.521630509375 0.291467546875 0.49910161718749996 0.2612485015625 0.49910161718749996
2 0.26319811875 0.5077665765625 0.26319811875 0.54589239375 0.282694275 0.54589239375 0.282694275 0.5077665765625 0.26319811875 0.5077665765625
2 0.2144577265625 0.5008346078125 0.2144577265625 0.54589239375 0.2612485015625 0.54589239375 0.2612485015625 0.5008346078125 0.2144577265625 0.5008346078125
6 0.12185098125 0.5008346078125 0.12185098125 0.559756328125 0.2251806125 0.559756328125 0.2251806125 0.5008346078125 0.12185098125 0.5008346078125
4 0.6229022140625 0.46444178125 0.6229022140625 0.511232559375 0.6326502921875 0.511232559375 0.6326502921875 0.46444178125 0.6229022140625 0.46444178125
4 0.617053365625 0.45750981562500004 0.617053365625 0.511232559375 0.6258266359375 0.511232559375 0.6258266359375 0.45750981562500004 0.617053365625 0.45750981562500004
2 0.6599449109375 0.45404383125000003 0.6599449109375 0.554557353125 0.74475319375 0.554557353125 0.74475319375 0.45404383125000003 0.6599449109375 0.45404383125000003
2 0.7457280015625 0.4557768234375 0.7457280015625 0.5060335828125 0.7720478140625 0.5060335828125 0.7720478140625 0.4557768234375 0.7457280015625 0.4557768234375
2 0.762299734375 0.447111865625 0.762299734375 0.49910161718749996 0.7905691640625 0.49910161718749996 0.7905691640625 0.447111865625 0.762299734375 0.447111865625
2 0.80129205 0.44364588125 0.80129205 0.50949956875 0.8402843640625001 0.50949956875 0.8402843640625001 0.44364588125 0.80129205 0.44364588125
2 0.8149393593750001 0.44017989843749994 0.8149393593750001 0.50949956875 0.883175909375 0.50949956875 0.883175909375 0.44017989843749994 0.8149393593750001 0.44017989843749994
2 0.8441835937500001 0.43671391562500006 0.8441835937500001 0.516431534375 0.9572613046875 0.516431534375 0.9572613046875 0.43671391562500006 0.8441835937500001 0.43671391562500006
2 0.89389879375 0.447111865625 0.89389879375 0.50949956875 0.9660345749999999 0.50949956875 0.9660345749999999 0.447111865625 0.89389879375 0.447111865625
2 0.9455636109375 0.44364588125 0.9455636109375 0.5181645265625 0.99625361875 0.5181645265625 0.99625361875 0.44364588125 0.9455636109375 0.44364588125