4 0.541181 0.51275535625 0.541181 0.5540819031249999 0.5523736078125 0.5540819031249999 0.5523736078125 0.51275535625 0.541181 0.51275535625
4 0.528266453125 0.52193903125 0.528266453125 0.5831635484375 0.5394590609375001 0.5831635484375 0.5394590609375001 0.52193903125 0.528266453125 0.52193903125
2 0.0006349671875 0.540306365625 0.0006349671875 0.6765309171875 0.1013684296875 0.6765309171875 0.1013684296875 0.540306365625 0.0006349671875 0.540306365625
2 0 0.90398000625 0.11256103749999999 0.90398000625 0.11256103749999999 0.5617349453125 0 0.5617349453125 0 0.90398000625
2 0.0705995203125 0.56326555625 0.0705995203125 0.595408428125 0.08954085625 0.595408428125 0.08954085625 0.56326555625 0.0705995203125 0.56326555625
6 0.10245540312500001 0.534183915625 0.10245540312500001 0.584694140625 0.1351722546875 0.584694140625 0.1351722546875 0.534183915625 0.10245540312500001 0.534183915625
2 0.17477686406249998 0.5517859609375 0.17477686406249998 0.5869900593749999 0.1859694703125 0.5869900593749999 0.1859694703125 0.5517859609375 0.17477686406249998 0.5517859609375
2 0.1833865609375 0.5471941234375 0.1833865609375 0.582398221875 0.20491080625000002 0.582398221875 0.20491080625000002 0.5471941234375 0.1833865609375 0.5471941234375
2 0.15153068125 0.5548471875 0.15153068125 0.5900512859375 0.1816646234375 0.5900512859375 0.1816646234375 0.5548471875 0.15153068125 0.5548471875
2 0.1876914109375 0.542602284375 0.1876914109375 0.6068880265625001 0.2161034125 0.6068880265625001 0.2161034125 0.542602284375 0.1876914109375 0.542602284375
2 0.2066327453125 0.5349492203125 0.2066327453125 0.6267859953125 0.24107153593750003 0.6267859953125 0.24107153593750003 0.5349492203125 0.2066327453125 0.5349492203125
2 0.2359057171875 0.47984715624999996 0.2359057171875 0.66352070625 0.3418050015625 0.66352070625 0.3418050015625 0.47984715624999996 0.2359057171875 0.47984715624999996
2 0.5538905578125 0.5224492296875 0.5538905578125 0.60816355625 0.6158803734375 0.60816355625 0.6158803734375 0.5224492296875 0.5538905578125 0.5224492296875
2 0.5513076406249999 0.5255104562499999 0.5513076406249999 0.7352044296875 0.703699296875 0.7352044296875 0.703699296875 0.5255104562499999 0.5513076406249999 0.5255104562499999
2 0.6117668453125 0.3704382234375 0.6117668453125 0.97349971875 0.9980960265625001 0.97349971875 0.9980960265625001 0.3704382234375 0.6117668453125 0.3704382234375
2 0.11693535625 0.5488363406250001 0.11693535625 0.6107145609375 0.156470496875 0.6107145609375 0.156470496875 0.5488363406250001 0.11693535625 0.5488363406250001
2 0.277867234375 0.5106124828125 0.277867234375 0.9560208453125 0.5723188968749999 0.9560208453125 0.5723188968749999 0.5106124828125 0.277867234375 0.5106124828125