2 0.498664409375 0.44857789062500003 0.498664409375 0.49549729062500003 0.5346537234375 0.49549729062500003 0.5346537234375 0.44857789062500003 0.498664409375 0.44857789062500003
2 0.436282934375 0.446445190625 0.436282934375 0.499762690625 0.47227224687499997 0.499762690625 0.47227224687499997 0.446445190625 0.436282934375 0.446445190625
2 0.4110904171875 0.44431249062499995 0.4110904171875 0.5082934906250001 0.451878303125 0.5082934906250001 0.451878303125 0.44431249062499995 0.4110904171875 0.44431249062499995
2 0.37750039062499996 0.44857789062500003 0.37750039062499996 0.521089690625 0.436282934375 0.521089690625 0.436282934375 0.44857789062500003 0.37750039062499996 0.44857789062500003
2 0.30432212187499996 0.45497599062500005 0.30432212187499996 0.5573455921875 0.3882971859375 0.5573455921875 0.3882971859375 0.45497599062500005 0.30432212187499996 0.45497599062500005
2 0.189156321875 0.44857789062500003 0.189156321875 0.6063976906249999 0.309120696875 0.6063976906249999 0.309120696875 0.44857789062500003 0.189156321875 0.44857789062500003
2 0.042799784375 0.446445190625 0.042799784375 0.653317090625 0.21794777187499997 0.653317090625 0.21794777187499997 0.446445190625 0.042799784375 0.446445190625
2 0 0.708767290625 0.0763898078125 0.708767290625 0.0763898078125 0.5082934906250001 0 0.5082934906250001 0 0.708767290625
2 0.551448734375 0.44431249062499995 0.551448734375 0.501895390625 0.5898373359375 0.501895390625 0.5898373359375 0.44431249062499995 0.551448734375 0.44431249062499995
2 0.5898373359375 0.425118190625 0.5898373359375 0.576539890625 0.6846091921874999 0.576539890625 0.6846091921874999 0.425118190625 0.5898373359375 0.425118190625
2 0.6186287859374999 0.44431249062499995 0.6186287859374999 0.6405208906250001 0.7793810484375 0.6405208906250001 0.7793810484375 0.44431249062499995 0.6186287859374999 0.44431249062499995
2 0.774582475 0.5040280890625 0.774582475 0.9092410921875 0.9989158546875 0.9092410921875 0.9989158546875 0.5040280890625 0.774582475 0.5040280890625