2 0.083833475 0.42111698750000004 0.083833475 0.6498718953125 0.303165240625 0.6498718953125 0.303165240625 0.42111698750000004 0.083833475 0.42111698750000004
2 0.2797698515625 0.49390264375 0.2797698515625 0.616945053125 0.34703159375000003 0.616945053125 0.34703159375000003 0.49390264375 0.2797698515625 0.49390264375
2 0.3372835140625 0.51296555 0.3372835140625 0.59268316875 0.3597040953125 0.59268316875 0.3597040953125 0.51296555 0.3372835140625 0.51296555
2 0.3528804390625 0.5181645265625 0.3528804390625 0.580552228125 0.3889483296875 0.580552228125 0.3889483296875 0.5181645265625 0.3528804390625 0.5181645265625
2 0.38602390625 0.5181645265625 0.38602390625 0.5753532531250001 0.400646025 0.5753532531250001 0.400646025 0.5181645265625 0.38602390625 0.5181645265625
2 0.3957719859375 0.511232559375 0.3957719859375 0.5441594000000001 0.4094192953125 0.5441594000000001 0.4094192953125 0.511232559375 0.3957719859375 0.511232559375
2 0.4094192953125 0.51296555 0.4094192953125 0.5372274328125 0.42014218124999997 0.5372274328125 0.42014218124999997 0.51296555 0.4094192953125 0.51296555
2 0.8783018671875 0.51469854375 0.8783018671875 0.7105266078125 0.9994969890625001 0.7105266078125 0.9994969890625001 0.51469854375 0.8783018671875 0.51469854375
4 0.521522196875 0.5372274328125 0.521522196875 0.5996151359375 0.536144315625 0.5996151359375 0.536144315625 0.5372274328125 0.521522196875 0.5372274328125
4 0.5312702765624999 0.516431534375 0.5312702765624999 0.580552228125 0.54589239375 0.580552228125 0.54589239375 0.516431534375 0.5312702765624999 0.516431534375
4 0.464983340625 0.516431534375 0.464983340625 0.54589239375 0.4718069984375 0.54589239375 0.4718069984375 0.516431534375 0.464983340625 0.516431534375