4 0.6034241437500001 0.5392371859375 0.6034241437500001 0.5849998890625 0.6154368531250001 0.5849998890625 0.6154368531250001 0.5392371859375 0.6034241437500001 0.5392371859375
4 0.57081821875 0.5483897265625 0.57081821875 0.58042361875 0.5854050796875 0.58042361875 0.5854050796875 0.5483897265625 0.57081821875 0.5483897265625
2 0.4916630421875 0.53885583125 0.4916630421875 0.5525846390625 0.4993854984375 0.5525846390625 0.4993854984375 0.53885583125 0.4916630421875 0.53885583125
2 0.5011015999999999 0.53885583125 0.5011015999999999 0.5556354859375 0.51054015625 0.5556354859375 0.51054015625 0.53885583125 0.5011015999999999 0.53885583125
2 0.4985274484375 0.546482946875 0.4985274484375 0.5647880296875 0.50796600625 0.5647880296875 0.50796600625 0.546482946875 0.4985274484375 0.546482946875
2 0.49080499062499994 0.5480083703124999 0.49080499062499994 0.56326260625 0.5011015999999999 0.56326260625 0.5011015999999999 0.5480083703124999 0.49080499062499994 0.5480083703124999
2 0.47450202968750005 0.5434321 0.47450202968750005 0.552584640625 0.482224484375 0.552584640625 0.482224484375 0.5434321 0.47450202968750005 0.5434321
2 0.47536007968750005 0.5480083703124999 0.47536007968750005 0.5602117578125 0.482224484375 0.5602117578125 0.482224484375 0.5480083703124999 0.47536007968750005 0.5480083703124999
2 0.47793423125 0.5480083703124999 0.47793423125 0.5663134515625 0.4899469390625 0.5663134515625 0.4899469390625 0.5480083703124999 0.47793423125 0.5480083703124999
2 0.465921521875 0.5449575234374999 0.465921521875 0.56326260625 0.4762181296875 0.56326260625 0.4762181296875 0.5449575234374999 0.465921521875 0.5449575234374999
2 0.45905711718750003 0.546482946875 0.45905711718750003 0.56326260625 0.470211775 0.56326260625 0.470211775 0.546482946875 0.45905711718750003 0.546482946875
2 0.4487605078125 0.546482946875 0.4487605078125 0.5663134515625 0.46077321875 0.5663134515625 0.46077321875 0.546482946875 0.4487605078125 0.546482946875
2 0.50796600625 0.5541100640625001 0.50796600625 0.56631345 0.520836765625 0.56631345 0.520836765625 0.5541100640625001 0.50796600625 0.5541100640625001
2 0.3947033140625 0.5327541359375 0.3947033140625 0.5541100640625001 0.4170126328125 0.5541100640625001 0.4170126328125 0.5327541359375 0.3947033140625 0.5327541359375
2 0.120127096875 0.5434321 0.120127096875 0.567838875 0.14844276875 0.567838875 0.14844276875 0.5434321 0.120127096875 0.5434321
2 0.056631345312500005 0.5449575234374999 0.056631345312500005 0.5937710734375 0.088379221875 0.5937710734375 0.088379221875 0.5449575234374999 0.056631345312500005 0.5449575234374999
2 0.0695021046875 0.53885583125 0.0695021046875 0.59834734375 0.1364300578125 0.59834734375 0.1364300578125 0.53885583125 0.0695021046875 0.53885583125
2 0.12270124687499999 0.519025325 0.12270124687499999 0.638008353125 0.2368219890625 0.638008353125 0.2368219890625 0.519025325 0.12270124687499999 0.519025325
2 0.21279657031250002 0.51292363125 0.21279657031250002 0.656313434375 0.3509427296875 0.656313434375 0.3509427296875 0.51292363125 0.21279657031250002 0.51292363125
2 0.36467154062499996 0.5434321 0.36467154062499996 0.6044490375 0.41872873593750004 0.6044490375 0.41872873593750004 0.5434321 0.36467154062499996 0.5434321
2 0.6687647250000001 0.5427456875 0.6687647250000001 0.5656270390625 0.6833515859375 0.5656270390625 0.6833515859375 0.5427456875 0.6687647250000001 0.5427456875
2 0.6833515859375 0.5427456875 0.6833515859375 0.5656270390625 0.6987964984375 0.5656270390625 0.6987964984375 0.5427456875 0.6833515859375 0.5427456875
2 0.6979384484375 0.5427456875 0.6979384484375 0.5671524625 0.706518953125 0.5671524625 0.706518953125 0.5427456875 0.6979384484375 0.5427456875
2 0.704802853125 0.5305423 0.704802853125 0.5671524609375 0.76400835 0.5671524609375 0.76400835 0.5305423 0.704802853125 0.5305423
2 0.7416990328125 0.5412202640625 0.7416990328125 0.57172873125 0.7828854656249999 0.57172873125 0.7828854656249999 0.5412202640625 0.7416990328125 0.5412202640625
2 0.775163009375 0.52444060625 0.775163009375 0.596135509375 0.86611638125 0.596135509375 0.86611638125 0.52444060625 0.775163009375 0.52444060625
2 0.79176626875 0.44771177968750003 0.79176626875 0.7985591703125 0.998556484375 0.7985591703125 0.998556484375 0.44771177968750003 0.79176626875 0.44771177968750003
6 0.0002145125 0.47669482500000004 0.0002145125 0.6170337796875 0.06860880312499999 0.6170337796875 0.06860880312499999 0.47669482500000004 0.0002145125 0.47669482500000004