2 0.0845562125 0.42468720156249995 0.0845562125 0.4528121828125 0.112241740625 0.4528121828125 0.112241740625 0.42468720156249995 0.0845562125 0.42468720156249995
2 0.2823099828125 0.4082809625 0.2823099828125 0.4457809359375 0.298130284375 0.4457809359375 0.298130284375 0.4082809625 0.2823099828125 0.4082809625
2 0.2625346046875 0.40593721406250005 0.2625346046875 0.4457809359375 0.2823099828125 0.4457809359375 0.2823099828125 0.40593721406250005 0.2625346046875 0.40593721406250005
2 0.34559118906249997 0.40359346562500004 0.34559118906249997 0.42468720156249995 0.3587747734375 0.42468720156249995 0.3587747734375 0.40359346562500004 0.34559118906249997 0.40359346562500004
2 0.357456415625 0.39890596875 0.357456415625 0.4199997046875 0.3706399984375 0.4199997046875 0.3706399984375 0.39890596875 0.357456415625 0.39890596875
2 0.3495462640625 0.42234345156249997 0.3495462640625 0.441093440625 0.3653665671875 0.441093440625 0.3653665671875 0.42234345156249997 0.3495462640625 0.42234345156249997
2 0.365366565625 0.41765595624999996 0.365366565625 0.45046843281250004 0.38514194375 0.45046843281250004 0.38514194375 0.41765595624999996 0.365366565625 0.41765595624999996
2 0.3785501515625 0.41531220625 0.3785501515625 0.45515593125000003 0.3943704515625 0.45515593125000003 0.3943704515625 0.41531220625 0.3785501515625 0.41531220625
2 0.29285685 0.39890596875 0.29285685 0.5020308953125 0.35218298125 0.5020308953125 0.35218298125 0.39890596875 0.29285685 0.39890596875
2 0.39041537656249997 0.4082809625 0.39041537656249997 0.47390591718749997 0.43260284687499995 0.47390591718749997 0.43260284687499995 0.4082809625 0.39041537656249997 0.4082809625
2 0.443149715625 0.3778122328125 0.443149715625 0.5348433734375 0.5525734671875 0.5348433734375 0.5525734671875 0.3778122328125 0.443149715625 0.3778122328125
2 0.1293804 0.39890596875 0.1293804 0.4973434015625 0.21375534218749997 0.4973434015625 0.21375534218749997 0.39890596875 0.1293804 0.39890596875
2 0 0.450468434375 0.0225933640625 0.450468434375 0.0225933640625 0.40359346562500004 0 0.40359346562500004 0 0.450468434375
2 0.762192465625 0.32624976875 0.762192465625 0.7551557234375 0.9994969890625001 0.7551557234375 0.9994969890625001 0.32624976875 0.762192465625 0.32624976875