2 0 0.4998743140625 0.021040628125 0.4998743140625 0.021040628125 0.420090609375 0 0.420090609375 0 0.4998743140625
2 0.907042375 0.7736150140625 0.907042375 0.9956680375 0.999812415625 0.9956680375 0.999812415625 0.7736150140625 0.907042375 0.7736150140625
2 0.41641316875 0.512796246875 0.41641316875 0.5502018078125 0.43075905 0.5502018078125 0.43075905 0.512796246875 0.41641316875 0.512796246875
2 0.11189788593750001 0.42506319374999996 0.11189788593750001 0.445466225 0.13293851406249999 0.445466225 0.13293851406249999 0.42506319374999996 0.11189788593750001 0.42506319374999996
2 0.12624376875 0.435264709375 0.12624376875 0.4539674890625 0.14919718125 0.4539674890625 0.14919718125 0.435264709375 0.12624376875 0.435264709375
2 0.287300221875 0.48627229375000003 0.287300221875 0.538980134375 0.33033787187499997 0.538980134375 0.33033787187499997 0.48627229375000003 0.287300221875 0.48627229375000003
2 0.32746869375 0.49477355625 0.32746869375 0.53727988125 0.36094242187500003 0.53727988125 0.36094242187500003 0.49477355625 0.32746869375 0.49477355625
2 0.39632893281250003 0.5117760828125 0.39632893281250003 0.555982659375 0.42119513125 0.555982659375 0.42119513125 0.5117760828125 0.39632893281250003 0.5117760828125
2 0.6281583796875 0.5491816468749999 0.6281583796875 0.7294084421875 0.7716172078125 0.7294084421875 0.7716172078125 0.5491816468749999 0.6281583796875 0.5491816468749999
2 0.6976881015624999 0.61199988125 0.6976881015624999 0.840775 0.983326084375 0.840775 0.983326084375 0.61199988125 0.6976881015624999 0.61199988125
2 0.4311416171875 0.5032748203125 0.4311416171875 0.6035897375 0.460789775 0.6035897375 0.460789775 0.5032748203125 0.4311416171875 0.5032748203125
2 0.4136396203125 0.4361148375 0.4136396203125 0.7829664078125 0.6345662171875001 0.7829664078125 0.6345662171875001 0.4361148375 0.4136396203125 0.4361148375
2 0.3475529296875 0.4985141171875 0.3475529296875 0.5695846828125 0.4027726109375 0.5695846828125 0.4027726109375 0.4985141171875 0.3475529296875 0.4985141171875
2 0.4301852234375 0.5049750765625001 0.4301852234375 0.54408089375 0.45026946093750003 0.54408089375 0.45026946093750003 0.5049750765625001 0.4301852234375 0.5049750765625001
5 0.240835159375 0.46983041875 0.240835159375 0.49423719374999997 0.2519898171875 0.49423719374999997 0.2519898171875 0.46983041875 0.240835159375 0.46983041875
3 0.23826100625 0.4927117703125 0.23826100625 0.5094914296875 0.2511317671875 0.5094914296875 0.2511317671875 0.4927117703125 0.23826100625 0.4927117703125