2 0.0677251015625 0.6251601875 0.0677251015625 0.7288118203125 0.15589219062499998 0.7288118203125 0.15589219062499998 0.6251601875 0.0677251015625 0.6251601875
2 0.13882759375 0.6226320984375 0.13882759375 0.7136432875 0.2170403328125 0.7136432875 0.2170403328125 0.6226320984375 0.13882759375 0.6226320984375
2 0.20424188437500002 0.60746356875 0.20424188437500002 0.688362403125 0.27392232656250004 0.688362403125 0.27392232656250004 0.60746356875 0.20424188437500002 0.60746356875
2 0.2682341265625 0.60999165625 0.2682341265625 0.67066578125 0.3094735703125 0.67066578125 0.3094735703125 0.60999165625 0.2682341265625 0.60999165625
2 0.29525307343749996 0.6226320984375 0.29525307343749996 0.6580253390624999 0.323694071875 0.6580253390624999 0.323694071875 0.6226320984375 0.29525307343749996 0.6226320984375
2 0.3037853734375 0.62299324375 0.3037853734375 0.6580253390624999 0.3279602203125 0.6580253390624999 0.3279602203125 0.62299324375 0.3037853734375 0.62299324375
2 0.409017059375 0.615408978125 0.409017059375 0.65333030625 0.43745805625 0.65333030625 0.43745805625 0.615408978125 0.409017059375 0.615408978125
2 0.5796630390625 0.59265618125 0.5796630390625 0.756981940625 0.6991152234375 0.756981940625 0.6991152234375 0.59265618125 0.5796630390625 0.59265618125
2 0.5569102421875 0.6179370671875 0.5569102421875 0.70894825625 0.5896173859375 0.70894825625 0.5896173859375 0.6179370671875 0.5569102421875 0.6179370671875
2 0.5341574453125 0.62552133125 0.5341574453125 0.703892078125 0.5597543421875 0.703892078125 0.5597543421875 0.62552133125 0.5341574453125 0.62552133125
2 0.512826696875 0.62299324375 0.512826696875 0.6988359 0.5441117921874999 0.6988359 0.5441117921874999 0.62299324375 0.512826696875 0.62299324375
2 0.49149595 0.615408978125 0.49149595 0.67861119375 0.518514896875 0.67861119375 0.518514896875 0.615408978125 0.49149595 0.615408978125
2 0.47443135 0.6179370671875 0.47443135 0.6684988374999999 0.5014502984375 0.6684988374999999 0.5014502984375 0.6179370671875 0.47443135 0.6179370671875
2 0.460210853125 0.6128808890624999 0.460210853125 0.6710269265625 0.4801195515625 0.6710269265625 0.4801195515625 0.6128808890624999 0.460210853125 0.6128808890624999
2 0.3819981125 0.6078247125 0.3819981125 0.6406898625 0.40759501093750006 0.6406898625 0.40759501093750006 0.6078247125 0.3819981125 0.6078247125
2 0 0.76218696875 0.08851128750000001 0.76218696875 0.08851128750000001 0.6332808062499999 0 0.6332808062499999 0 0.76218696875