2 0.47329489375 0.75820673125 0.47329489375 0.7806444171875 0.48486432500000004 0.7806444171875 0.48486432500000004 0.75820673125 0.47329489375 0.75820673125
2 0.45857016093749997 0.7525973109375 0.45857016093749997 0.7638161515624999 0.47013959375000003 0.7638161515624999 0.47013959375000003 0.7525973109375 0.45857016093749997 0.7525973109375
2 0.45331133125 0.7600765421875 0.45331133125 0.7750349984375 0.46698429375000006 0.7750349984375 0.46698429375000006 0.7600765421875 0.45331133125 0.7600765421875
2 0.44700073281249997 0.7731651875 0.44700073281249997 0.7862538359375 0.46277723125000003 0.7862538359375 0.46277723125000003 0.7731651875 0.44700073281249997 0.7731651875
2 0.443845434375 0.7862538359375 0.443845434375 0.8030820984375 0.4596219296875 0.8030820984375 0.4596219296875 0.7862538359375 0.443845434375 0.7862538359375
2 0.43648306718749996 0.78999345 0.43648306718749996 0.8180405531250001 0.454363096875 0.8180405531250001 0.454363096875 0.78999345 0.43648306718749996 0.78999345
2 0.49433022343750005 0.746987890625 0.49433022343750005 0.75820673125 0.5037961203125 0.75820673125 0.5037961203125 0.746987890625 0.49433022343750005 0.746987890625
2 0.51010671875 0.741378471875 0.51010671875 0.7563369265625 0.519572615625 0.7563369265625 0.519572615625 0.741378471875 0.51010671875 0.741378471875
2 0.5185208484375 0.7638161515624999 0.5185208484375 0.7825142234375 0.5269349812499999 0.7825142234375 0.5269349812499999 0.7638161515624999 0.5185208484375 0.7638161515624999
2 0.5248314484375001 0.78438403125 0.5248314484375001 0.8030820984375 0.5300902796875 0.8030820984375 0.5300902796875 0.78438403125 0.5248314484375001 0.78438403125
6 0.531142046875 0.7638161515624999 0.531142046875 0.808691521875 0.5574362093749999 0.808691521875 0.5574362093749999 0.7638161515624999 0.531142046875 0.7638161515624999
2 0.551125609375 0.7712953828125 0.551125609375 0.8273895921875001 0.57110916875 0.8273895921875001 0.57110916875 0.7712953828125 0.551125609375 0.7712953828125
2 0.558487975 0.7675557671875 0.558487975 0.83860843125 0.5984550984375 0.83860843125 0.5984550984375 0.7675557671875 0.558487975 0.7675557671875
2 0.4817090234375 0.7563369265625 0.4817090234375 0.8329990125 0.5258832140624999 0.8329990125 0.5258832140624999 0.7563369265625 0.4817090234375 0.7563369265625
2 0.586359784375 0.7600765421875 0.586359784375 0.8685253453125 0.6683975671875 0.8685253453125 0.6683975671875 0.7600765421875 0.586359784375 0.7600765421875
2 0.646310471875 0.7619463468750001 0.646310471875 0.9564062718749999 0.8398354953125 0.9564062718749999 0.8398354953125 0.7619463468750001 0.646310471875 0.7619463468750001
2 0.2818824078125 0.7750349953125 0.2818824078125 0.876004571875 0.355497053125 0.876004571875 0.355497053125 0.7750349953125 0.2818824078125 0.7750349953125
2 0.146195534375 0.7563369265625 0.146195534375 0.9283591687499999 0.288184003125 0.9283591687499999 0.288184003125 0.7563369265625 0.146195534375 0.7563369265625
2 0 0.8545017937500001 0.0600952984375 0.8545017937500001 0.0600952984375 0.787188740625 0 0.787188740625 0 0.8545017937500001
2 0.0011963796875 0.809626425 0.0011963796875 0.9984769328124999 0.0821823953125 0.9984769328124999 0.0821823953125 0.809626425 0.0011963796875 0.809626425
2 0.9183367062500001 0.84911835 0.9183367062500001 0.9936853203125 0.9975170656250001 0.9936853203125 0.9975170656250001 0.84911835 0.9183367062500001 0.84911835