6 0.238316471875 0.44098644374999996 0.238316471875 0.5075504375000001 0.2593777359375 0.5075504375000001 0.2593777359375 0.44098644374999996 0.238316471875 0.44098644374999996
2 0.2488471046875 0.47842869062500004 0.2488471046875 0.5158709359375 0.2710784359375 0.5158709359375 0.2710784359375 0.47842869062500004 0.2488471046875 0.47842869062500004
2 0.2640580171875 0.47842869062500004 0.2640580171875 0.5137908125 0.278098859375 0.5137908125 0.278098859375 0.47842869062500004 0.2640580171875 0.47842869062500004
2 0.2710784375 0.4825889421875 0.2710784375 0.5221113109375 0.283949209375 0.5221113109375 0.283949209375 0.4825889421875 0.2710784375 0.4825889421875
2 0.280439 0.44930694375 0.280439 0.524191434375 0.3295819453125 0.524191434375 0.3295819453125 0.44930694375 0.280439 0.44930694375
2 0.300330190625 0.484669065625 0.300330190625 0.5366721828125 0.3483030671875 0.5366721828125 0.3483030671875 0.484669065625 0.300330190625 0.484669065625
2 0.12364959843750001 0.36194170625 0.12364959843750001 0.624037421875 0.2406566140625 0.624037421875 0.2406566140625 0.36194170625 0.12364959843750001 0.36194170625
6 0.9263177312499999 0.3806628265625 0.9263177312499999 0.55331318125 0.9988620812500001 0.55331318125 0.9988620812500001 0.3806628265625 0.9263177312499999 0.3806628265625
3 0.572956540625 0.49090943906250006 0.572956540625 0.5325119328125 0.5986980843749999 0.5325119328125 0.5986980843749999 0.49090943906250006 0.572956540625 0.49090943906250006
0 0.5624259078125 0.48050881562500003 0.5624259078125 0.528351684375 0.5717864687499999 0.528351684375 0.5717864687499999 0.48050881562500003 0.5624259078125 0.48050881562500003
4 0.3834051734375 0.47218831874999995 0.3834051734375 0.5366721828125 0.39744601562500004 0.5366721828125 0.39744601562500004 0.47218831874999995 0.3834051734375 0.47218831874999995
4 0.4231875578125 0.4680280671875 0.4231875578125 0.5075504375000001 0.4348882609375 0.5075504375000001 0.4348882609375 0.4680280671875 0.4231875578125 0.4680280671875
2 0.0230235609375 0.4992299375 0.0230235609375 0.5221113093749999 0.03004398125 0.5221113093749999 0.03004398125 0.4992299375 0.0230235609375 0.4992299375
2 0.0113228609375 0.4992299375 0.0113228609375 0.5241914359375001 0.0218534921875 0.5241914359375001 0.0218534921875 0.4992299375 0.0113228609375 0.4992299375