2 0.3318853828125 0.5463133921875001 0.3318853828125 0.58759040625 0.357835271875 0.58759040625 0.357835271875 0.5463133921875001 0.3318853828125 0.5463133921875001
2 0.305935496875 0.543885328125 0.305935496875 0.575450103125 0.33461695156250004 0.575450103125 0.33461695156250004 0.543885328125 0.305935496875 0.543885328125
2 0.2922776640625 0.5463133921875001 0.2922776640625 0.57545010625 0.3141302 0.57545010625 0.3141302 0.5463133921875001 0.2922776640625 0.5463133921875001
2 0.2567672921875 0.54874145 0.2567672921875 0.5754500984375001 0.2690593453125 0.5754500984375001 0.2690593453125 0.54874145 0.2567672921875 0.54874145
2 0.245841025 0.5535975671875 0.245841025 0.5827342796874999 0.2622304265625 0.5827342796874999 0.2622304265625 0.5535975671875 0.245841025 0.5535975671875
2 0.2294516234375 0.543885328125 0.2294516234375 0.5924465171875 0.25540151093749996 0.5924465171875 0.25540151093749996 0.543885328125 0.2294516234375 0.543885328125
2 0.0409735015625 0.53174503125 0.0409735015625 0.6191551750000001 0.11199424375 0.6191551750000001 0.11199424375 0.53174503125 0.0409735015625 0.53174503125
2 0.024584103125 0.5535975671875 0.024584103125 0.59487458125 0.06146025625 0.59487458125 0.06146025625 0.5535975671875 0.024584103125 0.5535975671875
2 0.45753746562500003 0.54874145 0.45753746562500003 0.5705939812499999 0.47529265 0.5705939812499999 0.47529265 0.54874145 0.45753746562500003 0.54874145
2 0.48348735 0.5390292156250001 0.48348735 0.565737865625 0.4985109671875 0.565737865625 0.4985109671875 0.5390292156250001 0.48348735 0.5390292156250001
2 0.49714518593749996 0.543885328125 0.49714518593749996 0.56330980625 0.5108030218749999 0.56330980625 0.5108030218749999 0.543885328125 0.49714518593749996 0.543885328125
2 0.5217292875 0.543885328125 0.5217292875 0.5705939890625 0.5381186875 0.5705939890625 0.5381186875 0.543885328125 0.5217292875 0.543885328125
2 0.5381186875 0.543885328125 0.5381186875 0.5778781640624999 0.55314230625 0.5778781640624999 0.55314230625 0.543885328125 0.5381186875 0.543885328125
2 0.5490449578125001 0.5366011515625 0.5490449578125001 0.5778781640624999 0.57499484375 0.5778781640624999 0.57499484375 0.5366011515625 0.5490449578125001 0.5366011515625
2 0.5668001421875 0.543885328125 0.5668001421875 0.5827342843750001 0.5927500296875 0.5827342843750001 0.5927500296875 0.543885328125 0.5668001421875 0.543885328125
2 0.5777264093750001 0.5390292156250001 0.5777264093750001 0.5827342843750001 0.61733413125 0.5827342843750001 0.61733413125 0.5390292156250001 0.5777264093750001 0.5390292156250001
2 0.0969706265625 0.5098924984375001 0.0969706265625 0.670144428125 0.2513041625 0.670144428125 0.2513041625 0.5098924984375001 0.0969706265625 0.5098924984375001
2 0.340080084375 0.5171766765625 0.340080084375 0.670144421875 0.45207433124999996 0.670144421875 0.45207433124999996 0.5171766765625 0.340080084375 0.5171766765625
2 0.5681659265625 0.488039959375 0.5681659265625 0.7988315796875 0.9041486578125 0.7988315796875 0.9041486578125 0.488039959375 0.5681659265625 0.488039959375
2 0 0.6482918890625 0.024584103125 0.6482918890625 0.024584103125 0.51232055625 0 0.51232055625 0 0.6482918890625