2 0.5463755609375001 0.4975870765625 0.5463755609375001 0.5142195140625 0.5611888265625 0.5142195140625 0.5611888265625 0.4975870765625 0.5463755609375001 0.4975870765625
2 0.533901234375 0.4975870765625 0.533901234375 0.512833478125 0.54481626875 0.512833478125 0.54481626875 0.4975870765625 0.533901234375 0.4975870765625
2 0.5081729187499999 0.50035915 0.5081729187499999 0.5169915890625 0.5183083125 0.5169915890625 0.5183083125 0.50035915 0.5081729187499999 0.50035915
2 0.49959681875 0.5017451859375 0.49959681875 0.518377628125 0.5081729171875 0.518377628125 0.5081729171875 0.5017451859375 0.49959681875 0.5017451859375
2 0.43167183593749997 0.5017451859375 0.43167183593749997 0.5239217703125 0.44804439062499996 0.5239217703125 0.44804439062499996 0.5017451859375 0.43167183593749997 0.5017451859375
2 0.41296034531250003 0.5017451859375 0.41296034531250003 0.5280798812499999 0.4332311265625 0.5280798812499999 0.4332311265625 0.5017451859375 0.41296034531250003 0.5017451859375
2 0.3841134625 0.5031312234375 0.3841134625 0.5294659171875 0.4036046 0.5294659171875 0.4036046 0.5031312234375 0.3841134625 0.5031312234375
2 0.1471012328125 0.49342896875 0.1471012328125 0.5391681687500001 0.22974365312499997 0.5391681687500001 0.22974365312499997 0.49342896875 0.1471012328125 0.49342896875
2 0.48442785156249996 0.499897134375 0.48442785156249996 0.523459753125 0.501580053125 0.523459753125 0.501580053125 0.499897134375 0.48442785156249996 0.499897134375
2 0.2910757703125 0.4694043328125 0.2910757703125 0.588603465625 0.3932093296875 0.588603465625 0.3932093296875 0.4694043328125 0.2910757703125 0.4694043328125
2 0.479749978125 0.499897134375 0.479749978125 0.51930164375 0.48832607968749997 0.51930164375 0.48832607968749997 0.499897134375 0.479749978125 0.499897134375
2 0 0.5594966984374999 0.034052637499999996 0.5594966984374999 0.034052637499999996 0.5068273171875 0 0.5068273171875 0 0.5594966984374999