2 0.19423590625 0.58997394375 0.19423590625 0.652441771875 0.22546981875 0.652441771875 0.22546981875 0.58997394375 0.19423590625 0.58997394375
2 0.22058952031249998 0.59517959375 0.22058952031249998 0.67326438125 0.2781770515625 0.67326438125 0.2781770515625 0.59517959375 0.22058952031249998 0.59517959375
2 0.14348079375 0.59170915625 0.14348079375 0.6749995953125 0.21180498281250001 0.6749995953125 0.21180498281250001 0.59170915625 0.14348079375 0.59170915625
2 0.015616957812500002 0.5882387234374999 0.015616957812500002 0.7062335125 0.13469625624999998 0.7062335125 0.13469625624999998 0.5882387234374999 0.015616957812500002 0.5882387234374999
2 0.52804836875 0.5795626359375 0.52804836875 0.6177374203125 0.5495216828125 0.6177374203125 0.5495216828125 0.5795626359375 0.52804836875 0.5795626359375
2 0.5016947515625 0.5934443765624999 0.5016947515625 0.6212078562500001 0.5212159484375001 0.6212078562500001 0.5212159484375001 0.5934443765624999 0.5016947515625 0.5934443765624999
2 0.4636284203125 0.59517959375 0.4636284203125 0.6177374203125 0.481197496875 0.6177374203125 0.481197496875 0.59517959375 0.4636284203125 0.59517959375
2 0.47143689687499996 0.59170915625 0.47143689687499996 0.6246782890625 0.496814453125 0.6246782890625 0.496814453125 0.59170915625 0.47143689687499996 0.59170915625
2 0.41287330781250003 0.5795626359375 0.41287330781250003 0.6749995984375 0.47338901718750004 0.6749995984375 0.47338901718750004 0.5795626359375 0.41287330781250003 0.5795626359375
2 0.275248871875 0.54312306875 0.275248871875 0.7183800312499999 0.3972525234375 0.7183800312499999 0.3972525234375 0.54312306875 0.275248871875 0.54312306875
6 0.3796872734375 0.5379174171875001 0.3796872734375 0.6437656828125 0.43141844531249995 0.6437656828125 0.43141844531249995 0.5379174171875001 0.3796872734375 0.5379174171875001