2 0.24819591718749998 0.40721656250000005 0.24819591718749998 0.4381444046875 0.265592828125 0.4381444046875 0.265592828125 0.40721656250000005 0.24819591718749998 0.40721656250000005
2 0.2713917984375 0.40721656250000005 0.2713917984375 0.427835121875 0.2876289125 0.427835121875 0.2876289125 0.40721656250000005 0.2713917984375 0.40721656250000005
2 0.25979385625 0.40927841562499995 0.25979385625 0.4402062578125 0.2841495328125 0.4402062578125 0.2841495328125 0.40927841562499995 0.25979385625 0.40927841562499995
2 0.22152065625 0.40309285 0.22152065625 0.4360825453125 0.25051550625 0.4360825453125 0.25051550625 0.40309285 0.22152065625 0.40309285
2 0.17280930781249998 0.40721656250000005 0.17280930781249998 0.46082481875000003 0.20064436406250002 0.46082481875000003 0.20064436406250002 0.40721656250000005 0.17280930781249998 0.40721656250000005
2 0.129896928125 0.40927841562499995 0.129896928125 0.47731966718749996 0.1878866296875 0.47731966718749996 0.1878866296875 0.40927841562499995 0.129896928125 0.40927841562499995
0 0.0591494953125 0.43195883437499993 0.0591494953125 0.48762894218749997 0.090463934375 0.48762894218749997 0.090463934375 0.43195883437499993 0.0591494953125 0.43195883437499993
5 0.1774484828125 0.378350578125 0.1774484828125 0.51649493125 0.24703612343749998 0.51649493125 0.24703612343749998 0.378350578125 0.1774484828125 0.378350578125
3 0.1797680703125 0.4402062578125 0.1797680703125 0.5432990578125 0.241237153125 0.5432990578125 0.241237153125 0.4402062578125 0.1797680703125 0.4402062578125
2 0 0.67161325625 0.0039477546875 0.67161325625 0.0039477546875 0.5268813140625 0 0.5268813140625 0 0.67161325625
2 0.2996793390625 0.40924204375000006 0.2996793390625 0.4229666234375 0.3123121921875 0.4229666234375 0.3123121921875 0.40924204375000006 0.2996793390625 0.40924204375000006