4 0.773022621875 0.4107190390625 0.773022621875 0.537227434375 0.8012920484375 0.537227434375 0.8012920484375 0.4107190390625 0.773022621875 0.4107190390625
2 0.749627234375 0.38819014687500003 0.749627234375 0.46097579843750003 0.8685537906249999 0.46097579843750003 0.8685537906249999 0.38819014687500003 0.749627234375 0.38819014687500003
2 0.6726174125 0.40898604687500006 0.6726174125 0.43324793125000005 0.70186165 0.43324793125000005 0.70186165 0.40898604687500006 0.6726174125 0.40898604687500006
2 0.6180281734374999 0.4055200640625 0.6180281734374999 0.426315965625 0.6375243328125 0.426315965625 0.6375243328125 0.4055200640625 0.6180281734374999 0.4055200640625
2 0.6687181828125001 0.40898604687500006 0.6687181828125001 0.462708790625 0.746702809375 0.462708790625 0.746702809375 0.40898604687500006 0.6687181828125001 0.40898604687500006
2 0.6121793265625 0.41591801406249995 0.6121793265625 0.45231084062500004 0.6482472171875 0.45231084062500004 0.6482472171875 0.41591801406249995 0.6121793265625 0.41591801406249995
2 0.55369085625 0.398588096875 0.55369085625 0.426315965625 0.5780610515625 0.426315965625 0.5780610515625 0.398588096875 0.55369085625 0.398588096875
2 0.55369085625 0.40898604687500006 0.55369085625 0.45924280624999997 0.62192740625 0.45924280624999997 0.62192740625 0.40898604687500006 0.55369085625 0.40898604687500006
2 0.47765584531250005 0.39685510625 0.47765584531250005 0.45924280624999997 0.5653885515625 0.45924280624999997 0.5653885515625 0.39685510625 0.47765584531250005 0.39685510625
4 0.32948505156249996 0.38819014687500003 0.32948505156249996 0.44364588125 0.346056784375 0.44364588125 0.346056784375 0.38819014687500003 0.32948505156249996 0.38819014687500003
2 0.17351579687500002 0.398588096875 0.17351579687500002 0.45404383125000003 0.2592988859375 0.45404383125000003 0.2592988859375 0.398588096875 0.17351579687500002 0.398588096875
1 0 0.44884485625000003 0.1423219453125 0.44884485625000003 0.1423219453125 0.33620039375 0 0.33620039375 0 0.44884485625000003
2 0.280744659375 0.41245203124999996 0.280744659375 0.8006421781249999 0.5527160484375 0.8006421781249999 0.5527160484375 0.41245203124999996 0.280744659375 0.41245203124999996
2 0.71453415 0.40032108906249997 0.71453415 0.7989091859374999 0.9972284265625 0.7989091859374999 0.9972284265625 0.40032108906249997 0.71453415 0.40032108906249997