2 0.1623393625 0.4645309234375 0.1623393625 0.5207808843749999 0.22957564531250002 0.5207808843749999 0.22957564531250002 0.4645309234375 0.1623393625 0.4645309234375
2 0.0832378546875 0.46921842031249994 0.0832378546875 0.5348433734375 0.15311085156249998 0.5348433734375 0.15311085156249998 0.46921842031249994 0.0832378546875 0.46921842031249994
2 0.5552101859375 0.4434371875 0.5552101859375 0.4785934125 0.5828957124999999 0.4785934125 0.5828957124999999 0.4434371875 0.5552101859375 0.4434371875
2 0.5235695828125 0.441093440625 0.5235695828125 0.48562465781249997 0.55652854375 0.48562465781249997 0.55652854375 0.441093440625 0.5235695828125 0.441093440625
2 0.5894875046875 0.4457809359375 0.5894875046875 0.466874671875 0.607944525 0.466874671875 0.607944525 0.4457809359375 0.5894875046875 0.4457809359375
2 0.606626165625 0.4106247109375 0.606626165625 0.4832809109375 0.6329933343749999 0.4832809109375 0.6329933343749999 0.4106247109375 0.606626165625 0.4106247109375
2 0.7305518625 0.4317184453125 0.7305518625 0.5278121312499999 0.8439306906249999 0.5278121312499999 0.8439306906249999 0.4317184453125 0.7305518625 0.4317184453125
2 0.83470218125 0.42937469687499996 0.83470218125 0.5207808843749999 0.9098486125 0.5207808843749999 0.9098486125 0.42937469687499996 0.83470218125 0.42937469687499996
2 0.9045751796875001 0.43640594374999997 0.9045751796875001 0.534843375 0.9994969890625001 0.534843375 0.9994969890625001 0.43640594374999997 0.9045751796875001 0.43640594374999997
1 0 0.5957808328125 0.112241740625 0.5957808328125 0.112241740625 0.2793748015625 0 0.2793748015625 0 0.5957808328125
2 0 0.8114056843749999 0.030503515624999998 0.8114056843749999 0.030503515624999998 0.5559371109375 0 0.5559371109375 0 0.8114056843749999
2 0.2823099828125 0.43640594374999997 0.2823099828125 0.5535933625 0.3706399984375 0.5535933625 0.3706399984375 0.43640594374999997 0.2823099828125 0.43640594374999997
2 0.39305209375 0.38484347812499997 0.39305209375 0.6215620656249999 0.5420266015624999 0.6215620656249999 0.5420266015624999 0.38484347812499997 0.39305209375 0.38484347812499997