2 0.23565503593749998 0.3077457515625 0.23565503593749998 0.3213477734375 0.244262565625 0.3213477734375 0.244262565625 0.3077457515625 0.23565503593749998 0.3077457515625
2 0.294951359375 0.32474828125 0.294951359375 0.3485518203125 0.3092972421875 0.3485518203125 0.3092972421875 0.32474828125 0.294951359375 0.32474828125
2 0.30260249687499996 0.32814878593749996 0.30260249687499996 0.3485518203125 0.31407920312500004 0.3485518203125 0.31407920312500004 0.32814878593749996 0.30260249687499996 0.32814878593749996
2 0.30738445937500003 0.3298490421875 0.30738445937500003 0.3587533390625 0.3217303421875 0.3587533390625 0.3217303421875 0.3298490421875 0.30738445937500003 0.3298490421875
2 0.3092972421875 0.32814878593749996 0.3092972421875 0.36895485625 0.3341634390625 0.36895485625 0.3341634390625 0.32814878593749996 0.3092972421875 0.32814878593749996
2 0.3159919875 0.33665005 0.3159919875 0.37575586250000004 0.33990179375 0.37575586250000004 0.33990179375 0.33665005 0.3159919875 0.33665005
2 0.32077395000000003 0.34175080625 0.32077395000000003 0.37065510625 0.33990179375 0.37065510625 0.33990179375 0.34175080625 0.32077395000000003 0.34175080625
2 0.3303378703125 0.343451059375 0.3303378703125 0.3859573796875 0.344683753125 0.3859573796875 0.344683753125 0.343451059375 0.3303378703125 0.343451059375
2 0.19261739375 0.321347775 0.19261739375 0.35535283125 0.2136580234375 0.35535283125 0.2136580234375 0.321347775 0.19261739375 0.321347775
2 0.1840098640625 0.32814878593749996 0.1840098640625 0.35875333593750003 0.2065807125 0.35875333593750003 0.2065807125 0.32814878593749996 0.1840098640625 0.32814878593749996
2 0.1820970796875 0.33494979687500004 0.1820970796875 0.3706551078125 0.20313770937500003 0.3706551078125 0.20313770937500003 0.33494979687500004 0.1820970796875 0.33494979687500004
2 0.1648820234375 0.33665005 0.1648820234375 0.3842571265625 0.19835575 0.3842571265625 0.19835575 0.33665005 0.1648820234375 0.33665005
2 0.1673686328125 0.35365257968749997 0.1673686328125 0.394458646875 0.189365653125 0.394458646875 0.189365653125 0.35365257968749997 0.1673686328125 0.35365257968749997
2 0.136764084375 0.35195232656250003 0.136764084375 0.40806066875 0.17980173125 0.40806066875 0.17980173125 0.35195232656250003 0.136764084375 0.35195232656250003
2 0.2662595921875 0.31114625937499996 0.2662595921875 0.3366500515625 0.2834746515625 0.3366500515625 0.2834746515625 0.31114625937499996 0.2662595921875 0.31114625937499996
2 0.249044534375 0.3026449953125 0.249044534375 0.31794727031250003 0.25956484999999996 0.31794727031250003 0.25956484999999996 0.3026449953125 0.249044534375 0.3026449953125
2 0.2394806140625 0.3077457515625 0.2394806140625 0.32644853125 0.2519137109375 0.32644853125 0.2519137109375 0.3077457515625 0.2394806140625 0.3077457515625
2 0.218439984375 0.3043452453125 0.218439984375 0.3264485328125 0.2327858671875 0.3264485328125 0.2327858671875 0.3043452453125 0.218439984375 0.3043452453125
2 0.2241783375 0.319647521875 0.2241783375 0.35365257968749997 0.249044534375 0.35365257968749997 0.249044534375 0.319647521875 0.2241783375 0.319647521875
2 0.33339832187499996 0.343451059375 0.33339832187499996 0.397859146875 0.379305146875 0.397859146875 0.379305146875 0.343451059375 0.33339832187499996 0.343451059375
2 0.42578581406250005 0.34175080625 0.42578581406250005 0.4369649640625 0.485082128125 0.4369649640625 0.485082128125 0.34175080625 0.42578581406250005 0.34175080625
2 0.4640415 0.32474828125 0.4640415 0.46076850468749997 0.5577679359375 0.46076850468749997 0.5577679359375 0.32474828125 0.4640415 0.32474828125
2 0.5143477375 0.3264485328125 0.5143477375 0.4913730546875 0.645373465625 0.4913730546875 0.645373465625 0.3264485328125 0.5143477375 0.3264485328125
4 0.0747300921875 0.3570530828125 0.0747300921875 0.39785915312500003 0.0976835046875 0.39785915312500003 0.0976835046875 0.3570530828125 0.0747300921875 0.3570530828125