2 0.4866555453125 0.316874775 0.4866555453125 0.34499975625 0.5011574890625 0.34499975625 0.5011574890625 0.316874775 0.4866555453125 0.316874775
2 0.4932473375 0.30749978125 0.4932473375 0.35437474999999996 0.516977790625 0.35437474999999996 0.516977790625 0.30749978125 0.4932473375 0.30749978125
2 0.4998391296875 0.3192185234375 0.4998391296875 0.36140599375 0.516977790625 0.36140599375 0.516977790625 0.3192185234375 0.4998391296875 0.3192185234375
2 0.70550305 0.32390602031250004 0.70550305 0.38484347812499997 0.7780127671875 0.38484347812499997 0.7780127671875 0.32390602031250004 0.70550305 0.32390602031250004
2 0.7450538046874999 0.356718496875 0.7450538046874999 0.3824997296875 0.766147540625 0.3824997296875 0.766147540625 0.356718496875 0.7450538046874999 0.356718496875
2 0.0357769484375 0.316874775 0.0357769484375 0.391874721875 0.10301323124999999 0.391874721875 0.10301323124999999 0.316874775 0.0357769484375 0.316874775
2 0.3719583578125 0.3145310265625 0.3719583578125 0.34968725312500004 0.3877786609375 0.34968725312500004 0.3877786609375 0.3145310265625 0.3719583578125 0.3145310265625
2 0.357456415625 0.30984353124999997 0.357456415625 0.356718496875 0.379868509375 0.356718496875 0.379868509375 0.30984353124999997 0.357456415625 0.30984353124999997
6 0.412827471875 0.295781040625 0.412827471875 0.3309372671875 0.43128448906249994 0.3309372671875 0.43128448906249994 0.295781040625 0.412827471875 0.295781040625
2 0.40359896093750003 0.316874775 0.40359896093750003 0.3356247625 0.4194192640625 0.3356247625 0.4194192640625 0.316874775 0.40359896093750003 0.316874775
2 0.3179056609375 0.30281228437499996 0.3179056609375 0.3707809890625 0.3614114921875 0.3707809890625 0.3614114921875 0.30281228437499996 0.3179056609375 0.30281228437499996
2 0.5103859984375 0.312187278125 0.5103859984375 0.37546848437499997 0.5499367515625 0.37546848437499997 0.5499367515625 0.312187278125 0.5103859984375 0.312187278125
2 0.5947609390624999 0.3145310265625 0.5947609390624999 0.45515593125000003 0.7094581265625 0.45515593125000003 0.7094581265625 0.3145310265625 0.5947609390624999 0.3145310265625
2 0.08851128750000001 0.2418748265625 0.08851128750000001 0.4457809359375 0.2480326625 0.4457809359375 0.2480326625 0.2418748265625 0.08851128750000001 0.2418748265625
6 0.453696584375 0.27234355625 0.453696584375 0.352031003125 0.487973903125 0.352031003125 0.487973903125 0.27234355625 0.453696584375 0.27234355625
2 0.4352395640625 0.3004685375 0.4352395640625 0.32390602031250004 0.44578643281249997 0.32390602031250004 0.44578643281249997 0.3004685375 0.4352395640625 0.3004685375
4 0.004136346875 0.295781040625 0.004136346875 0.316874775 0.016001571875000002 0.316874775 0.016001571875000002 0.295781040625 0.004136346875 0.295781040625
2 0.0001812703125 0.34265600625000003 0.0001812703125 0.5160933875 0.0463238171875 0.5160933875 0.0463238171875 0.34265600625000003 0.0001812703125 0.34265600625000003
2 0.7305518625 0.2465623234375 0.7305518625 0.6215620656249999 0.9994969906250001 0.6215620656249999 0.9994969906250001 0.2465623234375 0.7305518625 0.2465623234375