2 0.41198768125 0.5138972515625 0.41198768125 0.53293048125 0.42498805781250004 0.53293048125 0.42498805781250004 0.5138972515625 0.41198768125 0.5138972515625
2 0.32633813906250003 0.523413865625 0.32633813906250003 0.5628398453125001 0.364574540625 0.5628398453125001 0.364574540625 0.523413865625 0.32633813906250003 0.523413865625
2 0.15503905625 0.5193353171874999 0.15503905625 0.606344375 0.2353355 0.606344375 0.2353355 0.5193353171874999 0.15503905625 0.5193353171874999
2 0 0.6444108374999999 0.16268633593749998 0.6444108374999999 0.16268633593749998 0.50845918125 0 0.50845918125 0 0.6444108374999999
2 0 0.67975826875 0.0915666265625 0.67975826875 0.0915666265625 0.59546824375 0 0.59546824375 0 0.67975826875
2 0.47454243749999997 0.52477338125 0.47454243749999997 0.558761296875 0.48677808593750005 0.558761296875 0.48677808593750005 0.52477338125 0.47454243749999997 0.52477338125
2 0.4890722703125 0.5193353171874999 0.4890722703125 0.5628398453125001 0.5043668328125 0.5628398453125001 0.5043668328125 0.5193353171874999 0.4890722703125 0.5193353171874999
2 0.5158377515625 0.5220543484375 0.5158377515625 0.57099694375 0.530367584375 0.57099694375 0.530367584375 0.5220543484375 0.5158377515625 0.5220543484375
2 0.5273086734375 0.5206948312499999 0.5273086734375 0.580513559375 0.5510152421875001 0.580513559375 0.5510152421875001 0.5206948312499999 0.5273086734375 0.5206948312499999
2 0.5479563296875 0.5138972515625 0.5479563296875 0.5845921109375001 0.57625126875 0.5845921109375001 0.57625126875 0.5138972515625 0.5479563296875 0.5138972515625
2 0.5716629015625 0.4975830515625 0.5716629015625 0.602265825 0.6343706 0.602265825 0.6343706 0.4975830515625 0.5716629015625 0.4975830515625
2 0.5923105578125 0.50845918125 0.5923105578125 0.6240180890625 0.675665915625 0.6240180890625 0.675665915625 0.50845918125 0.5923105578125 0.50845918125
2 0.6489004265625 0.4731117546875 0.6489004265625 0.6824773000000001 0.8469649921875 0.6824773000000001 0.8469649921875 0.4731117546875 0.6489004265625 0.4731117546875
4 0.312573034375 0.5220543484375 0.312573034375 0.5845921078125 0.32480868281249997 0.5845921078125 0.32480868281249997 0.5220543484375 0.312573034375 0.5220543484375
2 0.43141176718749996 0.5193353171874999 0.43141176718749996 0.56691839375 0.4612361625 0.56691839375 0.4612361625 0.5193353171874999 0.43141176718749996 0.5193353171874999