2 0.5284873906249999 0.383782728125 0.5284873906249999 0.43058549843750005 0.5454533953125 0.43058549843750005 0.5454533953125 0.383782728125 0.5284873906249999 0.383782728125
2 0.5150315953125 0.38170260625 0.5150315953125 0.42850537656250004 0.5343377375 0.42850537656250004 0.5343377375 0.38170260625 0.5150315953125 0.38170260625
2 0.4963104859375 0.37962248125000003 0.4963104859375 0.43058549843750005 0.5197118703125 0.43058549843750005 0.5197118703125 0.37962248125000003 0.4963104859375 0.37962248125000003
2 0.488705034375 0.37858241875 0.488705034375 0.4389059890625 0.5056710390625 0.4389059890625 0.5056710390625 0.37858241875 0.488705034375 0.37858241875
2 0.45009274687499995 0.36818180312500004 0.45009274687499995 0.4389059921875 0.49397034531250006 0.4389059921875 0.49397034531250006 0.36818180312500004 0.45009274687499995 0.36818180312500004
2 0.417915840625 0.373382109375 0.417915840625 0.44202617499999997 0.44833764531250003 0.44202617499999997 0.44833764531250003 0.373382109375 0.417915840625 0.373382109375
2 0.3447865109375 0.37026192812500003 0.3447865109375 0.44514636406249997 0.423181153125 0.44514636406249997 0.423181153125 0.37026192812500003 0.3447865109375 0.37026192812500003
2 0.5793854046875 0.3848227875 0.5793854046875 0.4056240203125 0.5951813390625 0.4056240203125 0.5951813390625 0.3848227875 0.5793854046875 0.3848227875
2 0.7016576453125001 0.470107840625 0.7016576453125001 0.5397919671875 0.8174945046875 0.5397919671875 0.8174945046875 0.470107840625 0.7016576453125001 0.470107840625
2 0.8655587578124999 0.46386746875 0.8655587578124999 0.5761941187499999 0.999531690625 0.5761941187499999 0.999531690625 0.46386746875 0.8655587578124999 0.46386746875
2 0.9176268421874999 0.5574730125 0.9176268421874999 0.8653312453125 0.99894665625 0.8653312453125 0.99894665625 0.5574730125 0.9176268421874999 0.5574730125