2 0.267846 0.469543021875 0.267846 0.477700121875 0.27702273593750004 0.477700121875 0.27702273593750004 0.469543021875 0.267846 0.469543021875
2 0.2955673984375 0.47583080781250003 0.2955673984375 0.48194863125 0.3035970421875 0.48194863125 0.3035970421875 0.47583080781250003 0.2955673984375 0.47583080781250003
2 0.305891225 0.47685044374999996 0.305891225 0.48398790625 0.31220023124999996 0.48398790625 0.31220023124999996 0.47685044374999996 0.305891225 0.47685044374999996
2 0.25083080468749996 0.45849697031250003 0.25083080468749996 0.46971298125 0.26344881875000004 0.46971298125 0.26344881875000004 0.45849697031250003 0.25083080468749996 0.45849697031250003
2 0.235918609375 0.4656344328125 0.235918609375 0.47685044374999996 0.24911016875 0.47685044374999996 0.24911016875 0.4656344328125 0.235918609375 0.4656344328125
2 0.2473895296875 0.46971298125 0.2473895296875 0.48908609375 0.26516945625 0.48908609375 0.26516945625 0.46971298125 0.2473895296875 0.46971298125
2 0.2001675671875 0.45516612968750003 0.2001675671875 0.46842141406250004 0.2116384890625 0.46842141406250004 0.2116384890625 0.45516612968750003 0.2001675671875 0.45516612968750003
2 0.18353473125 0.45312685625000004 0.18353473125 0.4684214171875 0.20074111249999999 0.4684214171875 0.20074111249999999 0.45312685625000004 0.18353473125 0.45312685625000004
2 0.16001934375 0.4510875796875 0.16001934375 0.4694410515625 0.1743579953125 0.4694410515625 0.1743579953125 0.4510875796875 0.16001934375 0.4510875796875
2 0.1428129625 0.44904830625000003 0.1428129625 0.47453923906249995 0.163460621875 0.47453923906249995 0.163460621875 0.44904830625000003 0.1428129625 0.44904830625000003
2 0.1927114703125 0.467401778125 0.1927114703125 0.4949319890625 0.2127855796875 0.4949319890625 0.2127855796875 0.467401778125 0.1927114703125 0.467401778125
2 0.1669018984375 0.46638214062500005 0.1669018984375 0.4898338 0.19099083125 0.4898338 0.19099083125 0.46638214062500005 0.1669018984375 0.46638214062500005
2 0.143386509375 0.47963742812500004 0.143386509375 0.5245014718750001 0.18066700156249998 0.5245014718750001 0.18066700156249998 0.47963742812500004 0.143386509375 0.47963742812500004
2 0.0676784328125 0.43375374375 0.0676784328125 0.4735196015625 0.09291445937500001 0.4735196015625 0.09291445937500001 0.43375374375 0.0676784328125 0.43375374375
2 0.0831641765625 0.4510875796875 0.0831641765625 0.47963742500000006 0.10840019999999999 0.47963742500000006 0.10840019999999999 0.4510875796875 0.0831641765625 0.4510875796875
2 0.012044465625 0.4510875796875 0.012044465625 0.4775981515625 0.030971485937499998 0.4775981515625 0.030971485937499998 0.4510875796875 0.012044465625 0.4510875796875
2 0.0286773 0.45822504375 0.0286773 0.5030890875 0.07685516875000001 0.5030890875 0.07685516875000001 0.45822504375 0.0286773 0.45822504375
2 0 0.5548866859375 0.04252126875 0.5548866859375 0.04252126875 0.453942584375 0 0.453942584375 0 0.5548866859375
2 0.103317146875 0.45679755625 0.103317146875 0.485347403125 0.1342886328125 0.485347403125 0.1342886328125 0.45679755625 0.103317146875 0.45679755625
2 0.1520685609375 0.4884063140625 0.1520685609375 0.5465256468749999 0.20483479531249998 0.5465256468749999 0.20483479531249998 0.4884063140625 0.1520685609375 0.4884063140625
2 0.23752692031249997 0.4751510296875 0.23752692031249997 0.49758304999999997 0.258174578125 0.49758304999999997 0.258174578125 0.4751510296875 0.23752692031249997 0.4751510296875
2 0.277101596875 0.4649546546875 0.277101596875 0.490445590625 0.293160884375 0.490445590625 0.293160884375 0.4649546546875 0.277101596875 0.4649546546875
2 0.264483584375 0.48942595312500004 0.264483584375 0.5322507234375 0.29545506875 0.5322507234375 0.29545506875 0.48942595312500004 0.264483584375 0.48942595312500004