2 0.31341912031249997 0.46539473750000004 0.31341912031249997 0.5044736890625 0.337399384375 0.5044736890625 0.337399384375 0.46539473750000004 0.31341912031249997 0.46539473750000004
2 0.287583415625 0.46006579218750004 0.287583415625 0.497368425 0.313419121875 0.497368425 0.313419121875 0.46006579218750004 0.287583415625 0.46006579218750004
2 0.1995128703125 0.4351973703125 0.1995128703125 0.56131579375 0.3054257 0.56131579375 0.3054257 0.4351973703125 0.1995128703125 0.4351973703125
2 0.325409253125 0.463618421875 0.325409253125 0.5897368453125 0.38136320156250003 0.5897368453125 0.38136320156250003 0.463618421875 0.325409253125 0.463618421875
2 0.54922504375 0.48671052968749995 0.54922504375 0.6359210562500001 0.635154321875 0.6359210562500001 0.635154321875 0.48671052968749995 0.54922504375 0.48671052968749995
2 0 0.48671052968749995 0.0177853484375 0.48671052968749995 0.0177853484375 0.40144736875 0 0.40144736875 0 0.48671052968749995
2 0 0.6732236875 0.2326085421875 0.6732236875 0.2326085421875 0.37124999999999997 0 0.37124999999999997 0 0.6732236875
2 0.336523015625 0.4263157921875 0.336523015625 0.7869078984375 0.5643355171875 0.7869078984375 0.5643355171875 0.4263157921875 0.336523015625 0.4263157921875
4 0.8041381515625 0.524013159375 0.8041381515625 0.6252631609375 0.831115946875 0.6252631609375 0.831115946875 0.524013159375 0.8041381515625 0.524013159375
4 0.7811570640625 0.524013159375 0.7811570640625 0.5932894765625 0.8041381515625 0.5932894765625 0.8041381515625 0.524013159375 0.7811570640625 0.524013159375
4 0.7641710453125 0.52223684375 0.7641710453125 0.5666447406249999 0.779158709375 0.5666447406249999 0.779158709375 0.52223684375 0.7641710453125 0.52223684375