2 0.0089338296875 0.384673984375 0.0089338296875 0.48176503437499996 0.12240832187499999 0.48176503437499996 0.12240832187499999 0.384673984375 0.0089338296875 0.384673984375
2 0.130603025 0.4065265203125 0.130603025 0.46722800624999994 0.19616063125 0.46722800624999994 0.19616063125 0.4065265203125 0.130603025 0.4065265203125
2 0.2262078671875 0.41866681874999995 0.2262078671875 0.452659653125 0.2685471546875 0.452659653125 0.2685471546875 0.41866681874999995 0.2262078671875 0.41866681874999995
2 0.2630840203125 0.4065265203125 0.2630840203125 0.452659653125 0.2863023390625 0.452659653125 0.2863023390625 0.4065265203125 0.2630840203125 0.4065265203125
2 0.291765475 0.42109488125 0.291765475 0.45023159375 0.3190513140625 0.45023159375 0.3190513140625 0.42109488125 0.291765475 0.42109488125
2 0.5580932515625 0.41138264218750004 0.5580932515625 0.45265965625 0.5731168703125 0.45265965625 0.5731168703125 0.41138264218750004 0.5580932515625 0.41138264218750004
2 0.5690195203124999 0.404098465625 0.5690195203124999 0.450231596875 0.6004325406250001 0.450231596875 0.6004325406250001 0.404098465625 0.5690195203124999 0.404098465625
2 0.60316410625 0.4016704046875 0.60316410625 0.45994383125000005 0.6673559296875 0.45994383125000005 0.6673559296875 0.4016704046875 0.60316410625 0.4016704046875
2 0.38023412031250003 0.4103420578125 0.38023412031250003 0.43705071406249996 0.3993550875 0.43705071406249996 0.3993550875 0.4103420578125 0.38023412031250003 0.4103420578125
2 0.496325715625 0.41131328125 0.496325715625 0.4331658140625 0.5127151171875 0.4331658140625 0.5127151171875 0.41131328125 0.496325715625 0.41131328125
2 0.5154466828125 0.41374133906250005 0.5154466828125 0.43073775625 0.526372953125 0.43073775625 0.526372953125 0.41374133906250005 0.5154466828125 0.41374133906250005
2 0.527738734375 0.41374133906250005 0.527738734375 0.43316581718749997 0.5400307859375 0.43316581718749997 0.5400307859375 0.41374133906250005 0.527738734375 0.41374133906250005
2 0.5413965703125 0.41374133906250005 0.5413965703125 0.43802193437500003 0.557785971875 0.43802193437500003 0.557785971875 0.41374133906250005 0.5413965703125 0.41374133906250005
2 0.46491269375 0.40645715937500004 0.46491269375 0.4331658140625 0.4826678796875 0.4331658140625 0.4826678796875 0.40645715937500004 0.46491269375 0.40645715937500004
6 0.3979893046875 0.33021609375 0.3979893046875 0.47104354375 0.470375828125 0.47104354375 0.470375828125 0.33021609375 0.3979893046875 0.33021609375
2 0.913253890625 0.401439171875 0.913253890625 0.5002944578124999 0.9996955484375001 0.5002944578124999 0.9996955484375001 0.401439171875 0.913253890625 0.401439171875
2 0.8681830343750001 0.4030578796875 0.8681830343750001 0.49046801875 0.94603269375 0.49046801875 0.94603269375 0.4030578796875 0.8681830343750001 0.4030578796875
2 0.485201278125 0.40909120000000004 0.485201278125 0.431972571875 0.49807205000000004 0.431972571875 0.49807205000000004 0.40909120000000004 0.485201278125 0.40909120000000004