6 0 0 0 0.4368261953125 0.20321436875 0.4368261953125 0.20321436875 0 0 0
6 0.25001717343749996 0.022881371875 0.25001717343749996 0.35570133125000003 0.4009562265625 0.35570133125000003 0.4009562265625 0.022881371875 0.25001717343749996 0.022881371875
2 0.18098303437500002 0.1830509765625 0.18098303437500002 0.34530070625 0.27575871875 0.34530070625 0.27575871875 0.1830509765625 0.18098303437500002 0.1830509765625
2 0.427867840625 0.20593235000000001 0.427867840625 0.49090943749999993 0.5940178046875 0.49090943749999993 0.5940178046875 0.20593235000000001 0.427867840625 0.20593235000000001
2 0.392765734375 0.2163329734375 0.392765734375 0.2662559671875 0.41382699843750004 0.2662559671875 0.41382699843750004 0.2163329734375 0.392765734375 0.2163329734375
2 0.40563650625000003 0.22049322187499998 0.40563650625000003 0.27041621718750003 0.41733720781250006 0.27041621718750003 0.41733720781250006 0.22049322187499998 0.40563650625000003 0.22049322187499998
2 0.427867840625 0.22049322187499998 0.427867840625 0.34530070625 0.4992421203125 0.34530070625 0.4992421203125 0.22049322187499998 0.427867840625 0.22049322187499998
2 0.417337209375 0.226733596875 0.417337209375 0.25377521718749996 0.43020798125 0.25377521718749996 0.43020798125 0.226733596875 0.417337209375 0.226733596875
6 0.42552770000000006 0.20385222656250002 0.42552770000000006 0.25169509375 0.44424882187500003 0.25169509375 0.44424882187500003 0.20385222656250002 0.42552770000000006 0.20385222656250002
6 0.44892910312499995 0.15392923125 0.44892910312499995 0.2329739703125 0.5097727515625 0.2329739703125 0.5097727515625 0.15392923125 0.44892910312499995 0.15392923125
1 0.5308340140625 0.2100925984375 0.5308340140625 0.2620957171875 0.577636821875 0.2620957171875 0.577636821875 0.2100925984375 0.5308340140625 0.2100925984375
4 0.6174192078125 0.25377521875000003 0.6174192078125 0.3099385859375 0.630289978125 0.3099385859375 0.630289978125 0.25377521875000003 0.6174192078125 0.25377521875000003
4 0.63146005 0.2641758421875 0.63146005 0.312018709375 0.6431607515625 0.312018709375 0.6431607515625 0.2641758421875 0.63146005 0.2641758421875
4 0.7449568546875 0.2641758421875 0.7449568546875 0.35362120625000004 0.764848046875 0.35362120625000004 0.764848046875 0.2641758421875 0.7449568546875 0.2641758421875
4 0.8198413468749999 0.274576465625 0.8198413468749999 0.3869032015625 0.846752959375 0.3869032015625 0.846752959375 0.274576465625 0.8198413468749999 0.274576465625
4 0.7929297328125 0.278736715625 0.7929297328125 0.35778145625 0.8139909953125001 0.35778145625 0.8139909953125001 0.278736715625 0.7929297328125 0.278736715625
4 0.6572015921875 0.25377521875000003 0.6572015921875 0.3120187109375 0.672412503125 0.3120187109375 0.672412503125 0.25377521875000003 0.6572015921875 0.25377521875000003
4 0.5905075937500001 0.24545471874999997 0.5905075937500001 0.2953777140625 0.5998681546875 0.2953777140625 0.5998681546875 0.24545471874999997 0.5905075937500001 0.24545471874999997
4 0.8479230296875 0.2870572140625 0.8479230296875 0.401464075 0.8631339421875 0.401464075 0.8631339421875 0.2870572140625 0.8479230296875 0.2870572140625
4 0.7671881890625001 0.274576465625 0.7671881890625001 0.34946095625 0.784739240625 0.34946095625 0.784739240625 0.274576465625 0.7671881890625001 0.274576465625
4 0.8584536609375 0.2912174625 0.8584536609375 0.39522369999999996 0.877174784375 0.39522369999999996 0.877174784375 0.2912174625 0.8584536609375 0.2912174625
4 0.879514925 0.32033920781249997 0.879514925 0.39522369999999996 0.8912156250000001 0.39522369999999996 0.8912156250000001 0.32033920781249997 0.879514925 0.32033920781249997