2 0.3996438859375 0.49031215625 0.3996438859375 0.5043746437500001 0.41414583125000004 0.5043746437500001 0.41414583125000004 0.49031215625 0.3996438859375 0.49031215625
2 0.38909701874999997 0.492655903125 0.38909701874999997 0.5114058921875 0.4035989625 0.5114058921875 0.4035989625 0.492655903125 0.38909701874999997 0.492655903125
2 0.3785501515625 0.492655903125 0.3785501515625 0.5137496390625 0.39568881093749997 0.5137496390625 0.39568881093749997 0.492655903125 0.3785501515625 0.492655903125
2 0.49192897812499997 0.48093716249999996 0.49192897812499997 0.50906214375 0.5090676390625 0.50906214375 0.5090676390625 0.48093716249999996 0.49192897812499997 0.48093716249999996
2 0.5064309234375 0.485624659375 0.5064309234375 0.5160933859375 0.5262063 0.5160933859375 0.5262063 0.485624659375 0.5064309234375 0.485624659375
2 0.5235695812500001 0.485624659375 0.5235695812500001 0.5184371359375 0.5459816765625 0.5184371359375 0.5459816765625 0.485624659375 0.5235695812500001 0.485624659375
2 0.5367531671875 0.485624659375 0.5367531671875 0.52546838125 0.5591652609375 0.52546838125 0.5591652609375 0.485624659375 0.5367531671875 0.485624659375
2 0.551255109375 0.483280909375 0.551255109375 0.5301558796875 0.5815773531249999 0.5301558796875 0.5815773531249999 0.483280909375 0.551255109375 0.483280909375
2 0.5749855625 0.48093716249999996 0.5749855625 0.54421836875 0.6198097515625001 0.54421836875 0.6198097515625001 0.48093716249999996 0.5749855625 0.48093716249999996
2 0.3073587953125 0.5020308953125 0.3073587953125 0.548905865625 0.335044321875 0.548905865625 0.335044321875 0.5020308953125 0.3073587953125 0.5020308953125
2 0.2862650578125 0.5020308953125 0.2862650578125 0.5512496140625001 0.31526894375 0.5512496140625001 0.31526894375 0.5020308953125 0.2862650578125 0.5020308953125
2 0.2546244546875 0.492655903125 0.2546244546875 0.5676558515625 0.29285685 0.5676558515625 0.29285685 0.492655903125 0.2546244546875 0.492655903125
2 0.3680032828125 0.4887036671875 0.3680032828125 0.52312463125 0.387778659375 0.52312463125 0.387778659375 0.4887036671875 0.3680032828125 0.4887036671875
2 0.6118996 0.47390591718749997 0.6118996 0.56148931875 0.6901639546875 0.56148931875 0.6901639546875 0.47390591718749997 0.6118996 0.47390591718749997
2 0.193011953125 0.5020308953125 0.193011953125 0.58748419375 0.26648968125 0.58748419375 0.26648968125 0.5020308953125 0.193011953125 0.5020308953125
2 0.7002296171875 0.47390591718749997 0.7002296171875 0.60046833125 0.83470218125 0.60046833125 0.83470218125 0.47390591718749997 0.7002296171875 0.47390591718749997