2 0.33961286562500004 0.3837830140625 0.33961286562500004 0.40250413749999997 0.3489734265625 0.40250413749999997 0.3489734265625 0.3837830140625 0.33961286562500004 0.3837830140625
2 0.3244019546875 0.3837830140625 0.3244019546875 0.40458426249999996 0.3384427953125 0.40458426249999996 0.3384427953125 0.3837830140625 0.3244019546875 0.3837830140625
2 0.292810059375 0.3817028890625 0.292810059375 0.4149848859375 0.3197216734375 0.4149848859375 0.3197216734375 0.3817028890625 0.292810059375 0.3817028890625
2 0.82636205625 0.3879432640625 0.82636205625 0.4149848875 0.8439131078125 0.4149848875 0.8439131078125 0.3879432640625 0.82636205625 0.3879432640625
2 0.805282221875 0.3837830140625 0.805282221875 0.411461171875 0.8205117046874999 0.411461171875 0.8205117046874999 0.3837830140625 0.805282221875 0.3837830140625
2 0.7479673546875001 0.3941836390625 0.7479673546875001 0.4378662578125 0.7818993890625 0.4378662578125 0.7818993890625 0.3941836390625 0.7479673546875001 0.3941836390625
6 0.7362666515625 0.35258114375 0.7362666515625 0.4170650125 0.7643483359375 0.4170650125 0.7643483359375 0.35258114375 0.7362666515625 0.35258114375
6 0.7175455281249999 0.35466126875000004 0.7175455281249999 0.4357861328125 0.7444571421874999 0.4357861328125 0.7444571421874999 0.35466126875000004 0.7175455281249999 0.35466126875000004
6 0.659042021875 0.3338600203125 0.659042021875 0.417065009375 0.719885671875 0.417065009375 0.719885671875 0.3338600203125 0.659042021875 0.3338600203125
2 0.6485113890624999 0.3962637625 0.6485113890624999 0.4690681296875 0.7187156 0.4690681296875 0.7187156 0.3962637625 0.6485113890624999 0.3962637625
6 1 0.20281216249999998 0.96969565 0.20281216249999998 0.96969565 0.47738862812500005 1 0.47738862812500005 1 0.20281216249999998
5 0.746065971875 0.3756110921875 0.746065971875 0.6231459359375 0.8525423562500001 0.6231459359375 0.8525423562500001 0.3756110921875 0.746065971875 0.3756110921875
3 0.7495761828124999 0.4546558328125 0.7495761828124999 0.6460273078125 0.8244606734375 0.6460273078125 0.8244606734375 0.4546558328125 0.7495761828124999 0.4546558328125