2 0.013406529687499998 0.4895774796875 0.013406529687499998 0.5615162859375 0.1132790234375 0.5615162859375 0.1132790234375 0.4895774796875 0.013406529687499998 0.4895774796875
2 0.20368084843749998 0.4819244140625 0.20368084843749998 0.533965253125 0.2673926125 0.533965253125 0.2673926125 0.4819244140625 0.20368084843749998 0.4819244140625
2 0.27772425 0.45131215625000004 0.27772425 0.5232509656250001 0.35521152968749997 0.5232509656250001 0.35521152968749997 0.45131215625000004 0.27772425 0.45131215625000004
2 0.375013834375 0.47274073593750005 0.375013834375 0.5201897375 0.412896503125 0.5201897375 0.412896503125 0.47274073593750005 0.375013834375 0.47274073593750005
2 0.424888584375 0.4825257265625 0.424888584375 0.5024236937500001 0.4386641 0.5024236937500001 0.4386641 0.4825257265625 0.424888584375 0.4825257265625
2 0.5273439875 0.485586953125 0.5273439875 0.5039543078125 0.534231746875 0.5039543078125 0.534231746875 0.485586953125 0.5273439875 0.485586953125
2 0.5333707750000001 0.484056340625 0.5333707750000001 0.50701553125 0.5437024125 0.50701553125 0.5437024125 0.484056340625 0.5333707750000001 0.484056340625
2 0.5411195046875 0.484056340625 0.5411195046875 0.5085461484375 0.551451140625 0.5085461484375 0.551451140625 0.484056340625 0.5411195046875 0.484056340625
2 0.5471462921875 0.485586953125 0.5471462921875 0.5100767609375 0.5591998703125001 0.5100767609375 0.5591998703125001 0.485586953125 0.5471462921875 0.485586953125
2 0.5574779296875 0.487117565625 0.5574779296875 0.5131379890625001 0.5686705359374999 0.5131379890625001 0.5686705359374999 0.487117565625 0.5574779296875 0.487117565625
2 0.561782778125 0.485586953125 0.561782778125 0.5161992109375 0.5790021750000001 0.5161992109375 0.5790021750000001 0.485586953125 0.561782778125 0.485586953125
2 0.57383635625 0.485586953125 0.57383635625 0.5192604390625 0.5944996296875 0.5192604390625 0.5944996296875 0.485586953125 0.57383635625 0.485586953125
2 0.5790021750000001 0.48864817812499994 0.5790021750000001 0.5238522765625 0.5936386609375 0.5238522765625 0.5936386609375 0.48864817812499994 0.5790021750000001 0.48864817812499994
2 0.5910557515625 0.485586953125 0.5910557515625 0.5269135015625 0.6031093265624999 0.5269135015625 0.6031093265624999 0.485586953125 0.5910557515625 0.485586953125
2 0.472098434375 0.47602062187499994 0.472098434375 0.5709186234375 0.5383931078125 0.5709186234375 0.5383931078125 0.47602062187499994 0.472098434375 0.47602062187499994
6 0.5952350046875 0.0357142953125 0.5952350046875 0.7826534046875 0.9990298281250001 0.7826534046875 0.9990298281250001 0.0357142953125 0.5952350046875 0.0357142953125