2 0.38582428750000003 0.5770162046875 0.38582428750000003 0.5922581390625 0.399297071875 0.5922581390625 0.399297071875 0.5770162046875 0.38582428750000003 0.5770162046875
2 0.372351503125 0.5791936234375 0.372351503125 0.5966129812500001 0.3833746921875 0.5966129812500001 0.3833746921875 0.5791936234375 0.372351503125 0.5791936234375
2 0.3490803328125 0.57048394375 0.3490803328125 0.6009678203125 0.368677109375 0.6009678203125 0.368677109375 0.57048394375 0.3490803328125 0.57048394375
2 0.3233595609375 0.5617742671875 0.3233595609375 0.618387175 0.3503051296875 0.618387175 0.3503051296875 0.5617742671875 0.3233595609375 0.5617742671875
2 0.3086619796875 0.5661291046875 0.3086619796875 0.63580653125 0.329483553125 0.63580653125 0.329483553125 0.5661291046875 0.3086619796875 0.5661291046875
2 0.273142821875 0.5552420062500001 0.273142821875 0.6510484703125 0.3196851671875 0.6510484703125 0.3196851671875 0.5552420062500001 0.273142821875 0.5552420062500001
2 0.24129805937499998 0.5661291046875 0.24129805937499998 0.670645246875 0.29763879375 0.670645246875 0.29763879375 0.5661291046875 0.24129805937499998 0.5661291046875
2 0.0845238453125 0.5443549078125 0.0845238453125 0.72725815625 0.2633444328125 0.72725815625 0.2633444328125 0.5443549078125 0.0845238453125 0.5443549078125
2 0.0012375453124999999 0.52040329375 0.0012375453124999999 0.9254033453125 0.12861659375 0.9254033453125 0.12861659375 0.52040329375 0.0012375453124999999 0.52040329375
2 0.410320259375 0.5770162046875 0.410320259375 0.6009678187499999 0.4274674390625 0.6009678187499999 0.4274674390625 0.5770162046875 0.410320259375 0.5770162046875
2 0.42134344375 0.5617742671875 0.42134344375 0.5966129812500001 0.4421650203125 0.5966129812500001 0.4421650203125 0.5617742671875 0.42134344375 0.5617742671875
2 0.437265828125 0.5443549078125 0.437265828125 0.6140323375000001 0.48380817187499997 0.6140323375000001 0.48380817187499997 0.5443549078125 0.437265828125 0.5443549078125
2 0.4593122 0.568306525 0.4593122 0.6314516953125 0.5156529328125 0.6314516953125 0.5156529328125 0.568306525 0.4593122 0.568306525
2 0.5168777312499999 0.5617742671875 0.5168777312499999 0.6597581484374999 0.6932487218750001 0.6597581484374999 0.6932487218750001 0.5617742671875 0.5168777312499999 0.5617742671875
2 0.657729565625 0.4050000515625 0.657729565625 0.9079839843749999 0.9982235625 0.9079839843749999 0.9982235625 0.4050000515625 0.657729565625 0.4050000515625