2 0.650674228125 0.5477571296875 0.650674228125 0.5872228578125 0.6675152078125001 0.5872228578125 0.6675152078125001 0.5477571296875 0.650674228125 0.5477571296875
2 0.596323790625 0.52190026875 0.596323790625 0.5545615640625 0.6323022500000001 0.5545615640625 0.6323022500000001 0.52190026875 0.596323790625 0.52190026875
2 0.4432239734375 0.4960434109375 0.4432239734375 0.5300655937500001 0.4631269515625 0.5300655937500001 0.4631269515625 0.4960434109375 0.4432239734375 0.4960434109375
2 0.42408649687500005 0.4933216359375 0.42408649687500005 0.5191784937499999 0.43709998125 0.5191784937499999 0.43709998125 0.4933216359375 0.42408649687500005 0.4933216359375
2 0.4332724859375 0.4974042984375 0.4332724859375 0.5178176062500001 0.443989471875 0.5178176062500001 0.443989471875 0.4974042984375 0.4332724859375 0.4974042984375
2 0.41643150625 0.4960434109375 0.41643150625 0.52053938125 0.4348034828125 0.52053938125 0.4348034828125 0.4960434109375 0.41643150625 0.4960434109375
2 0.399590525 0.498765184375 0.399590525 0.5355091421875 0.4194935015625 0.5355091421875 0.4194935015625 0.498765184375 0.399590525 0.498765184375
2 0.3980595265625 0.51509583125 0.3980595265625 0.5491180140624999 0.412604009375 0.5491180140624999 0.412604009375 0.51509583125 0.3980595265625 0.51509583125
2 0.3789220484375 0.51509583125 0.3789220484375 0.555922453125 0.40418352031250004 0.555922453125 0.40418352031250004 0.51509583125 0.3789220484375 0.51509583125
2 0.36361206875 0.52326115625 0.36361206875 0.5695313234375 0.3949975296875 0.5695313234375 0.3949975296875 0.52326115625 0.36361206875 0.52326115625
2 0.3142373765625 0.5246220421875 0.3142373765625 0.662071659375 0.3877252890625 0.662071659375 0.3877252890625 0.5246220421875 0.3142373765625 0.5246220421875
2 0.08956339375 0.5504789015625 0.08956339375 0.6906502921875 0.16764430156250001 0.6906502921875 0.16764430156250001 0.5504789015625 0.08956339375 0.5504789015625
2 0 0.7287551375 0.0849704 0.7287551375 0.0849704 0.5327873671875001 0 0.5327873671875001 0 0.7287551375
2 0.42370374687499995 0.483795425 0.42370374687499995 0.7818297375000001 0.6303885015625 0.7818297375000001 0.6303885015625 0.483795425 0.42370374687499995 0.483795425
2 0.149272321875 0.49468252343749997 0.149272321875 0.7328377953125 0.3460055890625 0.7328377953125 0.3460055890625 0.49468252343749997 0.149272321875 0.49468252343749997