4 0.8190728343749999 0.364285878125 0.8190728343749999 0.47908184687500005 0.8414580484374999 0.47908184687500005 0.8414580484374999 0.364285878125 0.8190728343749999 0.364285878125
2 0.45665837812500004 0.3673471046875 0.45665837812500004 0.3918369109375 0.4721558328125 0.3918369109375 0.4721558328125 0.3673471046875 0.45665837812500004 0.3673471046875
2 0.5307017765625 0.3673471046875 0.5307017765625 0.382653234375 0.5410334140625 0.382653234375 0.5410334140625 0.3673471046875 0.5307017765625 0.3673471046875
2 0.58603344375 0.37959200625 0.58603344375 0.4255103953125 0.6047451781250001 0.4255103953125 0.6047451781250001 0.37959200625 0.58603344375 0.37959200625
2 0.5911992625 0.3780613921875 0.5911992625 0.43928590781250004 0.6402745421875 0.43928590781250004 0.6402745421875 0.3780613921875 0.5911992625 0.3780613921875
2 0.6213332046875 0.37500016875000003 0.6213332046875 0.4500002 0.6729913921875 0.4500002 0.6729913921875 0.37500016875000003 0.6213332046875 0.37500016875000003
2 0.06951254999999999 0.3229593296875 0.06951254999999999 0.40102058906250004 0.1805776515625 0.40102058906250004 0.1805776515625 0.3229593296875 0.06951254999999999 0.3229593296875
2 0 0.40102058906250004 0.067790609375 0.40102058906250004 0.067790609375 0.3122450359375 0 0.3122450359375 0 0.40102058906250004
2 0.1676631046875 0.33367361875 0.1676631046875 0.517347171875 0.350188696875 0.517347171875 0.350188696875 0.33367361875 0.1676631046875 0.33367361875
2 0.435650703125 0.372594921875 0.435650703125 0.39704100625 0.45852791406250004 0.39704100625 0.45852791406250004 0.372594921875 0.435650703125 0.372594921875
2 0.480052159375 0.374081815625 0.480052159375 0.39096227968749997 0.4946886453125 0.39096227968749997 0.4946886453125 0.374081815625 0.480052159375 0.374081815625
2 0.5050202828125 0.3588194078125 0.5050202828125 0.3741255375 0.5162128890625 0.3741255375 0.5162128890625 0.3588194078125 0.5050202828125 0.3588194078125
2 0.5351542234375 0.372594921875 0.5351542234375 0.3909622765625 0.548929740625 0.3909622765625 0.548929740625 0.372594921875 0.5351542234375 0.372594921875
2 0.6526150890625 0.3603062984375 0.6526150890625 0.4888777859375 0.7507656421875 0.4888777859375 0.7507656421875 0.3603062984375 0.6526150890625 0.3603062984375