2 0.000017925 0.5329835859375 0.000017925 0.8320772234374999 0.11472713125 0.8320772234374999 0.11472713125 0.5329835859375 0.000017925 0.5329835859375
2 0.87945518125 0.42286275 0.87945518125 0.5370621390625 0.99875275625 0.5370621390625 0.99875275625 0.42286275 0.87945518125 0.42286275
6 0.6974499062499999 0.37120111875 0.6974499062499999 0.52210745625 0.8014529203125 0.52210745625 0.8014529203125 0.37120111875 0.6974499062499999 0.37120111875
2 0.5931012359375 0.48573584375 0.5931012359375 0.5360379562500001 0.6099252546875 0.5360379562500001 0.6099252546875 0.48573584375 0.5931012359375 0.48573584375
2 0.4978379609375 0.5084591828125 0.4978379609375 0.5220543484375 0.5054852421875 0.5220543484375 0.5054852421875 0.5084591828125 0.4978379609375 0.5084591828125
2 0.49324959062499996 0.500302084375 0.49324959062499996 0.5220543484375 0.5016616 0.5220543484375 0.5016616 0.500302084375 0.49324959062499996 0.500302084375
2 0.48254339999999996 0.492144984375 0.48254339999999996 0.5329304828125 0.4978379609375 0.5329304828125 0.4978379609375 0.492144984375 0.48254339999999996 0.492144984375
2 0.44430699687499997 0.5111782171875 0.44430699687499997 0.534289996875 0.451954278125 0.534289996875 0.451954278125 0.5111782171875 0.44430699687499997 0.5111782171875
2 0.5100736109375 0.5057401515625 0.5100736109375 0.534289996875 0.520779803125 0.534289996875 0.520779803125 0.5057401515625 0.5100736109375 0.5057401515625
2 0.523838715625 0.46767368906250006 0.523838715625 0.49486401874999997 0.5697223984375 0.49486401874999997 0.5697223984375 0.46767368906250006 0.523838715625 0.46767368906250006
1 0.3736801796875 0.4581836265625 0.3736801796875 0.5547092984375 0.4417409765625 0.5547092984375 0.4417409765625 0.4581836265625 0.3736801796875 0.4581836265625
6 0.29108955000000003 0.49081202187499995 0.29108955000000003 0.5818996296875001 0.348444153125 0.5818996296875001 0.348444153125 0.49081202187499995 0.29108955000000003 0.49081202187499995
2 0.0999075375 0.52344041875 0.0999075375 0.6974585328125 0.2551473328125 0.6974585328125 0.2551473328125 0.52344041875 0.0999075375 0.52344041875
2 0.33009068125 0.513923803125 0.33009068125 0.61996609375 0.41879913437500005 0.61996609375 0.41879913437500005 0.513923803125 0.33009068125 0.513923803125
2 0.44966009375000004 0.4848942375 0.44966009375000004 0.5487915140624999 0.49095540781249997 0.5487915140624999 0.49095540781249997 0.4848942375 0.44966009375000004 0.4848942375
2 0.607194071875 0.4645014890625 0.607194071875 0.53791538125 0.656136665625 0.53791538125 0.656136665625 0.4645014890625 0.607194071875 0.4645014890625
2 0.51236779375 0.4767371390625 0.51236779375 0.62628395625 0.616370809375 0.62628395625 0.616370809375 0.4767371390625 0.51236779375 0.4767371390625