4 0.1378714375 0.5331622859375 0.1378714375 0.5567249171875 0.1476170109375 0.5567249171875 0.1476170109375 0.5331622859375 0.1378714375 0.5331622859375
4 0.250920090625 0.54425058125 0.250920090625 0.5650411375 0.2610554875 0.5650411375 0.2610554875 0.54425058125 0.250920090625 0.54425058125
4 0.2029718671875 0.54147850625 0.2029718671875 0.6066222531250001 0.216615671875 0.6066222531250001 0.216615671875 0.54147850625 0.2029718671875 0.54147850625
4 0.7150692734375 0.46386045 0.7150692734375 0.8422485828124999 0.851897125 0.8422485828124999 0.851897125 0.46386045 0.7150692734375 0.46386045
2 0.398859734375 0.5033303203124999 0.398859734375 0.515804653125 0.4097747765625 0.515804653125 0.4097747765625 0.5033303203124999 0.398859734375 0.5033303203124999
2 0.4300455703125 0.50748843125 0.4300455703125 0.5213488015625 0.4378420296875 0.5213488015625 0.4378420296875 0.50748843125 0.4300455703125 0.50748843125
2 0.43160486093749995 0.510260503125 0.43160486093749995 0.52204181875 0.437452203125 0.52204181875 0.437452203125 0.510260503125 0.43160486093749995 0.510260503125
2 0.4366725609375 0.50610239375 0.4366725609375 0.5178837078125 0.4448588421875 0.5178837078125 0.4448588421875 0.50610239375 0.4366725609375 0.50610239375
2 0.43745220468749996 0.5192697468749999 0.43745220468749996 0.5310510625 0.4487570703125 0.5310510625 0.4487570703125 0.5192697468749999 0.43745220468749996 0.5192697468749999
2 0.441350434375 0.5268929484375 0.441350434375 0.5414463390625001 0.45460441406249996 0.5414463390625001 0.45460441406249996 0.5268929484375 0.441350434375 0.5268929484375
2 0.45343494531250006 0.5310510625 0.45343494531250006 0.5469904875 0.4678583953125 0.5469904875 0.4678583953125 0.5310510625 0.45343494531250006 0.5310510625
2 0.45928229062500003 0.5317440796875 0.45928229062500003 0.5518416187499999 0.47682432343750003 0.5518416187499999 0.47682432343750003 0.5317440796875 0.45928229062500003 0.5317440796875
2 0.44174025625 0.543525396875 0.44174025625 0.5663950078125 0.4569433515625 0.5663950078125 0.4569433515625 0.543525396875 0.44174025625 0.543525396875
2 0.46318051875000005 0.54906954375 0.46318051875000005 0.57055311875 0.4803327265625 0.57055311875 0.4803327265625 0.54906954375 0.46318051875000005 0.54906954375
2 0.387165046875 0.5324370984375 0.387165046875 0.54629746875 0.3973004421875 0.54629746875 0.3973004421875 0.5324370984375 0.387165046875 0.5324370984375
2 0.3731314203125 0.5449114328125 0.3731314203125 0.5677810437499999 0.3980800875 0.5677810437499999 0.3980800875 0.5449114328125 0.3731314203125 0.5449114328125
2 0.3746907109375 0.5511485984375 0.3746907109375 0.5747112296875 0.39340221249999996 0.5747112296875 0.39340221249999996 0.5511485984375 0.3746907109375 0.5511485984375
2 0.3626062015625 0.5497625625 0.3626062015625 0.5781763234375 0.38521593125 0.5781763234375 0.38521593125 0.5497625625 0.3626062015625 0.5497625625
2 0.34311505468750003 0.5511485984375 0.34311505468750003 0.5816414156249999 0.37001283749999997 0.5816414156249999 0.37001283749999997 0.5511485984375 0.34311505468750003 0.5511485984375
2 0.32908142812499996 0.5442184140624999 0.32908142812499996 0.5948087671875 0.3614367328125 0.5948087671875 0.3614367328125 0.5442184140624999 0.32908142812499996 0.5442184140624999
2 0.2776248 0.540060303125 0.2776248 0.6045110265625 0.3520809828125 0.6045110265625 0.3520809828125 0.540060303125 0.2776248 0.540060303125
2 0.2207106515625 0.5504555796874999 0.2207106515625 0.6183714 0.3177765625 0.6183714 0.3177765625 0.5504555796874999 0.2207106515625 0.5504555796874999
2 0.41601194374999995 0.5504555796874999 0.41601194374999995 0.5754042453125 0.4249778703125 0.5754042453125 0.4249778703125 0.5504555796874999 0.41601194374999995 0.5504555796874999
2 0.4191305265625 0.543525396875 0.4191305265625 0.5844134921874999 0.444858840625 0.5844134921874999 0.444858840625 0.543525396875 0.4191305265625 0.543525396875
2 0.4873495421875 0.537288228125 0.4873495421875 0.5754042484374999 0.499434053125 0.5754042484374999 0.499434053125 0.537288228125 0.4873495421875 0.537288228125
2 0.49358670781249997 0.5414463421875 0.49358670781249997 0.5740182125 0.5189251984375 0.5740182125 0.5189251984375 0.5414463421875 0.49358670781249997 0.5414463421875
2 0.509179625 0.5449114328125 0.509179625 0.5830274546875 0.537246878125 0.5830274546875 0.537246878125 0.5449114328125 0.509179625 0.5449114328125
2 0.5239928984375 0.54906954375 0.5239928984375 0.58510650625 0.542314575 0.58510650625 0.542314575 0.54906954375 0.5239928984375 0.54906954375
2 0.5352977625 0.52342785625 0.5352977625 0.591343678125 0.5750597015625 0.591343678125 0.5750597015625 0.52342785625 0.5352977625 0.52342785625
2 0.5579074937499999 0.5241208734375 0.5579074937499999 0.59619480625 0.6206689875 0.59619480625 0.6206689875 0.5241208734375 0.5579074937499999 0.5241208734375
2 0.693105184375 0.531618071875 0.693105184375 0.6466591546875 0.9141347921874999 0.6466591546875 0.9141347921874999 0.531618071875 0.693105184375 0.531618071875
2 0.0965877703125 0.5526985437499999 0.0965877703125 0.658037365625 0.1885859828125 0.658037365625 0.1885859828125 0.5526985437499999 0.0965877703125 0.5526985437499999
2 0 0.6961533859375 0.12348555312500001 0.6961533859375 0.12348555312500001 0.5665589140625 0 0.5665589140625 0 0.6961533859375