4 0.5306767578125 0.3586161609375 0.5306767578125 0.5661983671875 0.5878513375 0.5661983671875 0.5878513375 0.3586161609375 0.5306767578125 0.3586161609375
2 0.420353971875 0.3872481875 0.420353971875 0.3987009984375 0.4292120046875 0.3987009984375 0.4292120046875 0.3872481875 0.420353971875 0.3872481875
2 0.409885384375 0.384384984375 0.409885384375 0.3987009984375 0.41793814375 0.3987009984375 0.41793814375 0.384384984375 0.409885384375 0.384384984375
2 0.39941680156250003 0.400132603125 0.39941680156250003 0.41588021875000003 0.409885384375 0.41588021875000003 0.409885384375 0.400132603125 0.39941680156250003 0.400132603125
2 0.39216931875 0.3915429921875 0.39216931875 0.40442740468749994 0.3986115265625 0.40442740468749994 0.3986115265625 0.3915429921875 0.39216931875 0.3915429921875
2 0.38089545625 0.39726939687499996 0.38089545625 0.4144486140625 0.3865323875 0.4144486140625 0.3865323875 0.39726939687499996 0.38089545625 0.39726939687499996
2 0.370426871875 0.400132603125 0.370426871875 0.41444861875 0.38170073125 0.41444861875 0.38170073125 0.400132603125 0.370426871875 0.400132603125
2 0.3631793890625 0.4015642046875 0.3631793890625 0.4201750203125 0.372842696875 0.4201750203125 0.372842696875 0.4015642046875 0.3631793890625 0.4015642046875
2 0.37686907812500003 0.4115854125 0.37686907812500003 0.44594384531250003 0.40263790312500003 0.44594384531250003 0.40263790312500003 0.4115854125 0.37686907812500003 0.4115854125
2 0.352710803125 0.3987009984375 0.352710803125 0.41874341875 0.3615688359375 0.41874341875 0.3615688359375 0.3987009984375 0.352710803125 0.3987009984375
2 0.25768825781250004 0.40585900781250006 0.25768825781250004 0.4330594328125 0.2826518078125 0.4330594328125 0.2826518078125 0.40585900781250006 0.25768825781250004 0.40585900781250006
2 0.21259281406250002 0.41731181875 0.21259281406250002 0.48889189218749995 0.2681568453125 0.48889189218749995 0.2681568453125 0.41731181875 0.21259281406250002 0.41731181875
2 0.3535160796875 0.4130170140625 0.3535160796875 0.47600747656250003 0.37445325 0.47600747656250003 0.37445325 0.4130170140625 0.3535160796875 0.4130170140625
2 0.264935740625 0.3872481875 0.264935740625 0.5160923171875 0.3599582828125 0.5160923171875 0.3599582828125 0.3872481875 0.264935740625 0.3872481875
2 0.43082255625 0.39297459375 0.43082255625 0.414448615625 0.439680590625 0.414448615625 0.439680590625 0.39297459375 0.43082255625 0.39297459375
2 0.4404858671875 0.39440619374999997 0.4404858671875 0.4125398140625 0.455526053125 0.4125398140625 0.455526053125 0.39440619374999997 0.4404858671875 0.39440619374999997
2 0.452565003125 0.40872220937500003 0.452565003125 0.45310185625 0.4710863484375 0.45310185625 0.4710863484375 0.40872220937500003 0.452565003125 0.40872220937500003
2 0.46760519062499994 0.39034998593750003 0.46760519062499994 0.476246075 0.5151164625 0.476246075 0.5151164625 0.39034998593750003 0.46760519062499994 0.39034998593750003
2 0.48411334375 0.40967660625 0.48411334375 0.49056208593750006 0.5275982375 0.49056208593750006 0.5275982375 0.40967660625 0.48411334375 0.40967660625
2 0.5006214984375 0.4139714125 0.5006214984375 0.5020149 0.5521591484374999 0.5020149 0.5521591484374999 0.4139714125 0.5006214984375 0.4139714125
2 0.8987066734375 0.423071778125 0.8987066734375 0.55191590625 0.9994969890625001 0.55191590625 0.9994969890625001 0.423071778125 0.8987066734375 0.423071778125
2 0.44051299843749997 0.4082809671875 0.44051299843749997 0.43874969531249997 0.4576516578125 0.43874969531249997 0.4576516578125 0.4082809671875 0.44051299843749997 0.4082809671875