2 0.45759475156249996 0.500060084375 0.45759475156249996 0.5388786328124999 0.4689871515625 0.5388786328124999 0.4689871515625 0.500060084375 0.45759475156249996 0.500060084375
2 0.445252984375 0.4983723203125 0.445252984375 0.543941925 0.46329095000000003 0.543941925 0.46329095000000003 0.4983723203125 0.445252984375 0.4983723203125
2 0.436708684375 0.500060084375 0.436708684375 0.543941925 0.45759475156249996 0.543941925 0.45759475156249996 0.500060084375 0.436708684375 0.500060084375
2 0.4281643828125 0.500060084375 0.4281643828125 0.5473174484375 0.4471517171875 0.5473174484375 0.4471517171875 0.500060084375 0.4281643828125 0.500060084375
2 0.38829098125 0.49475567812500004 0.38829098125 0.5622662 0.436708684375 0.5622662 0.436708684375 0.49475567812500004 0.38829098125 0.49475567812500004
2 0.240189775 0.4713681125 0.240189775 0.667148621875 0.3655061828125 0.667148621875 0.3655061828125 0.4713681125 0.240189775 0.4713681125
2 0 0.80723295625 0.2876581109375 0.80723295625 0.2876581109375 0.4393006171875 0 0.4393006171875 0 0.80723295625
2 0.5226941953125 0.48487021874999997 0.5226941953125 0.537190871875 0.5407321625 0.537190871875 0.5407321625 0.48487021874999997 0.5226941953125 0.48487021874999997
2 0.5369346953125 0.48824574531250003 0.5369346953125 0.5422541609375 0.5606688625 0.5422541609375 0.5606688625 0.48824574531250003 0.5369346953125 0.48824574531250003
2 0.54751335 0.4863168640625 0.54751335 0.5538273859375 0.5911842171874999 0.5538273859375 0.5911842171874999 0.4863168640625 0.54751335 0.4863168640625
2 0.47563271875 0.49475567812500004 0.47563271875 0.5504518578125001 0.5174048531250001 0.5504518578125001 0.5174048531250001 0.49475567812500004 0.47563271875 0.49475567812500004
2 0.597829784375 0.46437594375 0.597829784375 0.612899090625 0.6937158203125 0.612899090625 0.6937158203125 0.46437594375 0.597829784375 0.46437594375
2 0.64787498125 0.4728147609375 0.64787498125 0.69559948125 0.8016723859375 0.69559948125 0.8016723859375 0.4728147609375 0.64787498125 0.4728147609375
2 0.7636977171875 0.45449048281250004 0.7636977171875 0.8764312406249999 0.9991406625 0.8764312406249999 0.9991406625 0.45449048281250004 0.7636977171875 0.45449048281250004