2 0.0006029750000000001 0.5989047375000001 0.0006029750000000001 0.8030284828124999 0.026118443749999998 0.8030284828124999 0.026118443749999998 0.5989047375000001 0.0006029750000000001 0.5989047375000001
2 0.0006029750000000001 0.5865336015625 0.0006029750000000001 0.7040593937499999 0.051633910937500006 0.7040593937499999 0.051633910937500006 0.5865336015625 0.0006029750000000001 0.5865336015625
2 0.045834940625 0.5989047375000001 0.045834940625 0.6958119703125 0.13049990312499998 0.6958119703125 0.13049990312499998 0.5989047375000001 0.045834940625 0.5989047375000001
2 0.13281948906250002 0.5906573140625 0.13281948906250002 0.6690078421875 0.2047267203125 0.6690078421875 0.2047267203125 0.5906573140625 0.13281948906250002 0.5906573140625
2 0.2198040421875 0.59684288125 0.2198040421875 0.66488413125 0.267355596875 0.66488413125 0.267355596875 0.59684288125 0.2198040421875 0.59684288125
2 0.26039683125 0.594781025 0.26039683125 0.6442655687500001 0.276633946875 0.6442655687500001 0.276633946875 0.594781025 0.26039683125 0.594781025
2 0.2743143609375 0.6071521625 0.2743143609375 0.65251299375 0.29519065312500004 0.65251299375 0.29519065312500004 0.6071521625 0.2743143609375 0.6071521625
2 0.2917112703125 0.59684288125 0.2917112703125 0.631894434375 0.319546325 0.631894434375 0.319546325 0.59684288125 0.2917112703125 0.59684288125
2 0.303309209375 0.59271916875 0.303309209375 0.6215851546875 0.329984471875 0.6215851546875 0.329984471875 0.59271916875 0.303309209375 0.59271916875
2 0.3949329359375 0.6050903062499999 0.3949329359375 0.642203715625 0.40885046249999996 0.642203715625 0.40885046249999996 0.6050903062499999 0.3949329359375 0.6050903062499999
2 0.41117005312500005 0.6071521625 0.41117005312500005 0.633956290625 0.42508757968750005 0.633956290625 0.42508757968750005 0.6071521625 0.41117005312500005 0.6071521625
2 0.41464943437499996 0.6050903062499999 0.41464943437499996 0.679317121875 0.4390051078125 0.679317121875 0.4390051078125 0.6050903062499999 0.41464943437499996 0.6050903062499999
2 0.420448403125 0.59271916875 0.420448403125 0.7514820828125 0.5155515109375 0.7514820828125 0.5155515109375 0.59271916875 0.420448403125 0.59271916875
6 0.5016339828125 0.5246779218750001 0.5016339828125 0.6731315546875 0.5689020359375 0.6731315546875 0.5689020359375 0.5246779218750001 0.5016339828125 0.5246779218750001
2 0.726634021875 0.59271916875 0.726634021875 0.629832578125 0.748670109375 0.629832578125 0.748670109375 0.59271916875 0.726634021875 0.59271916875
2 0.7417113453125 0.59271916875 0.7417113453125 0.6422037140625 0.7892629 0.6422037140625 0.7892629 0.59271916875 0.7417113453125 0.59271916875
2 0.7649072234375 0.58034803125 0.7649072234375 0.6566367046875 0.8449330093749999 0.6566367046875 0.8449330093749999 0.58034803125 0.7649072234375 0.58034803125
2 0.8020206328124999 0.5906573140625 0.8020206328124999 0.6628222734375 0.8669690953125 0.6628222734375 0.8669690953125 0.5906573140625 0.8020206328124999 0.5906573140625