2 0.201152759375 0.60639769375 0.201152759375 0.63412279375 0.210749909375 0.63412279375 0.210749909375 0.60639769375 0.201152759375 0.60639769375
2 0.154366653125 0.59999959375 0.154366653125 0.63625549375 0.17715988437500002 0.63625549375 0.17715988437500002 0.59999959375 0.154366653125 0.59999959375
2 0.17715988437500002 0.59360149375 0.17715988437500002 0.63199009375 0.203552046875 0.63199009375 0.203552046875 0.59360149375 0.17715988437500002 0.59360149375
2 0.090785534375 0.58293799375 0.090785534375 0.6447862921875 0.1375716421875 0.6447862921875 0.1375716421875 0.58293799375 0.090785534375 0.58293799375
2 0.043999428125000004 0.58293799375 0.043999428125000004 0.6554497921875 0.099183040625 0.6554497921875 0.099183040625 0.58293799375 0.043999428125000004 0.58293799375
2 0 0.66611329375 0.066792659375 0.66611329375 0.066792659375 0.58507069375 0 0.58507069375 0 0.66611329375
2 0.21794777187499997 0.58080529375 0.21794777187499997 0.6277246937500001 0.24913850937499998 0.6277246937500001 0.24913850937499998 0.58080529375 0.21794777187499997 0.58080529375
2 0.259935303125 0.5701417906249999 0.259935303125 0.672511390625 0.321117134375 0.672511390625 0.321117134375 0.5701417906249999 0.259935303125 0.5701417906249999
2 0.322316778125 0.59786689375 0.322316778125 0.6490516937499999 0.3643043125 0.6490516937499999 0.3643043125 0.59786689375 0.322316778125 0.59786689375
2 0.36430431093750004 0.58933609375 0.36430431093750004 0.6938383921875 0.4314843609375 0.6938383921875 0.4314843609375 0.58933609375 0.36430431093750004 0.58933609375
2 0.210749909375 0.58933609375 0.210749909375 0.71729809375 0.318717846875 0.71729809375 0.318717846875 0.58933609375 0.210749909375 0.58933609375
4 0.9185397249999999 0.6234592937500001 0.9185397249999999 0.76848289375 0.9473311734375001 0.76848289375 0.9473311734375001 0.6234592937500001 0.9185397249999999 0.6234592937500001
4 0.86935433125 0.6234592937500001 0.86935433125 0.72156349375 0.89334720625 0.72156349375 0.89334720625 0.6234592937500001 0.86935433125 0.6234592937500001
4 0.8357643046875 0.60853039375 0.8357643046875 0.71516539375 0.870553975 0.71516539375 0.870553975 0.60853039375 0.8357643046875 0.60853039375
1 0.46027581093750003 0.61066309375 0.46027581093750003 0.6490516937499999 0.505862271875 0.6490516937499999 0.505862271875 0.61066309375 0.46027581093750003 0.61066309375
2 0.9458058749999999 0.60688018125 0.9458058749999999 0.84026996875 0.9990050187499999 0.84026996875 0.9990050187499999 0.60688018125 0.9458058749999999 0.60688018125
2 0.35804115625 0.60688018125 0.35804115625 0.6419649203125 0.37262801875 0.6419649203125 0.37262801875 0.60688018125 0.35804115625 0.60688018125