2 0 0.877030640625 0.1462211765625 0.877030640625 0.1462211765625 0.37779219531249997 0 0.37779219531249997 0 0.877030640625
2 0.8139645515625 0.4505778484375 0.8139645515625 0.6048141125 0.9991780421875 0.6048141125 0.9991780421875 0.4505778484375 0.8139645515625 0.4505778484375
2 0.01169769375 0.37086023125 0.01169769375 0.731322509375 0.300240815625 0.731322509375 0.300240815625 0.37086023125 0.01169769375 0.37086023125
2 0.200810415625 0.3500643296875 0.200810415625 0.585751203125 0.3519056328125 0.585751203125 0.3519056328125 0.3500643296875 0.200810415625 0.3500643296875
2 0.32851024375 0.37952518749999997 0.32851024375 0.54069341875 0.38602390781249996 0.54069341875 0.38602390781249996 0.37952518749999997 0.32851024375 0.37952518749999997
2 0.3801750609375 0.3968551046875 0.3801750609375 0.493902640625 0.40746968125 0.493902640625 0.40746968125 0.3968551046875 0.3801750609375 0.3968551046875
2 0.4016208328125 0.42111698750000004 0.4016208328125 0.47310674218750004 0.41526814375 0.47310674218750004 0.41526814375 0.42111698750000004 0.4016208328125 0.42111698750000004
2 0.7350051171875001 0.44884485781250005 0.7350051171875001 0.56148931875 0.860755328125 0.56148931875 0.860755328125 0.44884485781250005 0.7350051171875001 0.44884485781250005
2 0.689189146875 0.46097580000000005 0.689189146875 0.5372274359375 0.7584005046875 0.5372274359375 0.7584005046875 0.46097580000000005 0.689189146875 0.46097580000000005
2 0.654096065625 0.45750981562500004 0.654096065625 0.5250964921875 0.703811265625 0.5250964921875 0.703811265625 0.45750981562500004 0.654096065625 0.45750981562500004
2 0.6190029828125 0.4471118640625 0.6190029828125 0.5094995671875 0.665793759375 0.5094995671875 0.665793759375 0.4471118640625 0.6190029828125 0.4471118640625
2 0.596582403125 0.43844690625 0.596582403125 0.49910161875 0.6394739484375 0.49910161875 0.6394739484375 0.43844690625 0.596582403125 0.43844690625
2 0.5800106671874999 0.4505778484375 0.5800106671874999 0.49390264375 0.6034060546875 0.49390264375 0.6034060546875 0.4505778484375 0.5800106671874999 0.4505778484375
2 0.5644137421875 0.44364588125 0.5644137421875 0.4887036671875 0.59268316875 0.4887036671875 0.59268316875 0.44364588125 0.5644137421875 0.44364588125
2 0.5468672015625 0.4471118640625 0.5468672015625 0.4817716984375 0.5712373984375 0.4817716984375 0.5712373984375 0.4471118640625 0.5468672015625 0.4471118640625
2 0.4493864171875 0.43151494062499995 0.4493864171875 0.45750981562500004 0.4698573828125 0.45750981562500004 0.4698573828125 0.43151494062499995 0.4493864171875 0.43151494062499995
2 0.48545430781250004 0.4367139171875 0.48545430781250004 0.46097580000000005 0.50300085 0.46097580000000005 0.50300085 0.4367139171875 0.48545430781250004 0.4367139171875
2 0.5166481593750001 0.426315965625 0.5166481593750001 0.47657272500000003 0.5390687375 0.47657272500000003 0.5390687375 0.426315965625 0.5166481593750001 0.426315965625
2 0.468882575 0.43324793125000005 0.468882575 0.46790776562499997 0.49130315468749997 0.46790776562499997 0.49130315468749997 0.43324793125000005 0.468882575 0.43324793125000005
4 0.5049504640625 0.42111698750000004 0.5049504640625 0.497368625 0.5205473890625 0.497368625 0.5205473890625 0.42111698750000004 0.5049504640625 0.42111698750000004
4 0.44256276093749997 0.42978194687500004 0.44256276093749997 0.466174771875 0.450361225 0.466174771875 0.450361225 0.42978194687500004 0.44256276093749997 0.42978194687500004