2 0.4333277671875 0.436599928125 0.4333277671875 0.455298 0.4438454328125 0.455298 0.4438454328125 0.436599928125 0.4333277671875 0.436599928125
2 0.411240671875 0.41790186250000005 0.411240671875 0.4646470359375 0.420706571875 0.4646470359375 0.420706571875 0.41790186250000005 0.411240671875 0.41790186250000005
2 0.3996712421875 0.41790186250000005 0.3996712421875 0.47212626562500004 0.414395971875 0.47212626562500004 0.414395971875 0.41790186250000005 0.3996712421875 0.41790186250000005
2 0.3712735484375 0.40668301875 0.3712735484375 0.49082433593749997 0.40808537500000003 0.49082433593749997 0.40808537500000003 0.40668301875 0.3712735484375 0.40668301875
2 0.4711913609375 0.41977166875 0.4711913609375 0.4646470359375 0.49748552031250004 0.4646470359375 0.49748552031250004 0.41977166875 0.4711913609375 0.41977166875
2 0.5206243828125 0.44407915625000005 0.5206243828125 0.4739960703125 0.531142046875 0.4739960703125 0.531142046875 0.44407915625000005 0.5206243828125 0.44407915625000005
2 0.549022075 0.44407915625000005 0.549022075 0.47960549218750004 0.5700574046875 0.47960549218750004 0.5700574046875 0.44407915625000005 0.549022075 0.44407915625000005
2 0.56059150625 0.4478187734375 0.56059150625 0.48334510625 0.58057506875 0.48334510625 0.58057506875 0.4478187734375 0.56059150625 0.4478187734375
2 0.5784715359375 0.4478187734375 0.5784715359375 0.488954528125 0.5974033296875 0.488954528125 0.5974033296875 0.4478187734375 0.5784715359375 0.4478187734375
2 0.5931962656249999 0.43099050625 0.5931962656249999 0.4964337546875 0.6457845875 0.4964337546875 0.6457845875 0.43099050625 0.5931962656249999 0.43099050625
2 0.6152833609374999 0.44407915625000005 0.6152833609374999 0.5076525968750001 0.673130515625 0.5076525968750001 0.673130515625 0.44407915625000005 0.6152833609374999 0.44407915625000005
2 0.6531469515625 0.44968858125000005 0.6531469515625 0.520741246875 0.7120458734375 0.520741246875 0.7120458734375 0.44968858125000005 0.6531469515625 0.44968858125000005
2 0.6868034781250001 0.46277722812500005 0.6868034781250001 0.53382989375 0.7541165296875 0.53382989375 0.7541165296875 0.46277722812500005 0.6868034781250001 0.46277722812500005
2 0.7320294359374999 0.4478187734375 0.7320294359374999 0.55813738125 0.8561378749999999 0.55813738125 0.8561378749999999 0.4478187734375 0.7320294359374999 0.4478187734375
2 0.3261978546875 0.3833104328125 0.3261978546875 0.5350319203125 0.3935109078125 0.5350319203125 0.3935109078125 0.3833104328125 0.3261978546875 0.3833104328125
2 0.19808268906249998 0.3608727484375 0.19808268906249998 0.598338234375 0.3547958875 0.598338234375 0.3547958875 0.3608727484375 0.19808268906249998 0.3608727484375
2 0.018581206250000003 0.3702217828125 0.018581206250000003 0.7310945296875 0.30045461093750003 0.7310945296875 0.30045461093750003 0.3702217828125 0.018581206250000003 0.3702217828125
2 0.000701175 0.3758312046875 0.000701175 0.8900281281250001 0.15005200937500002 0.8900281281250001 0.15005200937500002 0.3758312046875 0.000701175 0.3758312046875
2 0.811963684375 0.44538801875 0.811963684375 0.602451803125 0.9991781078124999 0.602451803125 0.9991781078124999 0.44538801875 0.811963684375 0.44538801875
2 0.43963836718750005 0.4240722234375 0.43963836718750005 0.46333816875 0.4690878265625 0.46333816875 0.4690878265625 0.4240722234375 0.43963836718750005 0.4240722234375
2 0.48381255625 0.4240722234375 0.48381255625 0.4839060453125 0.522727915625 0.4839060453125 0.522727915625 0.4240722234375 0.48381255625 0.4240722234375