2 0.305116028125 0.3156477359375 0.305116028125 0.3544966890625 0.3187738640625 0.3544966890625 0.3187738640625 0.3156477359375 0.305116028125 0.3156477359375
2 0.28599505937499997 0.3132196765625 0.28599505937499997 0.364208921875 0.3119449453125 0.364208921875 0.3119449453125 0.3132196765625 0.28599505937499997 0.3132196765625
2 0.1699034640625 0.303507440625 0.1699034640625 0.424910415625 0.2518504734375 0.424910415625 0.2518504734375 0.303507440625 0.1699034640625 0.303507440625
4 0.6965181203124999 0.2897011203125 0.6965181203124999 0.415396409375 0.7112097796875 0.415396409375 0.7112097796875 0.2897011203125 0.6965181203124999 0.2897011203125
4 0.786504521875 0.248890959375 0.786504521875 0.47253063281249996 0.8213972093749999 0.47253063281249996 0.8213972093749999 0.248890959375 0.786504521875 0.248890959375
4 0.8030326375 0.2717446484375 0.8030326375 0.5117083874999999 0.861799265625 0.5117083874999999 0.861799265625 0.2717446484375 0.8030326375 0.2717446484375
4 0.7314108078125 0.252155771875 0.7314108078125 0.480692665625 0.78742275 0.480692665625 0.78742275 0.252155771875 0.7314108078125 0.252155771875
4 0.7139644640625 0.28317149375 0.7139644640625 0.415396409375 0.7332472671875 0.415396409375 0.7332472671875 0.28317149375 0.7139644640625 0.28317149375
2 0.24914602187499998 0.304715853125 0.24914602187499998 0.3798065453125 0.298730365625 0.3798065453125 0.298730365625 0.304715853125 0.24914602187499998 0.304715853125
2 0 0.5789601234374999 0.1995616734375 0.5789601234374999 0.1995616734375 0.20350665625 0 0.20350665625 0 0.5789601234374999
2 0.31617670468750003 0.291112471875 0.31617670468750003 0.40048369843750004 0.3795344765625 0.40048369843750004 0.3795344765625 0.291112471875 0.31617670468750003 0.291112471875
1 0.43187350625 0.04353083125 0.43187350625 0.471221303125 0.6963233375 0.471221303125 0.6963233375 0.04353083125 0.43187350625 0.04353083125