2 0.3877786609375 0.46218717500000006 0.3877786609375 0.49265590625 0.402280603125 0.49265590625 0.402280603125 0.46218717500000006 0.3877786609375 0.46218717500000006
2 0.3785501515625 0.45515593125000003 0.3785501515625 0.49265590625 0.39305209375 0.49265590625 0.39305209375 0.45515593125000003 0.3785501515625 0.45515593125000003
2 0.366684925 0.4457809359375 0.366684925 0.49265590625 0.3877786609375 0.49265590625 0.3877786609375 0.4457809359375 0.366684925 0.4457809359375
2 0.357456415625 0.45046843281250004 0.357456415625 0.5020308953125 0.3772317921875 0.5020308953125 0.3772317921875 0.45046843281250004 0.357456415625 0.45046843281250004
2 0.34031775625 0.4434371875 0.34031775625 0.5020308953125 0.36404820781249997 0.5020308953125 0.36404820781249997 0.4434371875 0.34031775625 0.4434371875
2 0.3231790953125 0.46218717500000006 0.3231790953125 0.5114058921875 0.3508646234375 0.5114058921875 0.3508646234375 0.46218717500000006 0.3231790953125 0.46218717500000006
2 0.316587303125 0.47156216874999995 0.316587303125 0.5184371359375 0.335044321875 0.5184371359375 0.335044321875 0.47156216874999995 0.316587303125 0.47156216874999995
2 0.398325528125 0.4481246859375 0.398325528125 0.4879684078125 0.4194192640625 0.4879684078125 0.4194192640625 0.4481246859375 0.398325528125 0.4481246859375
2 0.42732941249999995 0.4457809359375 0.42732941249999995 0.49031215625 0.44842315 0.49031215625 0.44842315 0.4457809359375 0.42732941249999995 0.4457809359375
2 0.49061062031249997 0.42703094999999996 0.49061062031249997 0.4457809359375 0.50379420625 0.4457809359375 0.50379420625 0.42703094999999996 0.49061062031249997 0.42703094999999996
2 0.453696584375 0.4317184453125 0.453696584375 0.50671839375 0.4985207703125 0.50671839375 0.4985207703125 0.4317184453125 0.453696584375 0.4317184453125
2 0.48533718593749997 0.4434371875 0.48533718593749997 0.5207808828125 0.5143410734375 0.5207808828125 0.5143410734375 0.4434371875 0.48533718593749997 0.4434371875
2 0.49720241249999997 0.441093440625 0.49720241249999997 0.539530871875 0.53411645 0.539530871875 0.53411645 0.441093440625 0.49720241249999997 0.441093440625
2 0.5103859984375 0.43640594374999997 0.5103859984375 0.5746870984375 0.5618019796875 0.5746870984375 0.5618019796875 0.43640594374999997 0.5103859984375 0.43640594374999997
2 0.5354348078125 0.3942184703125 0.5354348078125 0.630937059375 0.6501319953125 0.630937059375 0.6501319953125 0.3942184703125 0.5354348078125 0.3942184703125
2 0.008091421875000001 0.314531025 0.008091421875000001 0.7762494578125 0.33636268125 0.7762494578125 0.33636268125 0.314531025 0.008091421875000001 0.314531025
2 0 0.6801557765624999 0.0357769484375 0.6801557765624999 0.0357769484375 0.43406219375 0 0.43406219375 0 0.6801557765624999
2 0.5868507890625 0.34265600625000003 0.5868507890625 0.8278119234375 0.9994969890625001 0.8278119234375 0.9994969890625001 0.34265600625000003 0.5868507890625 0.34265600625000003
2 0.7859229171875 0.5512496140625001 0.7859229171875 0.9989055562500001 0.9994969890625001 0.9989055562500001 0.9994969890625001 0.5512496140625001 0.7859229171875 0.5512496140625001
4 0.9414892171875 0.3473435046875 0.9414892171875 0.43640594374999997 0.9902684796875001 0.43640594374999997 0.9902684796875001 0.3473435046875 0.9414892171875 0.3473435046875