2 0.48897406875 0.250196421875 0.48897406875 0.27670699375 0.506753996875 0.27670699375 0.506753996875 0.250196421875 0.48897406875 0.250196421875
2 0.4752089625 0.2563142484375 0.4752089625 0.29709974375 0.501018534375 0.29709974375 0.501018534375 0.2563142484375 0.4752089625 0.2563142484375
2 0.47119414062500004 0.266510621875 0.47119414062500004 0.31749249375 0.4918417984375 0.31749249375 0.4918417984375 0.266510621875 0.47119414062500004 0.266510621875
2 0.3782796828125 0.2552946109375 0.3782796828125 0.30831575624999996 0.3995008859375 0.30831575624999996 0.3995008859375 0.2552946109375 0.3782796828125 0.2552946109375
2 0.343293375 0.2532553375 0.343293375 0.3368656046875 0.3868828734375 0.3368656046875 0.3868828734375 0.2532553375 0.343293375 0.2532553375
2 0.26815884218749997 0.2644713484375 0.26815884218749997 0.2950604703125 0.2888065 0.2950604703125 0.2888065 0.2644713484375 0.26815884218749997 0.2644713484375
2 0.40638343906249996 0.25742658125 0.40638343906249996 0.278838965625 0.4218691828125 0.278838965625 0.4218691828125 0.25742658125 0.40638343906249996 0.25742658125
2 0.4230162734375 0.24926948124999998 0.4230162734375 0.3471546703125 0.48094442343750005 0.3471546703125 0.48094442343750005 0.24926948124999998 0.4230162734375 0.24926948124999998
2 0.26815884218749997 0.2513087546875 0.26815884218749997 0.37060633125 0.35992620937500003 0.37060633125 0.35992620937500003 0.2513087546875 0.26815884218749997 0.2513087546875
2 0.5259938484375 0.25844621874999996 0.5259938484375 0.344095759375 0.5896574593749999 0.344095759375 0.5896574593749999 0.25844621874999996 0.5259938484375 0.25844621874999996
2 0.5787600859375 0.25028911875 0.5787600859375 0.4103721921875 0.6458128390625 0.4103721921875 0.6458128390625 0.25028911875 0.5787600859375 0.25028911875
2 0.6206810968750001 0.22470548906249999 0.6206810968750001 0.467379190625 0.8380550437500001 0.467379190625 0.8380550437500001 0.22470548906249999 0.6206810968750001 0.22470548906249999
2 0 0.601586065625 0.203035296875 0.601586065625 0.203035296875 0.226359503125 0 0.226359503125 0 0.601586065625
2 0.746756940625 0.2691842734375 0.746756940625 0.68519633125 0.9991171968750001 0.68519633125 0.9991171968750001 0.2691842734375 0.746756940625 0.2691842734375