2 0.835040009375 0.36663698437500003 0.835040009375 0.41034205625000003 0.8555267609375001 0.41034205625000003 0.8555267609375001 0.36663698437500003 0.835040009375 0.36663698437500003
2 0.724411546875 0.36420892656250003 0.724411546875 0.40062982187499996 0.7462640828125 0.40062982187499996 0.7462640828125 0.36420892656250003 0.724411546875 0.36420892656250003
6 0.7580098265624999 0.318075796875 0.7580098265624999 0.41519816875000004 0.8030806828125 0.41519816875000004 0.8030806828125 0.318075796875 0.7580098265624999 0.318075796875
2 0.8194700828125001 0.36420892656250003 0.8194700828125001 0.4079139984375 0.8385910546875 0.4079139984375 0.8385910546875 0.36420892656250003 0.8194700828125001 0.36420892656250003
2 0.4493427625 0.3787772828125 0.4493427625 0.45647519062499997 0.5067056703125 0.45647519062499997 0.5067056703125 0.3787772828125 0.4493427625 0.3787772828125
2 0.22398849062499998 0.3760592046875 0.22398849062499998 0.49775220156250005 0.3195933359375 0.49775220156250005 0.3195933359375 0.3760592046875 0.22398849062499998 0.3760592046875
2 0.304569715625 0.3423563890625 0.304569715625 0.5487414515625 0.4930478328125 0.5487414515625 0.4930478328125 0.3423563890625 0.304569715625 0.3423563890625
2 0.5736290562499999 0.3544966890625 0.5736290562499999 0.66286024375 0.76893609375 0.66286024375 0.76893609375 0.3544966890625 0.5736290562499999 0.3544966890625
2 0.7790428859375 0.36906504375 0.7790428859375 0.43705071562500003 0.8254795250000001 0.43705071562500003 0.8254795250000001 0.36906504375 0.7790428859375 0.36906504375
2 0.8486978421875 0.36663698437500003 0.8486978421875 0.4443348953125 0.91152388125 0.4443348953125 0.91152388125 0.36663698437500003 0.8486978421875 0.36663698437500003
6 0 0.5778781640624999 0.22262270625 0.5778781640624999 0.22262270625 0.1675361015625 0 0.1675361015625 0 0.5778781640624999
6 0.49541115468749997 0.29414373125000004 0.49541115468749997 0.4284637 0.5891375875 0.4284637 0.5891375875 0.29414373125000004 0.49541115468749997 0.29414373125000004