2 0.3926216328125 0.534097225 0.3926216328125 0.57306569375 0.409383803125 0.57306569375 0.409383803125 0.534097225 0.3926216328125 0.534097225
2 0.383595846875 0.534097225 0.383595846875 0.57306569375 0.4016474171875 0.57306569375 0.4016474171875 0.534097225 0.383595846875 0.534097225
2 0.3784382546875 0.5409740125 0.3784382546875 0.57306569375 0.3926216328125 0.57306569375 0.3926216328125 0.5409740125 0.3784382546875 0.5409740125
2 0.3513609015625 0.534097225 0.3513609015625 0.58911153125 0.38617464375 0.58911153125 0.38617464375 0.534097225 0.3513609015625 0.534097225
2 0.3423351171875 0.545558540625 0.3423351171875 0.59369605625 0.373280665625 0.59369605625 0.373280665625 0.545558540625 0.3423351171875 0.545558540625
2 0.32041535468750004 0.545558540625 0.32041535468750004 0.600572846875 0.3539396984375 0.600572846875 0.3539396984375 0.545558540625 0.32041535468750004 0.545558540625
2 0.27528643124999996 0.5478508015625 0.27528643124999996 0.6143264234375 0.3410457203125 0.6143264234375 0.3410457203125 0.5478508015625 0.27528643124999996 0.5478508015625
2 0.1792262953125 0.534097225 0.1792262953125 0.6510026265625 0.281088721875 0.6510026265625 0.281088721875 0.534097225 0.1792262953125 0.534097225
2 0.45386802812499993 0.5363894859375 0.45386802812499993 0.554727590625 0.4654726078125 0.554727590625 0.4654726078125 0.5363894859375 0.45386802812499993 0.5363894859375
2 0.4371058578125 0.5318049640625 0.4371058578125 0.5661889062500001 0.456446825 0.5661889062500001 0.456446825 0.5318049640625 0.4371058578125 0.5318049640625
2 0.46805140468750006 0.5226359109375001 0.46805140468750006 0.5409740125 0.5002863484375 0.5409740125 0.5002863484375 0.5226359109375001 0.46805140468750006 0.5226359109375001
2 0.46676200625 0.5409740125 0.46676200625 0.5524353265624999 0.509312134375 0.5524353265624999 0.509312134375 0.5409740125 0.46676200625 0.5409740125
2 0.648567096875 0.49742102031249996 0.648567096875 0.5455585375 0.7607447078125 0.5455585375 0.7607447078125 0.49742102031249996 0.648567096875 0.49742102031249996
2 0.7156157828125 0.508882334375 0.7156157828125 0.55014306875 0.8638965328125 0.55014306875 0.8638965328125 0.508882334375 0.7156157828125 0.508882334375
2 0 0.76790803125 0.0335243421875 0.76790803125 0.0335243421875 0.6166186859375 0 0.6166186859375 0 0.76790803125
2 0.052865309375 0.561604378125 0.052865309375 0.70372466875 0.2230658203125 0.70372466875 0.2230658203125 0.561604378125 0.052865309375 0.561604378125
2 0.43033651875 0.5501430671875001 0.43033651875 0.7495699265625 0.5605656953125 0.7495699265625 0.5605656953125 0.5501430671875001 0.43033651875 0.5501430671875001
2 0.409061453125 0.5295127 0.409061453125 0.5799424796875 0.4412964 0.5799424796875 0.4412964 0.5295127 0.409061453125 0.5295127