4 0.0703399390625 0.6221714421875 0.0703399390625 0.8008348906249999 0.10832350937499999 0.8008348906249999 0.10832350937499999 0.6221714421875 0.0703399390625 0.6221714421875
4 0.1035755625 0.615137446875 0.1035755625 0.7952076953125 0.1431417796875 0.7952076953125 0.1431417796875 0.615137446875 0.1035755625 0.615137446875
2 0.192400621875 0.6403748328125001 0.192400621875 0.6685108109375 0.20980975625 0.6685108109375 0.20980975625 0.6403748328125001 0.192400621875 0.6403748328125001
2 0.17894810781249998 0.64318843125 0.17894810781249998 0.6783583984375 0.19793989218750002 0.6783583984375 0.19793989218750002 0.64318843125 0.17894810781249998 0.64318843125
2 0.216140353125 0.6333408390625 0.216140353125 0.6783584031250001 0.2612458421875 0.6783584031250001 0.2612458421875 0.6333408390625 0.216140353125 0.6333408390625
1 0.21772300156250002 0.6234932468750001 0.21772300156250002 0.65584961875 0.2295928671875 0.65584961875 0.2295928671875 0.6234932468750001 0.21772300156250002 0.6234932468750001
1 0.19793989218750002 0.6305272375000001 0.19793989218750002 0.6671040046875001 0.21455770468750002 0.6671040046875001 0.21455770468750002 0.6305272375000001 0.19793989218750002 0.6305272375000001
1 0.23117551406249998 0.62349324375 0.23117551406249998 0.6488156234375 0.254123921875 0.6488156234375 0.254123921875 0.62349324375 0.23117551406249998 0.62349324375
2 0.21772300156250002 0.6319340390625 0.21772300156250002 0.6783584015625 0.2897335171875 0.6783584015625 0.2897335171875 0.6319340390625 0.21772300156250002 0.6319340390625
6 0.31901251875000003 0.5807492625 0.31901251875000003 0.6558496171875 0.4420589921875 0.6558496171875 0.4420589921875 0.5807492625 0.31901251875000003 0.5807492625
2 0.18053075624999998 0.6263068421875 0.18053075624999998 0.646002025 0.192400621875 0.646002025 0.192400621875 0.6263068421875 0.18053075624999998 0.6263068421875
2 0.130979925 0.6206796453125001 0.130979925 0.6896127875 0.178948109375 0.6896127875 0.178948109375 0.6206796453125001 0.130979925 0.6206796453125001
2 0.06292603125 0.6440940578125 0.06292603125 0.6905184203125 0.074795896875 0.6905184203125 0.074795896875 0.6440940578125 0.06292603125 0.6440940578125
2 0.348594121875 0.61736488125 0.348594121875 0.6708232359374999 0.4340571515625 0.6708232359374999 0.4340571515625 0.61736488125 0.348594121875 0.61736488125
2 0.250469903125 0.6314328687499999 0.250469903125 0.6764504312499999 0.34463750000000004 0.6764504312499999 0.34463750000000004 0.6314328687499999 0.250469903125 0.6314328687499999
2 0 0.7270951890624999 0.0573867625 0.7270951890624999 0.0573867625 0.64831445625 0 0.64831445625 0 0.7270951890624999
1 0.4779226859375 0.5836017078125 0.4779226859375 0.658367303125 0.5907393703125 0.658367303125 0.5907393703125 0.5836017078125 0.4779226859375 0.5836017078125
2 0.48470191093750004 0.5962628984375 0.48470191093750004 0.660975646875 0.582826128125 0.660975646875 0.582826128125 0.5962628984375 0.48470191093750004 0.5962628984375
2 0.5606690484375 0.5962628984375 0.5606690484375 0.6708232375 0.65721061875 0.6708232375 0.65721061875 0.5962628984375 0.5606690484375 0.5962628984375
2 0.6541891843750001 0.590635703125 0.6541891843750001 0.6525348515625 0.7016686437499999 0.6525348515625 0.7016686437499999 0.590635703125 0.6541891843750001 0.590635703125
1 0.5912951328125 0.5813742734375 0.5912951328125 0.60247625625 0.6411485671875 0.60247625625 0.6411485671875 0.5813742734375 0.5912951328125 0.5813742734375
6 0.70324023125 0.55745869375 0.70324023125 0.6545278140625 0.8126021812499999 0.6545278140625 0.8126021812499999 0.55745869375 0.70324023125 0.55745869375
2 0.8112833015625001 0.60247625625 0.8112833015625001 0.6277986375 0.83739700625 0.6277986375 0.83739700625 0.60247625625 0.8112833015625001 0.60247625625
2 0.8223618421875001 0.5926286640625 0.8223618421875001 0.64327341875 0.86667600625 0.64327341875 0.86667600625 0.5926286640625 0.8223618421875001 0.5926286640625
2 0.93245600625 0.5959956625 0.93245600625 0.6306465734375 0.9815736718749999 0.6306465734375 0.9815736718749999 0.5959956625 0.93245600625 0.5959956625
2 0.8989312484375 0.5946096265625 0.8989312484375 0.6348046828125 0.9277781328125 0.6348046828125 0.9277781328125 0.5946096265625 0.8989312484375 0.5946096265625