2 0.3427107203125 0.39312769062499997 0.3427107203125 0.41872009062500004 0.35590680625000004 0.41872009062500004 0.35590680625000004 0.39312769062499997 0.3427107203125 0.39312769062499997
2 0.352307871875 0.384596890625 0.352307871875 0.422985490625 0.36790324218750003 0.422985490625 0.36790324218750003 0.384596890625 0.352307871875 0.384596890625
2 0.3631046671875 0.359004490625 0.3631046671875 0.478435690625 0.438682221875 0.478435690625 0.438682221875 0.359004490625 0.3631046671875 0.359004490625
2 0.445880084375 0.39312769062499997 0.445880084375 0.422985490625 0.4578765234375 0.422985490625 0.4578765234375 0.39312769062499997 0.445880084375 0.39312769062499997
2 0.45307794687499997 0.384596890625 0.45307794687499997 0.427250890625 0.47947010937499995 0.427250890625 0.47947010937499995 0.384596890625 0.45307794687499997 0.384596890625
2 0.4722722484375 0.3696679921875 0.4722722484375 0.4485778921875 0.51665906875 0.4485778921875 0.51665906875 0.3696679921875 0.4722722484375 0.3696679921875
2 0.491466546875 0.388862290625 0.491466546875 0.461374090625 0.5214576421875 0.461374090625 0.5214576421875 0.388862290625 0.491466546875 0.388862290625
2 0.505862271875 0.361137190625 0.505862271875 0.4997626890625 0.594635909375 0.4997626890625 0.594635909375 0.361137190625 0.505862271875 0.361137190625
2 0.5838391171875 0.376066090625 0.5838391171875 0.6018494265625 0.815161065625 0.6018494265625 0.815161065625 0.376066090625 0.5838391171875 0.376066090625
2 0.189156321875 0.386729590625 0.189156321875 0.44431249062499995 0.237142071875 0.44431249062499995 0.237142071875 0.386729590625 0.189156321875 0.386729590625
4 0.8057732109375 0.337677490625 0.8057732109375 0.506160790625 0.8429621671874999 0.506160790625 0.8429621671874999 0.337677490625 0.8057732109375 0.337677490625
4 0.8465610984374999 0.341942890625 0.8465610984374999 0.5082934906250001 0.889748275 0.5082934906250001 0.889748275 0.341942890625 0.8465610984374999 0.341942890625