2 0.4558646265625 0.2649879765625 0.4558646265625 0.3055092765625 0.47026035312500003 0.3055092765625 0.47026035312500003 0.2649879765625 0.4558646265625 0.2649879765625
2 0.4666614171875 0.2564571765625 0.4666614171875 0.318305478125 0.494253225 0.318305478125 0.494253225 0.2564571765625 0.4666614171875 0.2564571765625
2 0.48705536406250005 0.2585898765625 0.48705536406250005 0.3289689765625 0.5362407578124999 0.3289689765625 0.5362407578124999 0.2585898765625 0.48705536406250005 0.2585898765625
2 0.3359002515625 0.2649879765625 0.3359002515625 0.316172778125 0.36829063125 0.316172778125 0.36829063125 0.2649879765625 0.3359002515625 0.2649879765625
6 0.1667504828125 0.20953777499999998 0.1667504828125 0.343897878125 0.2471266140625 0.343897878125 0.2471266140625 0.20953777499999998 0.1667504828125 0.20953777499999998
2 0.3574938390625 0.230864775 0.3574938390625 0.388684575 0.4570642703125 0.388684575 0.4570642703125 0.230864775 0.3574938390625 0.230864775
4 0.2999109390625 0.27351877812500003 0.2999109390625 0.3076419765625 0.3071088015625 0.3076419765625 0.3071088015625 0.27351877812500003 0.2999109390625 0.27351877812500003
4 0.29031378750000003 0.2777841765625 0.29031378750000003 0.3055092765625 0.2975116484375 0.3055092765625 0.2975116484375 0.2777841765625 0.29031378750000003 0.2777841765625
2 0.23033160000000003 0.2692533765625 0.23033160000000003 0.360959478125 0.2891141453125 0.360959478125 0.2891141453125 0.2692533765625 0.23033160000000003 0.2692533765625
2 0.00047985781250000004 0.18938375937500002 0.00047985781250000004 0.4346442625 0.144437109375 0.4346442625 0.144437109375 0.18938375937500002 0.00047985781250000004 0.18938375937500002
6 0.547056303125 0 0.547056303125 0.6978711093750001 0.999063321875 0.6978711093750001 0.999063321875 0 0.547056303125 0