2 0.21375534218749997 0.5067183953125001 0.21375534218749997 0.5278121312499999 0.23221236093750003 0.5278121312499999 0.23221236093750003 0.5067183953125001 0.21375534218749997 0.5067183953125001
2 0.298130284375 0.494999653125 0.298130284375 0.5114058906250001 0.308677153125 0.5114058906250001 0.308677153125 0.494999653125 0.298130284375 0.494999653125
2 0.17684130625 0.5114058906250001 0.17684130625 0.534843375 0.2018901171875 0.534843375 0.2018901171875 0.5114058906250001 0.17684130625 0.5114058906250001
2 0.112241740625 0.5301558796875 0.112241740625 0.5512496125 0.14388234375 0.5512496125 0.14388234375 0.5301558796875 0.112241740625 0.5301558796875
2 0.0595074 0.5231246328125 0.0595074 0.558280859375 0.08323785312500001 0.558280859375 0.08323785312500001 0.5231246328125 0.0595074 0.5231246328125
2 0.2836283421875 0.5184371359375 0.2836283421875 0.567655853125 0.30867715156250003 0.567655853125 0.30867715156250003 0.5184371359375 0.2836283421875 0.5184371359375
2 0.3047220765625 0.5114058906250001 0.3047220765625 0.5512496125 0.3244974546875 0.5512496125 0.3244974546875 0.5114058906250001 0.3047220765625 0.5114058906250001
2 0.358774775 0.5114058906250001 0.358774775 0.546562115625 0.3838235859375 0.546562115625 0.3838235859375 0.5114058906250001 0.358774775 0.5114058906250001
2 0.379868509375 0.5160933890625 0.379868509375 0.539530871875 0.39700716875 0.539530871875 0.39700716875 0.5160933890625 0.379868509375 0.5160933890625
2 0.39568881093749997 0.4903121546875 0.39568881093749997 0.5114058906250001 0.408872396875 0.5114058906250001 0.408872396875 0.4903121546875 0.39568881093749997 0.4903121546875
2 0.3179056609375 0.50906214375 0.3179056609375 0.5817183421875 0.369321640625 0.5817183421875 0.369321640625 0.50906214375 0.3179056609375 0.50906214375
2 0.1860698140625 0.5207808828125 0.1860698140625 0.6637495359375001 0.298130284375 0.6637495359375001 0.298130284375 0.5207808828125 0.1860698140625 0.5207808828125
2 0 0.5840620921874999 0.0344585890625 0.5840620921874999 0.0344585890625 0.5301558796875 0 0.5301558796875 0 0.5840620921874999