6 0.24760119375 0.4540438328125 0.24760119375 0.667201815625 0.433789490625 0.667201815625 0.433789490625 0.4540438328125 0.24760119375 0.4540438328125
6 0.432814684375 0.5233635015625 0.432814684375 0.6238770203125 0.505925271875 0.6238770203125 0.505925271875 0.5233635015625 0.432814684375 0.5233635015625
6 0 0.6775997671875 0.06433731718749999 0.6775997671875 0.06433731718749999 0.46790776718749993 0 0.46790776718749993 0 0.6775997671875
2 0.5283458515625 0.5649553015625 0.5283458515625 0.60828009375 0.5575900875 0.60828009375 0.5575900875 0.5649553015625 0.5283458515625 0.5649553015625
2 0.5595397046875 0.5649553015625 0.5595397046875 0.6030811218750001 0.593657978125 0.6030811218750001 0.593657978125 0.5649553015625 0.5595397046875 0.5649553015625
2 0.773022621875 0.554557353125 0.773022621875 0.57708624375 0.7856951234375 0.57708624375 0.7856951234375 0.554557353125 0.773022621875 0.554557353125
2 0.7817958921875 0.5528243609375 0.7817958921875 0.582285215625 0.8090905125000001 0.582285215625 0.8090905125000001 0.5528243609375 0.7817958921875 0.5528243609375
2 0.6411167515625 0.5624112046875 0.6411167515625 0.5819764265625 0.657124659375 0.5819764265625 0.657124659375 0.5624112046875 0.6411167515625 0.5624112046875
2 0.60609945 0.5624112046875 0.60609945 0.5873123953125 0.6351137859375 0.5873123953125 0.6351137859375 0.5624112046875 0.60609945 0.5624112046875
2 0.6891404796875 0.5481819515625 0.6891404796875 0.57308314375 0.711151353125 0.57308314375 0.711151353125 0.5481819515625 0.6891404796875 0.5481819515625
2 0.7351632171875 0.5588538921875 0.7351632171875 0.5748618 0.7471691500000001 0.5748618 0.7471691500000001 0.5588538921875 0.7351632171875 0.5588538921875