2 0.4075497890625 0.3957737 0.4075497890625 0.40791399687499996 0.4198418390625 0.40791399687499996 0.4198418390625 0.3957737 0.4075497890625 0.3957737
2 0.396623521875 0.3957737 0.396623521875 0.4103420578125 0.41028135624999995 0.4103420578125 0.41028135624999995 0.3957737 0.396623521875 0.3957737
2 0.385697253125 0.3957737 0.385697253125 0.4103420578125 0.3979893046875 0.4103420578125 0.3979893046875 0.3957737 0.385697253125 0.3957737
2 0.3979893046875 0.40548593750000006 0.3979893046875 0.42491041249999995 0.42940232500000003 0.42491041249999995 0.42940232500000003 0.40548593750000006 0.3979893046875 0.40548593750000006
2 0.362478934375 0.40791399687499996 0.362478934375 0.44190682968750006 0.3829656859375 0.44190682968750006 0.3829656859375 0.40791399687499996 0.362478934375 0.40791399687499996
2 0.33789483124999997 0.40548593750000006 0.33789483124999997 0.45404712812500003 0.366576284375 0.45404712812500003 0.366576284375 0.40548593750000006 0.33789483124999997 0.40548593750000006
2 0.317408078125 0.3957737 0.317408078125 0.4103420578125 0.3488211 0.4103420578125 0.3488211 0.3957737 0.317408078125 0.3957737
2 0.42530497343749996 0.398201759375 0.42530497343749996 0.415198171875 0.4375970234375 0.415198171875 0.4375970234375 0.398201759375 0.42530497343749996 0.398201759375
2 0.41164713906249994 0.40791399687499996 0.41164713906249994 0.4200542953125 0.43213389218750003 0.4200542953125 0.43213389218750003 0.40791399687499996 0.41164713906249994 0.40791399687499996
2 0.2928239765625 0.40548593750000006 0.2928239765625 0.4758996609375 0.3488211 0.4758996609375 0.3488211 0.40548593750000006 0.2928239765625 0.40548593750000006
2 0.21497431875 0.4103420578125 0.21497431875 0.4224823546875 0.2368268546875 0.4224823546875 0.2368268546875 0.4103420578125 0.21497431875 0.4103420578125
2 0.19995069999999998 0.4200542953125 0.19995069999999998 0.43462265312500004 0.21497431718749999 0.43462265312500004 0.21497431718749999 0.4200542953125 0.19995069999999998 0.4200542953125
2 0.1780981640625 0.415198175 0.1780981640625 0.4370507109375 0.19995069999999998 0.4370507109375 0.19995069999999998 0.415198175 0.1780981640625 0.415198175
2 0.14750461718750002 0.4224823546875 0.14750461718750002 0.44190683125 0.16799136718750002 0.44190683125 0.16799136718750002 0.4224823546875 0.14750461718750002 0.4224823546875
2 0.0969706265625 0.4224823546875 0.0969706265625 0.44676294843750003 0.1256520796875 0.44676294843750003 0.1256520796875 0.4224823546875 0.0969706265625 0.4224823546875
2 0.0751180921875 0.42491041249999995 0.0751180921875 0.4491910078125 0.0928732796875 0.4491910078125 0.0928732796875 0.42491041249999995 0.0751180921875 0.42491041249999995
2 0.0491682046875 0.42976653281250005 0.0491682046875 0.45404712812500003 0.0764838734375 0.45404712812500003 0.0764838734375 0.42976653281250005 0.0491682046875 0.42976653281250005
2 0.19995069999999998 0.4103420578125 0.19995069999999998 0.5463133921875001 0.3064818109375 0.5463133921875001 0.3064818109375 0.4103420578125 0.19995069999999998 0.4103420578125
2 0.3829656859375 0.4224823546875 0.3829656859375 0.5147486171875 0.4471575109375 0.5147486171875 0.4471575109375 0.4224823546875 0.3829656859375 0.4224823546875
2 0.002219378125 0.5012208453125 0.002219378125 0.763451271875 0.0964584359375 0.763451271875 0.0964584359375 0.5012208453125 0.002219378125 0.5012208453125