2 0 0.5320284609375 0.11502732499999999 0.5320284609375 0.11502732499999999 0.4055200640625 0 0.4055200640625 0 0.5320284609375
2 0.36652775000000004 0.4055200640625 0.36652775000000004 0.46097580000000005 0.4737566125 0.46097580000000005 0.4737566125 0.4055200640625 0.36652775000000004 0.4055200640625
2 0.16376771875 0.41591801562499997 0.16376771875 0.46097580000000005 0.24175234531249998 0.46097580000000005 0.24175234531249998 0.41591801562499997 0.16376771875 0.41591801562499997
2 0.1384227140625 0.41418502031250004 0.1384227140625 0.45924280624999997 0.17936464375 0.45924280624999997 0.17936464375 0.41418502031250004 0.1384227140625 0.41418502031250004
2 0.1004052078125 0.42284998125 0.1004052078125 0.4592428078125 0.14232194375 0.4592428078125 0.14232194375 0.42284998125 0.1004052078125 0.42284998125
2 0.0945563609375 0.4107190390625 0.0945563609375 0.42458297187499994 0.127699828125 0.42458297187499994 0.127699828125 0.4107190390625 0.0945563609375 0.4107190390625
2 0.2359034984375 0.4055200640625 0.2359034984375 0.4471118640625 0.2768454265625 0.4471118640625 0.2768454265625 0.4055200640625 0.2359034984375 0.4055200640625
2 0.26319811875 0.4107190390625 0.26319811875 0.44364588125 0.296341584375 0.44364588125 0.296341584375 0.4107190390625 0.26319811875 0.4107190390625
2 0.2924423546875 0.41245203124999996 0.2924423546875 0.4471118640625 0.32363620625 0.4471118640625 0.32363620625 0.41245203124999996 0.2924423546875 0.41245203124999996
2 0.30608966406250004 0.40898604531249994 0.30608966406250004 0.434980921875 0.3372835140625 0.434980921875 0.3372835140625 0.40898604531249994 0.30608966406250004 0.40898604531249994
2 0.3255858203125 0.4037870734375 0.3255858203125 0.43151494062499995 0.356779671875 0.43151494062499995 0.356779671875 0.4037870734375 0.3255858203125 0.4037870734375
2 0.3528804390625 0.40725305624999997 0.3528804390625 0.42804895624999995 0.380175059375 0.42804895624999995 0.380175059375 0.40725305624999997 0.3528804390625 0.40725305624999997
2 0.9455636109375 0.3812581796875 0.9455636109375 0.4887036671875 0.99917804375 0.4887036671875 0.99917804375 0.3812581796875 0.9455636109375 0.3812581796875
2 0.878208009375 0.3847241625 0.878208009375 0.47137375 0.9338659171874999 0.47137375 0.9338659171874999 0.3847241625 0.878208009375 0.3847241625
2 0.8451584015625 0.3968551046875 0.8451584015625 0.466174771875 0.8880499484375 0.466174771875 0.8880499484375 0.3968551046875 0.8451584015625 0.3968551046875
2 0.8120149359375001 0.4055200640625 0.8120149359375001 0.46097580000000005 0.860755328125 0.46097580000000005 0.860755328125 0.4055200640625 0.8120149359375001 0.4055200640625
2 0.7837455078125 0.40898604531249994 0.7837455078125 0.46790776562499997 0.826637053125 0.46790776562499997 0.826637053125 0.40898604531249994 0.7837455078125 0.40898604531249994
2 0.7535264640625 0.40725305624999997 0.7535264640625 0.45404383125000003 0.79446839375 0.45404383125000003 0.79446839375 0.40725305624999997 0.7535264640625 0.40725305624999997
2 0.7096601125 0.40725305624999997 0.7096601125 0.4471118640625 0.7359799234375 0.4471118640625 0.7359799234375 0.40725305624999997 0.7096601125 0.40725305624999997
2 0.6911387625 0.4055200640625 0.6911387625 0.45231084062500004 0.71453415 0.45231084062500004 0.71453415 0.4055200640625 0.6911387625 0.4055200640625
2 0.66871818125 0.40032108906249997 0.66871818125 0.44884485781250005 0.7038112640625 0.44884485781250005 0.7038112640625 0.40032108906249997 0.66871818125 0.40032108906249997
2 0.649222025 0.4037870734375 0.649222025 0.4367139171875 0.6765166453125 0.4367139171875 0.6765166453125 0.4037870734375 0.649222025 0.4037870734375
2 0.3825052265625 0.4012497171875 0.3825052265625 0.4317184453125 0.46688016875000005 0.4317184453125 0.46688016875000005 0.4012497171875 0.3825052265625 0.4012497171875