2 0 0.9203281875 0.0366433375 0.9203281875 0.0366433375 0.5918375546875 0 0.5918375546875 0 0.9203281875
2 0 0.7276691234375 0.065490221875 0.7276691234375 0.065490221875 0.5807492609375 0 0.5807492609375 0 0.7276691234375
2 0.91920203125 0.5668888984375 0.91920203125 0.6389627921875001 0.9994969890625001 0.6389627921875001 0.9994969890625001 0.5668888984375 0.91920203125 0.5668888984375
2 0.0467787296875 0.6126281 0.0467787296875 0.656981265625 0.0623716390625 0.656981265625 0.0623716390625 0.6126281 0.0467787296875 0.6126281
2 0.065490221875 0.6195582828124999 0.065490221875 0.6542091937500001 0.0842017125 0.6542091937500001 0.0842017125 0.6195582828124999 0.065490221875 0.6195582828124999
2 0.0756256125 0.6154001734375 0.0756256125 0.6486650453125 0.10135391406250001 0.6486650453125 0.10135391406250001 0.6154001734375 0.0756256125 0.6154001734375
2 0.09823533281249999 0.6140141359375 0.09823533281249999 0.6417348656249999 0.115387534375 0.6417348656249999 0.115387534375 0.6140141359375 0.09823533281249999 0.6140141359375
2 0.1535901609375 0.6181722453125 0.1535901609375 0.6431209015625 0.1777591703125 0.6431209015625 0.1777591703125 0.6181722453125 0.1535901609375 0.6181722453125
2 0.1878945640625 0.60846999375 0.1878945640625 0.6348046843749999 0.19569101718749998 0.6348046843749999 0.19569101718749998 0.60846999375 0.1878945640625 0.60846999375
2 0.19569101718749998 0.6126281 0.19569101718749998 0.6264884625 0.2066060546875 0.6264884625 0.2066060546875 0.6126281 0.19569101718749998 0.6126281
2 0.20582640937500002 0.6140141359375 0.20582640937500002 0.6356245609375 0.22843612656249998 0.6356245609375 0.22843612656249998 0.6140141359375 0.20582640937500002 0.6140141359375
2 0.233893646875 0.6112420640625 0.233893646875 0.6306465718750001 0.24558832812500003 0.6306465718750001 0.24558832812500003 0.6112420640625 0.233893646875 0.6112420640625
2 0.259621946875 0.5973817 0.259621946875 0.6334186484375001 0.27677414843750003 0.6334186484375001 0.27677414843750003 0.5973817 0.259621946875 0.5973817
2 0.10291320468750001 0.6181722453125 0.10291320468750001 0.6777718125 0.1637255515625 0.6777718125 0.1637255515625 0.6181722453125 0.10291320468750001 0.6181722453125
2 0.2416901015625 0.6112420640625 0.2416901015625 0.6445069359375 0.26352017656250004 0.6445069359375 0.26352017656250004 0.6112420640625 0.2416901015625 0.6112420640625
2 0.2752148578125 0.5957808375 0.2752148578125 0.6680695546875 0.3231790953125 0.6680695546875 0.3231790953125 0.5957808375 0.2752148578125 0.5957808375
2 0.7874419453125 0.57243304375 0.7874419453125 0.65559523125 0.9246595515625 0.65559523125 0.9246595515625 0.57243304375 0.7874419453125 0.57243304375