4 0.196911184375 0.41765100468750005 0.196911184375 0.47483973125 0.212508109375 0.47483973125 0.212508109375 0.41765100468750005 0.196911184375 0.41765100468750005
4 0.9065712953125 0.41245203124999996 0.9065712953125 0.4887036671875 0.9221682203125001 0.4887036671875 0.9221682203125001 0.41245203124999996 0.9065712953125 0.41245203124999996
4 0.93094149375 0.41591801406249995 0.93094149375 0.47657272500000003 0.9582361125000001 0.47657272500000003 0.9582361125000001 0.41591801406249995 0.93094149375 0.41591801406249995
2 0.372376596875 0.367394246875 0.372376596875 0.731322509375 0.6482472171875 0.731322509375 0.6482472171875 0.367394246875 0.372376596875 0.367394246875
6 0.65604568125 0.2512838 0.65604568125 0.618678046875 0.8744026375 0.618678046875 0.8744026375 0.2512838 0.65604568125 0.2512838
2 0.8997476421874999 0.440179896875 0.8997476421874999 0.616945053125 0.9982032343749999 0.616945053125 0.9982032343749999 0.440179896875 0.8997476421874999 0.440179896875
1 0.478630653125 0.277278675 0.478630653125 0.40898604687500006 0.6190029828125 0.40898604687500006 0.6190029828125 0.277278675 0.478630653125 0.277278675
2 0.2680721578125 0.4297819484375 0.2680721578125 0.4661747734375 0.30219043125 0.4661747734375 0.30219043125 0.4297819484375 0.2680721578125 0.4297819484375
2 0.3041400484375 0.42284998125 0.3041400484375 0.460975796875 0.3372835140625 0.460975796875 0.3372835140625 0.42284998125 0.3041400484375 0.42284998125
2 0.3382583234375 0.42111698906250006 0.3382583234375 0.45750981562500004 0.3597040953125 0.45750981562500004 0.3597040953125 0.42111698906250006 0.3382583234375 0.42111698906250006
2 0.36262851875 0.4297819484375 0.36262851875 0.4540438328125 0.37725063593749997 0.4540438328125 0.37725063593749997 0.4297819484375 0.36262851875 0.4297819484375
2 0.37725063593749997 0.43324793125000005 0.37725063593749997 0.45404383125000003 0.390897946875 0.45404383125000003 0.390897946875 0.43324793125000005 0.37725063593749997 0.43324793125000005
2 0.3918727546875 0.4297819484375 0.3918727546875 0.4540438328125 0.4055200640625 0.4540438328125 0.4055200640625 0.4297819484375 0.3918727546875 0.4297819484375