2 0.1727880453125 0.4585011234375 0.1727880453125 0.49590665468750006 0.1989294109375 0.49590665468750006 0.1989294109375 0.4585011234375 0.1727880453125 0.4585011234375
2 0.13708276875 0.43469760625 0.13708276875 0.452833621875 0.1600361640625 0.452833621875 0.1600361640625 0.43469760625 0.13708276875 0.43469760625
2 0.4316513203125 0.44036510937499995 0.4316513203125 0.4732366359375 0.45014155625 0.4732366359375 0.45014155625 0.44036510937499995 0.4316513203125 0.44036510937499995
2 0.44440320624999996 0.43469760625 0.44440320624999996 0.47437014375000003 0.45906787656250003 0.47437014375000003 0.45906787656250003 0.43469760625 0.44440320624999996 0.43469760625
2 0.45715509374999996 0.43583110625000004 0.45715509374999996 0.478904140625 0.472457353125 0.478904140625 0.472457353125 0.43583110625000004 0.45715509374999996 0.43583110625000004
2 0.4801084859375 0.43583110625000004 0.4801084859375 0.4573676203125 0.4954107484375 0.4573676203125 0.4954107484375 0.43583110625000004 0.4801084859375 0.43583110625000004
2 0.47245735624999996 0.43809810625 0.47245735624999996 0.460768121875 0.48329645781249997 0.460768121875 0.48329645781249997 0.43809810625 0.47245735624999996 0.43809810625
2 0.47373254375 0.4585011234375 0.47373254375 0.48230464531250006 0.4877596171875 0.48230464531250006 0.4877596171875 0.4585011234375 0.47373254375 0.4585011234375
2 0.5126257953125 0.43243060624999996 0.5126257953125 0.449433121875 0.5272904609375 0.449433121875 0.5272904609375 0.43243060624999996 0.5126257953125 0.43243060624999996
2 0.4966859390625 0.43583110625000004 0.4966859390625 0.4460326078125 0.5126257953125 0.4460326078125 0.5126257953125 0.43583110625000004 0.4966859390625 0.43583110625000004
2 0.48775961875 0.44829961875 0.48775961875 0.486838646875 0.5253776796875 0.486838646875 0.5253776796875 0.44829961875 0.48775961875 0.44829961875
2 0.5266528703125 0.43583110625000004 0.5266528703125 0.44829961875 0.5508814515625 0.44829961875 0.5508814515625 0.43583110625000004 0.5266528703125 0.43583110625000004
2 0.5496062640625 0.43243060624999996 0.5496062640625 0.45963462499999996 0.5827611671875 0.45963462499999996 0.5827611671875 0.43243060624999996 0.5496062640625 0.43243060624999996
2 0.5725596562499999 0.44263211093750005 0.5725596562499999 0.47323663906249996 0.6101777187499999 0.47323663906249996 0.6101777187499999 0.44263211093750005 0.5725596562499999 0.44263211093750005
2 0.609540125 0.44263211093750005 0.609540125 0.478904140625 0.6318559234375 0.478904140625 0.6318559234375 0.44263211093750005 0.609540125 0.44263211093750005
2 0.6331311125 0.43583110625000004 0.6331311125 0.48910564843750004 0.6860514375 0.48910564843750004 0.6860514375 0.43583110625000004 0.6331311125 0.43583110625000004
2 0.50656865 0.4460326171875 0.50656865 0.49477315468749994 0.584355153125 0.49477315468749994 0.584355153125 0.4460326171875 0.50656865 0.4460326171875
4 0.8349297 0.42336259375 0.8349297 0.620591759375 0.8948635625 0.620591759375 0.8948635625 0.42336259375 0.8349297 0.42336259375
2 0.782009375 0.47437014062499994 0.782009375 0.55598220625 0.9331192187499999 0.55598220625 0.9331192187499999 0.47437014062499994 0.782009375 0.47437014062499994
2 0.92865605625 0.44036510937499995 0.92865605625 0.49477315156249996 0.99815383125 0.49477315156249996 0.99815383125 0.44036510937499995 0.92865605625 0.44036510937499995
2 0.10329027187499999 0.43923161093749996 0.10329027187499999 0.514042671875 0.1625865390625 0.514042671875 0.1625865390625 0.43923161093749996 0.10329027187499999 0.43923161093749996
2 0.0013628546875 0.440251753125 0.0013628546875 0.71909298125 0.1161298234375 0.71909298125 0.1161298234375 0.440251753125 0.0013628546875 0.440251753125
6 0.1779764734375 0.354105696875 0.1779764734375 0.7587655125 0.4566051703125 0.7587655125 0.4566051703125 0.354105696875 0.1779764734375 0.354105696875