4 0.532928665625 0.4580974140625 0.532928665625 0.5257708937500001 0.548545625 0.5257708937500001 0.548545625 0.4580974140625 0.532928665625 0.4580974140625
4 0.5758752984375 0.46850871875 0.5758752984375 0.5517991578125 0.5993007359375 0.5517991578125 0.5993007359375 0.46850871875 0.5758752984375 0.46850871875
4 0.556354103125 0.454626978125 0.556354103125 0.5639456796875 0.5846598390625 0.5639456796875 0.5846598390625 0.454626978125 0.556354103125 0.454626978125
4 0.63053465 0.4615678484375 0.63053465 0.5136243703125001 0.6461516078125 0.5136243703125001 0.6461516078125 0.4615678484375 0.63053465 0.4615678484375
4 0.754494246875 0.454626978125 0.754494246875 0.5240356796875 0.7749915046875 0.5240356796875 0.7749915046875 0.454626978125 0.754494246875 0.454626978125
4 0.72423639375 0.45983263125 0.72423639375 0.49453698125 0.7388772890624999 0.49453698125 0.7388772890624999 0.45983263125 0.72423639375 0.45983263125
4 0.6949545968749999 0.4580974140625 0.6949545968749999 0.5240356796875 0.71935609375 0.5240356796875 0.71935609375 0.4580974140625 0.6949545968749999 0.4580974140625
4 0.6676249234375 0.4563621953125 0.6676249234375 0.5136243703125001 0.6910503593749999 0.5136243703125001 0.6910503593749999 0.4563621953125 0.6676249234375 0.4563621953125
4 0.9038314015625 0.4372748046875 0.9038314015625 0.5726217671875 0.93408925625 0.5726217671875 0.93408925625 0.4372748046875 0.9038314015625 0.4372748046875
4 0.8813820265625001 0.45115654374999997 0.8813820265625001 0.5535343734375 0.9077356421875 0.5535343734375 0.9077356421875 0.45115654374999997 0.8813820265625001 0.45115654374999997
2 0.342597 0.454626978125 0.342597 0.482390459375 0.36309425625 0.482390459375 0.36309425625 0.454626978125 0.342597 0.454626978125
2 0.4353226828125 0.45983263125 0.4353226828125 0.5049482859375 0.465219975 0.5049482859375 0.465219975 0.45983263125 0.4353226828125 0.45983263125
2 0.4782693171875 0.43901001875 0.4782693171875 0.5309765468750001 0.532928665625 0.5309765468750001 0.532928665625 0.43901001875 0.4782693171875 0.43901001875
1 0.3591900171875 0.3748069734375 0.3591900171875 0.5240356765625 0.4392269234375 0.5240356765625 0.4392269234375 0.3748069734375 0.3591900171875 0.3748069734375
2 0.2527994953125 0.440745240625 0.2527994953125 0.49974263125 0.27622493124999997 0.49974263125 0.27622493124999997 0.440745240625 0.2527994953125 0.440745240625
2 0.0117127171875 0.4372748046875 0.0117127171875 0.5292413296875 0.12103141875000001 0.5292413296875 0.12103141875000001 0.4372748046875 0.0117127171875 0.4372748046875
2 0.2732967515625 0.4476861078125 0.2732967515625 0.5292413296875 0.33186034062499997 0.5292413296875 0.33186034062499997 0.4476861078125 0.2732967515625 0.4476861078125
2 0.1307920171875 0.378277409375 0.1307920171875 0.579562634375 0.26939251249999996 0.579562634375 0.26939251249999996 0.378277409375 0.1307920171875 0.378277409375
2 0 0.7530843828125 0.0800369046875 0.7530843828125 0.0800369046875 0.489331328125 0 0.489331328125 0 0.7530843828125
2 0.46112262499999995 0.46965606875 0.46112262499999995 0.50122084375 0.47751202656249997 0.50122084375 0.47751202656249997 0.46965606875 0.46112262499999995 0.46965606875