2 0.420737621875 0.4270309484375 0.420737621875 0.48562465781249997 0.44974150625 0.48562465781249997 0.44974150625 0.4270309484375 0.420737621875 0.4270309484375
2 0.5090676390625 0.4293746953125 0.5090676390625 0.450468434375 0.5196145078125001 0.450468434375 0.5196145078125001 0.4293746953125 0.5090676390625 0.4293746953125
2 0.5301613749999999 0.4317184453125 0.5301613749999999 0.45281218125 0.5446633171874999 0.45281218125 0.5446633171874999 0.4317184453125 0.5301613749999999 0.4317184453125
2 0.5367531671875 0.43406219375 0.5367531671875 0.4785934140625 0.5604836203125 0.4785934140625 0.5604836203125 0.43406219375 0.5367531671875 0.43406219375
2 0.5934425812499999 0.4270309484375 0.5934425812499999 0.476249665625 0.6356300515625 0.476249665625 0.6356300515625 0.4270309484375 0.5934425812499999 0.4270309484375
2 0.6540870703125 0.42468720156249995 0.6540870703125 0.45515593125000003 0.665952296875 0.45515593125000003 0.665952296875 0.42468720156249995 0.6540870703125 0.42468720156249995
2 0.658042146875 0.3965622203125 0.658042146875 0.48093716249999996 0.717368278125 0.48093716249999996 0.717368278125 0.3965622203125 0.658042146875 0.3965622203125
2 0.6395851265625 0.42468720156249995 0.6395851265625 0.4481246875 0.6540870703125 0.4481246875 0.6540870703125 0.42468720156249995 0.6395851265625 0.42468720156249995
2 0.551255109375 0.42468720156249995 0.551255109375 0.502030896875 0.6039894484375 0.502030896875 0.6039894484375 0.42468720156249995 0.551255109375 0.42468720156249995
2 0.4352395640625 0.4199997046875 0.4352395640625 0.5418746203125 0.5235695828125 0.5418746203125 0.5235695828125 0.4199997046875 0.4352395640625 0.4199997046875
6 0.6830909578125001 0.3918747234375 0.6830909578125001 0.5254683796874999 0.8307471062499999 0.5254683796874999 0.8307471062499999 0.3918747234375 0.6830909578125001 0.3918747234375
2 0.9335790671875 0.38015598125 0.9335790671875 0.5184371359375 0.9994969890625001 0.5184371359375 0.9994969890625001 0.38015598125 0.9335790671875 0.38015598125