2 0.43671391562500006 0.5129655515625 0.43671391562500006 0.5580233359375 0.46108411250000003 0.5580233359375 0.46108411250000003 0.5129655515625 0.43671391562500006 0.5129655515625
2 0.47765584375000003 0.51469854375 0.47765584375000003 0.5684212875 0.5283458515625 0.5684212875 0.5283458515625 0.51469854375 0.47765584375000003 0.51469854375
2 0.3411827453125 0.521630509375 0.3411827453125 0.5614893171875 0.360678903125 0.5614893171875 0.360678903125 0.521630509375 0.3411827453125 0.521630509375
2 0.3587292875 0.49563563125 0.3587292875 0.5302954671875 0.3840742921875 0.5302954671875 0.3840742921875 0.49563563125 0.3587292875 0.49563563125
2 0.3587292875 0.5129655515625 0.3587292875 0.5736202609375 0.38602390781249996 0.5736202609375 0.38602390781249996 0.5129655515625 0.3587292875 0.5129655515625
2 0.3782254453125 0.49563563125 0.3782254453125 0.5978821437499999 0.4386635296875 0.5978821437499999 0.4386635296875 0.49563563125 0.3782254453125 0.49563563125
6 0.28951793124999997 0.46097579843750003 0.28951793124999997 0.580552228125 0.3402079375 0.580552228125 0.3402079375 0.46097579843750003 0.28951793124999997 0.46097579843750003
2 0.26612254218750003 0.52509649375 0.26612254218750003 0.5632223125 0.28951793124999997 0.5632223125 0.28951793124999997 0.52509649375 0.26612254218750003 0.52509649375
2 0.24467676875 0.537227434375 0.24467676875 0.5684212859375 0.2592988859375 0.5684212859375 0.2592988859375 0.537227434375 0.24467676875 0.537227434375
2 0.2232309984375 0.54589239375 0.2232309984375 0.5788192375000001 0.24760119375 0.5788192375000001 0.24760119375 0.54589239375 0.2232309984375 0.54589239375
2 0.193011953125 0.54589239375 0.193011953125 0.5961491578125 0.2281050359375 0.5961491578125 0.2281050359375 0.54589239375 0.193011953125 0.54589239375
4 0.1384227140625 0.54069341875 0.1384227140625 0.64293993125 0.158893678125 0.64293993125 0.158893678125 0.54069341875 0.1384227140625 0.54069341875
2 0.120876171875 0.53549444375 0.120876171875 0.6308089906250001 0.196911184375 0.6308089906250001 0.196911184375 0.53549444375 0.120876171875 0.53549444375
4 0.17254098906249998 0.542426409375 0.17254098906249998 0.6342749734375001 0.1930119515625 0.6342749734375001 0.1930119515625 0.542426409375 0.17254098906249998 0.542426409375
4 0.0409419296875 0.5580233359375 0.0409419296875 0.6706677984375 0.0701861640625 0.6706677984375 0.0701861640625 0.5580233359375 0.0409419296875 0.5580233359375
4 0.6229022140625 0.4783057171875 0.6229022140625 0.549358378125 0.6365495218749999 0.549358378125 0.6365495218749999 0.4783057171875 0.6229022140625 0.4783057171875
4 0.6121793265625 0.4835046921875 0.6121793265625 0.5441594015625 0.6248518296875 0.5441594015625 0.6248518296875 0.4835046921875 0.6121793265625 0.4835046921875
4 0.6024312484375 0.49216965 0.6024312484375 0.549358378125 0.613154134375 0.549358378125 0.613154134375 0.49216965 0.6024312484375 0.49216965
2 0.618362546875 0.42913905625000004 0.618362546875 0.8958277812500001 0.9991780421875 0.8958277812500001 0.9991780421875 0.42913905625000004 0.618362546875 0.42913905625000004
4 0.5868343234375 0.48697067499999996 0.5868343234375 0.5389604265625 0.6004816328125 0.5389604265625 0.6004816328125 0.48697067499999996 0.5868343234375 0.48697067499999996