2 0.3051451703125 0.44960429687500003 0.3051451703125 0.46226920624999995 0.31464385156249997 0.46226920624999995 0.31464385156249997 0.44960429687500003 0.3051451703125 0.44960429687500003
2 0.320580528125 0.4474934796875 0.320580528125 0.464380025 0.3336412171875 0.464380025 0.3336412171875 0.4474934796875 0.320580528125 0.4474934796875
2 0.3193931921875 0.4369393890625 0.3193931921875 0.44749348125 0.3383905578125 0.44749348125 0.3383905578125 0.4369393890625 0.3193931921875 0.4369393890625
2 0.33720322187499996 0.44791565312500004 0.33720322187499996 0.46691301718749995 0.3538259171875 0.46691301718749995 0.3538259171875 0.44791565312500004 0.33720322187499996 0.44791565312500004
2 0.355013253125 0.43736155937500004 0.355013253125 0.45635892499999997 0.3609499296875 0.45635892499999997 0.3609499296875 0.43736155937500004 0.355013253125 0.43736155937500004
2 0.3609499296875 0.43947237812499995 0.3609499296875 0.45846974375 0.369261275 0.45846974375 0.369261275 0.43947237812499995 0.3609499296875 0.43947237812499995
2 0.3704486109375 0.3845911046875 0.3704486109375 0.46480219843750004 0.41794202187499996 0.46480219843750004 0.41794202187499996 0.3845911046875 0.3704486109375 0.3845911046875
6 0.419129359375 0.3381531 0.419129359375 0.469023834375 0.49630615312500004 0.469023834375 0.49630615312500004 0.3381531 0.419129359375 0.3381531
2 0.1875989765625 0.430606934375 0.1875989765625 0.47282330000000006 0.22440637031250002 0.47282330000000006 0.22440637031250002 0.430606934375 0.1875989765625 0.430606934375
2 0.217282359375 0.4284961140625 0.217282359375 0.4664908453125 0.23627972343749998 0.4664908453125 0.23627972343749998 0.4284961140625 0.217282359375 0.4284961140625
2 0.09736149375 0.40316629375 0.09736149375 0.47915575468749994 0.18641164062499999 0.47915575468749994 0.18641164062499999 0.40316629375 0.09736149375 0.40316629375
2 0 0.5065963906250001 0.0878628125 0.5065963906250001 0.0878628125 0.3693932015625 0 0.3693932015625 0 0.5065963906250001
4 0.23627972343749998 0.3025506265625 0.23627972343749998 0.6782762828125 0.3003958296875 0.6782762828125 0.3003958296875 0.3025506265625 0.23627972343749998 0.3025506265625
4 0.42269136406249996 0.3584169546875 0.42269136406249996 0.46817950625 0.45118741250000005 0.46817950625 0.45118741250000005 0.3584169546875 0.42269136406249996 0.3584169546875
4 0.60197899375 0.3478628625 0.60197899375 0.4576254140625 0.62928770625 0.4576254140625 0.62928770625 0.3478628625 0.60197899375 0.3478628625
4 0.775567428125 0.31831140625 0.775567428125 0.5420581453125 0.8194988343749999 0.5420581453125 0.8194988343749999 0.31831140625 0.775567428125 0.31831140625
4 0.8111874859375 0.29087076875 0.8111874859375 0.5293932375 0.86105556875 0.5293932375 0.86105556875 0.29087076875 0.8111874859375 0.29087076875
4 0.7556202078124999 0.308179471875 0.7556202078124999 0.515039665625 0.79717694375 0.515039665625 0.79717694375 0.308179471875 0.7556202078124999 0.308179471875