2 0.48140377343749996 0.557763159375 0.48140377343749996 0.58263158125 0.5003881484375 0.58263158125 0.5003881484375 0.557763159375 0.48140377343749996 0.557763159375
2 0.4584226875 0.5471052671875001 0.4584226875 0.59506579375 0.4744095296875 0.59506579375 0.4744095296875 0.5471052671875001 0.4584226875 0.5471052671875001
2 0.396473675 0.5293421078125 0.396473675 0.621710528125 0.47241117499999996 0.621710528125 0.47241117499999996 0.5293421078125 0.396473675 0.5293421078125
2 0.3285295953125 0.550657896875 0.3285295953125 0.69631579375 0.43444242343750006 0.69631579375 0.43444242343750006 0.550657896875 0.3285295953125 0.550657896875
2 0.058751632812499996 0.5186842140625 0.058751632812499996 0.8455263203125 0.37049505625 0.8455263203125 0.37049505625 0.5186842140625 0.058751632812499996 0.5186842140625
2 0.5833198921875 0.5400000046875 0.5833198921875 0.5897368468749999 0.6112968671875 0.5897368468749999 0.6112968671875 0.5400000046875 0.5833198921875 0.5400000046875
2 0.592312490625 0.559539475 0.592312490625 0.611052634375 0.6272837078125 0.611052634375 0.6272837078125 0.559539475 0.592312490625 0.559539475
2 0.60829933125 0.5630921078125 0.60829933125 0.646578953125 0.66525245625 0.646578953125 0.66525245625 0.5630921078125 0.60829933125 0.5630921078125
2 0.6402730156249999 0.557763159375 0.6402730156249999 0.6945394765625 0.748184203125 0.6945394765625 0.748184203125 0.557763159375 0.6402730156249999 0.557763159375
2 0.7242039390625 0.550657896875 0.7242039390625 0.8419736890625 0.9809925937499999 0.8419736890625 0.9809925937499999 0.550657896875 0.7242039390625 0.550657896875
6 0.497390615625 0.4085526328125 0.497390615625 0.646578953125 0.5883157812500001 0.646578953125 0.5883157812500001 0.4085526328125 0.497390615625 0.4085526328125