2 0.3258158125 0.6098433234375 0.3258158125 0.6520307937500001 0.3495462640625 0.6520307937500001 0.3495462640625 0.6098433234375 0.3258158125 0.6098433234375
2 0.29285685 0.6051558265625 0.29285685 0.6590620406250001 0.3271341703125 0.6590620406250001 0.3271341703125 0.6051558265625 0.29285685 0.6051558265625
2 0.43260284687499995 0.6051558265625 0.43260284687499995 0.6215620656249999 0.44578643281249997 0.6215620656249999 0.44578643281249997 0.6051558265625 0.43260284687499995 0.6051558265625
2 0.42601105625 0.59812458125 0.42601105625 0.6239058140625 0.43787628125 0.6239058140625 0.43787628125 0.59812458125 0.42601105625 0.59812458125
2 0.4194192640625 0.6051558265625 0.4194192640625 0.6262495625 0.43392120624999997 0.6262495625 0.43392120624999997 0.6051558265625 0.4194192640625 0.6051558265625
2 0.49192897812499997 0.6051558265625 0.49192897812499997 0.6332808062499999 0.50774928125 0.6332808062499999 0.50774928125 0.6051558265625 0.49192897812499997 0.6051558265625
2 0.5301613749999999 0.612187071875 0.5301613749999999 0.6426558 0.55257346875 0.6426558 0.55257346875 0.612187071875 0.5301613749999999 0.612187071875
1 0.5301613749999999 0.586405840625 0.5301613749999999 0.6285933125 0.5591652609375 0.6285933125 0.5591652609375 0.586405840625 0.5301613749999999 0.586405840625
2 0.7331885796875001 0.6239058140625 0.7331885796875001 0.7574994734375 0.870297859375 0.7574994734375 0.870297859375 0.6239058140625 0.7331885796875001 0.6239058140625
2 0.39700716875 0.6051558265625 0.39700716875 0.6332808062499999 0.42469269687500005 0.6332808062499999 0.42469269687500005 0.6051558265625 0.39700716875 0.6051558265625
2 0.50379420625 0.6051558265625 0.50379420625 0.649687046875 0.5314797328124999 0.649687046875 0.5314797328124999 0.6051558265625 0.50379420625 0.6051558265625
2 0.60135273125 0.6145308203125001 0.60135273125 0.6778120265625 0.651450353125 0.6778120265625 0.651450353125 0.6145308203125001 0.60135273125 0.6145308203125001
2 0.24012251093749998 0.5910933359375 0.24012251093749998 0.67078078125 0.30340371875 0.67078078125 0.30340371875 0.5910933359375 0.24012251093749998 0.5910933359375
2 0.825473671875 0.6614057875 0.825473671875 0.8324994218749999 0.9994969890625001 0.8324994218749999 0.9994969890625001 0.6614057875 0.825473671875 0.6614057875