2 0.40491562031250006 0.6290277953125 0.40491562031250006 0.66715069375 0.43140542656249997 0.66715069375 0.43140542656249997 0.6290277953125 0.40491562031250006 0.6290277953125
2 0.3708572953125 0.61041488125 0.3708572953125 0.700115815625 0.408699878125 0.700115815625 0.408699878125 0.61041488125 0.3708572953125 0.61041488125
2 0.5504834093750001 0.6373251578125 0.5504834093750001 0.70908590625 0.5933716671875 0.70908590625 0.5933716671875 0.6373251578125 0.5504834093750001 0.6373251578125
2 0.5933716671875 0.6732055328125 0.5933716671875 0.700115815625 0.6085087 0.700115815625 0.6085087 0.6732055328125 0.5933716671875 0.6732055328125
2 0.9084742515625001 0.7023583375 0.9084742515625001 0.8346672156249999 0.9601924468749999 0.8346672156249999 0.9601924468749999 0.7023583375 0.9084742515625001 0.7023583375
2 0.950101090625 0.7046008593749999 0.950101090625 0.753936371875 0.9866822515625 0.753936371875 0.9866822515625 0.7046008593749999 0.950101090625 0.7046008593749999
2 0.6067427203125 0.6581805984375 0.6067427203125 0.712001159375 0.647108140625 0.712001159375 0.647108140625 0.6581805984375 0.6067427203125 0.6581805984375
2 0.4616794921875 0.6054813 0.4616794921875 0.756851625 0.5529221734374999 0.756851625 0.5529221734374999 0.6054813 0.4616794921875 0.6054813
6 0 0.868907715625 0.3756736375 0.868907715625 0.3756736375 0.1580278171875 0 0.1580278171875 0 0.868907715625
2 0.679274334375 0.6088450859375001 0.679274334375 0.8835541953125 0.9115016515625 0.8835541953125 0.9115016515625 0.6088450859375001 0.679274334375 0.6088450859375001
4 0.438133009375 0.6376241593749999 0.438133009375 0.6667769625 0.4431786890625 0.6667769625 0.4431786890625 0.6376241593749999 0.438133009375 0.6376241593749999
2 0.94505654375 0.71781771875 0.94505654375 0.8490325578125001 0.9989934125 0.8490325578125001 0.9989934125 0.71781771875 0.94505654375 0.71781771875