2 0 0.570154278125 0.1881379140625 0.570154278125 0.1881379140625 0.43844690625 0 0.43844690625 0 0.570154278125
2 0.8207882062499999 0.49563563281249995 0.8207882062499999 0.68973070625 0.9982032343749999 0.68973070625 0.9982032343749999 0.49563563281249995 0.8207882062499999 0.49563563281249995
2 0.749627234375 0.47483973281249997 0.749627234375 0.57708624375 0.8276118609375 0.57708624375 0.8276118609375 0.47483973281249997 0.749627234375 0.47483973281249997
2 0.2973163921875 0.46444178125 0.2973163921875 0.5840182109375001 0.41136891093749994 0.5840182109375001 0.41136891093749994 0.46444178125 0.2973163921875 0.46444178125
2 0.47765584531250005 0.47137375 0.47765584531250005 0.5077665765625 0.509824503125 0.5077665765625 0.509824503125 0.47137375 0.47765584531250005 0.47137375
2 0.3996712171875 0.45924280624999997 0.3996712171875 0.521630509375 0.45815968749999997 0.521630509375 0.45815968749999997 0.45924280624999997 0.3996712171875 0.45924280624999997
2 0.5380939312499999 0.4817717 0.5380939312499999 0.50949956875 0.5605145109375 0.50949956875 0.5605145109375 0.4817717 0.5380939312499999 0.4817717
2 0.5205473890625 0.4783057171875 0.5205473890625 0.5129655515625 0.5371191234375 0.5129655515625 0.5371191234375 0.4783057171875 0.5205473890625 0.4783057171875
2 0.6999120328124999 0.4887036671875 0.6999120328124999 0.5233635015625 0.723307421875 0.5233635015625 0.723307421875 0.4887036671875 0.6999120328124999 0.4887036671875
2 0.6882143390625 0.4887036671875 0.6882143390625 0.51469854375 0.698937225 0.51469854375 0.698937225 0.4887036671875 0.6882143390625 0.4887036671875
2 0.6765166453125 0.4904366578125 0.6765166453125 0.50949956875 0.6882143390625 0.50949956875 0.6882143390625 0.4904366578125 0.6765166453125 0.4904366578125
2 0.26904696562499997 0.46444178125 0.26904696562499997 0.5112325609374999 0.31291331875 0.5112325609374999 0.31291331875 0.46444178125 0.26904696562499997 0.46444178125