2 0.4348782296875 0.4422414734375 0.4348782296875 0.4977454640625 0.4771776421875 0.4977454640625 0.4771776421875 0.4422414734375 0.4348782296875 0.4422414734375
2 0.3905645609375 0.4422414734375 0.3905645609375 0.4923741078125 0.432863971875 0.4923741078125 0.432863971875 0.4422414734375 0.3905645609375 0.4422414734375
2 0.3623649515625 0.4476128265625 0.3623649515625 0.5102786218750001 0.39257881875 0.5102786218750001 0.39257881875 0.4476128265625 0.3623649515625 0.4476128265625
2 0.299960175 0.43507966875 0.299960175 0.5296638375 0.361357821875 0.5296638375 0.361357821875 0.43507966875 0.299960175 0.43507966875
2 0.219352653125 0.4529841796875 0.219352653125 0.5539444328124999 0.2972286078125 0.5539444328124999 0.2972286078125 0.4529841796875 0.219352653125 0.4529841796875
2 0.0682833265625 0.43687011875000004 0.0682833265625 0.5908489328125001 0.21935265468749998 0.5908489328125001 0.21935265468749998 0.43687011875000004 0.0682833265625 0.43687011875000004
2 0 0.6195020390625 0.071304709375 0.6195020390625 0.071304709375 0.4619364375 0 0.4619364375 0 0.6195020390625
2 0.5003416046875 0.42075605781250003 0.5003416046875 0.53355449375 0.5748691390625 0.53355449375 0.5748691390625 0.42075605781250003 0.5003416046875 0.42075605781250003
2 0.59199033125 0.4261274109375 0.59199033125 0.472679146875 0.6201899390625 0.472679146875 0.6201899390625 0.4261274109375 0.59199033125 0.4261274109375
2 0.609111521875 0.444031925 0.609111521875 0.48879320625 0.62421845625 0.48879320625 0.62421845625 0.444031925 0.609111521875 0.444031925
6 0.62421845625 0.3043767234375 0.62421845625 0.5192308796875 0.72493134375 0.5192308796875 0.72493134375 0.3043767234375 0.62421845625 0.3043767234375
6 0.7424740203125 0.04297083125 0.7424740203125 0.7501990984375 0.9978632640624999 0.7501990984375 0.9978632640624999 0.04297083125 0.7424740203125 0.04297083125
2 0.48019902812500004 0.44045102187499996 0.48019902812500004 0.46909824218749996 0.4922845734375 0.46909824218749996 0.4922845734375 0.44045102187499996 0.48019902812500004 0.44045102187499996