2 0.45231084218750006 0.54069341875 0.45231084218750006 0.6308089906250001 0.5234718140625 0.6308089906250001 0.5234718140625 0.54069341875 0.45231084218750006 0.54069341875
2 0.42111698906250006 0.558023334375 0.42111698906250006 0.5909501781250001 0.4406131453125 0.5909501781250001 0.4406131453125 0.558023334375 0.42111698906250006 0.558023334375
2 0.540043546875 0.544159403125 0.540043546875 0.585751203125 0.5946327859375 0.585751203125 0.5946327859375 0.544159403125 0.540043546875 0.544159403125
2 0.051664814062499995 0.5684212859375 0.051664814062499995 0.60828009375 0.1130777109375 0.60828009375 0.1130777109375 0.5684212859375 0.051664814062499995 0.5684212859375
2 0.411368909375 0.559756328125 0.411368909375 0.5788192359375001 0.425991028125 0.5788192359375001 0.425991028125 0.559756328125 0.411368909375 0.559756328125
2 0.9728582296875 0.5250964921875 0.9728582296875 0.5753532531250001 0.9994969890625001 0.5753532531250001 0.9994969890625001 0.5250964921875 0.9728582296875 0.5250964921875
4 0.599506825 0.5372274328125 0.599506825 0.56148931875 0.6082800953125 0.56148931875 0.6082800953125 0.5372274328125 0.599506825 0.5372274328125
2 0.38212467499999997 0.5510913687500001 0.38212467499999997 0.5788192359375001 0.3996712171875 0.5788192359375001 0.3996712171875 0.5510913687500001 0.38212467499999997 0.5510913687500001
2 0.34995601718749997 0.558023334375 0.34995601718749997 0.5753532531250001 0.3616537109375 0.5753532531250001 0.3616537109375 0.558023334375 0.34995601718749997 0.558023334375
2 0.372376596875 0.5632223109375001 0.372376596875 0.5736202609375 0.38212467499999997 0.5736202609375 0.38212467499999997 0.5632223109375001 0.372376596875 0.5632223109375001
2 0.3606789015625 0.558023334375 0.3606789015625 0.5788192343749999 0.3694521734375 0.5788192343749999 0.3694521734375 0.558023334375 0.3606789015625 0.558023334375
2 0.3353338984375 0.5632223109375001 0.3353338984375 0.57708624375 0.349956015625 0.57708624375 0.349956015625 0.5632223109375001 0.3353338984375 0.5632223109375001
2 0.1930119515625 0.56148931875 0.1930119515625 0.585751203125 0.24467676875 0.585751203125 0.24467676875 0.56148931875 0.1930119515625 0.56148931875