2 0.0008209328125 0.41959452343750003 0.0008209328125 0.47067559843750006 0.05007768124999999 0.47067559843750006 0.05007768124999999 0.41959452343750003 0.0008209328125 0.41959452343750003
2 0.1465388140625 0.41959452343750003 0.1465388140625 0.463378303125 0.1886122890625 0.463378303125 0.1886122890625 0.41959452343750003 0.1465388140625 0.41959452343750003
2 0.1229366234375 0.42506749531250004 0.1229366234375 0.45972965312499997 0.17219337031249998 0.45972965312499997 0.17219337031249998 0.42506749531250004 0.1229366234375 0.42506749531250004
2 0.12396280468750001 0.45243235468750004 0.12396280468750001 0.49439180625 0.1629577296875 0.49439180625 0.1629577296875 0.45243235468750004 0.12396280468750001 0.45243235468750004
2 0.07675842031249999 0.4487837078125 0.07675842031249999 0.4889188390625 0.12396280468750001 0.4889188390625 0.12396280468750001 0.4487837078125 0.07675842031249999 0.4487837078125
2 0.0511038625 0.4560810046875 0.0511038625 0.4870945125 0.0829155140625 0.4870945125 0.0829155140625 0.4560810046875 0.0511038625 0.4560810046875
2 0.374351275 0.43236479375 0.374351275 0.45972965312499997 0.414372384375 0.45972965312499997 0.414372384375 0.43236479375 0.374351275 0.43236479375
2 0.5241738875 0.4104729046875 0.5241738875 0.4560810046875 0.5375142546875 0.4560810046875 0.5375142546875 0.4104729046875 0.5241738875 0.4104729046875
2 0.48928369062500005 0.40499993125 0.48928369062500005 0.46337830156250004 0.5303309796875 0.46337830156250004 0.5303309796875 0.40499993125 0.48928369062500005 0.40499993125
2 0.49030987187499997 0.43236479375 0.49030987187499997 0.4688512703125 0.509807334375 0.4688512703125 0.509807334375 0.43236479375 0.49030987187499997 0.43236479375
2 0.695546325 0.3922296640625 0.695546325 0.465202625 0.7294103375 0.465202625 0.7294103375 0.3922296640625 0.695546325 0.3922296640625
2 0.41334620156249996 0.3721621 0.41334620156249996 0.505337753125 0.49338841718750004 0.505337753125 0.49338841718750004 0.3721621 0.41334620156249996 0.3721621
2 0.255314134375 0.390405340625 0.255314134375 0.5181080203125 0.36306327031249996 0.5181080203125 0.36306327031249996 0.390405340625 0.255314134375 0.390405340625
2 0.5970328265625 0.36851345156250004 0.5970328265625 0.4889188390625 0.700677234375 0.4889188390625 0.700677234375 0.36851345156250004 0.5970328265625 0.36851345156250004
2 0.8474212984375 0.353918859375 0.8474212984375 0.48344586562499997 0.998270090625 0.48344586562499997 0.998270090625 0.353918859375 0.8474212984375 0.353918859375
2 0.21426684375 0.38858101562499997 0.21426684375 0.4122972265625 0.242999946875 0.4122972265625 0.242999946875 0.38858101562499997 0.21426684375 0.38858101562499997
2 0.160905365625 0.390405340625 0.160905365625 0.419594521875 0.19476938125 0.419594521875 0.19476938125 0.390405340625 0.160905365625 0.390405340625
2 0.0911249703125 0.40682425625 0.0911249703125 0.4341891171875 0.1126748 0.4341891171875 0.1126748 0.40682425625 0.0911249703125 0.40682425625