4 0.031821871875000005 0.5418746203125 0.031821871875000005 0.6426558015625 0.055552325 0.6426558015625 0.055552325 0.5418746203125 0.031821871875000005 0.5418746203125
4 0.0713726265625 0.534843375 0.0713726265625 0.6239058156249999 0.09773979687499999 0.6239058156249999 0.09773979687499999 0.534843375 0.0713726265625 0.534843375
4 0.0766460625 0.5114058921875 0.0766460625 0.7082807546875001 0.11619681562499999 0.7082807546875001 0.11619681562499999 0.5114058921875 0.0766460625 0.5114058921875
2 0.27703654843750003 0.5465621171875 0.27703654843750003 0.5770308453124999 0.298130284375 0.5770308453124999 0.298130284375 0.5465621171875 0.27703654843750003 0.5465621171875
2 0.2045268328125 0.548905865625 0.2045268328125 0.6918745171875 0.282309984375 0.6918745171875 0.282309984375 0.548905865625 0.2045268328125 0.548905865625
2 0.49061062031249997 0.5535933625 0.49061062031249997 0.6614057890625 0.5670754125 0.6614057890625 0.5670754125 0.5535933625 0.49061062031249997 0.5535933625
2 0.5288430171875 0.5840620921874999 0.5288430171875 0.7270307421875 0.6527687125 0.7270307421875 0.6527687125 0.5840620921874999 0.5288430171875 0.5840620921874999
2 0.27044475625 0.48093716249999996 0.27044475625 0.8418744140625 0.502475846875 0.8418744140625 0.502475846875 0.48093716249999996 0.27044475625 0.48093716249999996
2 0.0001812703125 0.5699996015625 0.0001812703125 0.8559369046875 0.0819194953125 0.8559369046875 0.0819194953125 0.5699996015625 0.0001812703125 0.5699996015625
2 0.6395851265625 0.391874725 0.6395851265625 0.9989055562500001 0.9994969906250001 0.9989055562500001 0.9994969906250001 0.391874725 0.6395851265625 0.391874725
4 0.131599059375 0.5476253859375 0.131599059375 0.6672018140625 0.147195984375 0.6672018140625 0.147195984375 0.5476253859375 0.131599059375 0.5476253859375