2 0.8935082734375 0.41057399375000003 0.8935082734375 0.5356495140625 0.99904074375 0.5356495140625 0.99904074375 0.41057399375000003 0.8935082734375 0.41057399375000003
4 0.9860403671875 0.405135928125 0.9860403671875 0.588670659375 0.999805471875 0.588670659375 0.999805471875 0.405135928125 0.9860403671875 0.405135928125
4 0.8485932421875001 0.38972808125 0.8485932421875001 0.5719032953125 0.8921827421874999 0.5719032953125 0.8921827421874999 0.38972808125 0.8485932421875001 0.38972808125
2 0.367834190625 0.42009061093750005 0.367834190625 0.5179758 0.4076000515625 0.5179758 0.4076000515625 0.42009061093750005 0.367834190625 0.42009061093750005
2 0.34336289375 0.483987884375 0.34336289375 0.5098187000000001 0.3609516390625 0.5098187000000001 0.3609516390625 0.483987884375 0.34336289375 0.483987884375
2 0.32577414843749997 0.47719030625 0.32577414843749997 0.5111782171875 0.34642180625 0.5111782171875 0.34642180625 0.47719030625 0.32577414843749997 0.47719030625
2 0.2600075375 0.46903320624999995 0.2600075375 0.5193353171874999 0.286008290625 0.5193353171874999 0.286008290625 0.46903320624999995 0.2600075375 0.46903320624999995
2 0.229418415625 0.4649546546875 0.229418415625 0.5220543484375 0.2737726421875 0.5220543484375 0.2737726421875 0.4649546546875 0.229418415625 0.4649546546875
2 0.21488858125000002 0.4581570734375 0.21488858125000002 0.5274924171875 0.24777188749999998 0.5274924171875 0.24777188749999998 0.4581570734375 0.21488858125000002 0.4581570734375
2 0 0.6607250375 0.241453325 0.6607250375 0.241453325 0.31948638749999997 0 0.31948638749999997 0 0.6607250375
2 0.2803274546875 0.45640912343749995 0.2803274546875 0.5175873671875 0.32927005 0.5175873671875 0.32927005 0.45640912343749995 0.2803274546875 0.45640912343749995
2 0.3661039921875 0.37984893125 0.3661039921875 0.745558878125 0.6245820734375 0.745558878125 0.6245820734375 0.37984893125 0.3661039921875 0.37984893125