2 0.5871704390625 0.46877965625 0.5871704390625 0.498543446875 0.606304303125 0.498543446875 0.606304303125 0.46877965625 0.5871704390625 0.46877965625
2 0.5692324421875 0.4666536703125 0.5692324421875 0.5070473828125001 0.5967373703125001 0.5070473828125001 0.5967373703125001 0.4666536703125 0.5692324421875 0.4666536703125
2 0.572820040625 0.4581497328125 0.572820040625 0.5070473843750001 0.589562171875 0.5070473843750001 0.589562171875 0.4581497328125 0.572820040625 0.4581497328125
2 0.5393357796875 0.45602375000000006 0.5393357796875 0.515551325 0.5692324421875 0.515551325 0.5692324421875 0.45602375000000006 0.5393357796875 0.45602375000000006
2 0.517810184375 0.44751980625 0.517810184375 0.5219292796875 0.5536861765625 0.5219292796875 0.5536861765625 0.44751980625 0.517810184375 0.44751980625
2 0.4699755234375 0.4517717796875 0.4699755234375 0.532559203125 0.5213977812499999 0.532559203125 0.5213977812499999 0.4517717796875 0.4699755234375 0.4517717796875
5 0.5118308515625001 0.44751980625 0.5118308515625001 0.541063140625 0.5357481796875 0.541063140625 0.5357481796875 0.44751980625 0.5118308515625001 0.44751980625
0 0.514222584375 0.4879135203125 0.514222584375 0.5495670828125 0.5297688468749999 0.5495670828125 0.5297688468749999 0.4879135203125 0.514222584375 0.4879135203125
2 0.2858120875 0.41988200625000005 0.2858120875 0.6324804937499999 0.47954245625 0.6324804937499999 0.47954245625 0.41988200625000005 0.2858120875 0.41988200625000005
2 0.100452784375 0.3879922328125 0.100452784375 0.623976553125 0.3348426140625 0.623976553125 0.3348426140625 0.3879922328125 0.100452784375 0.3879922328125
2 0 0.7047639765625 0.172204771875 0.7047639765625 0.172204771875 0.4581497328125 0 0.4581497328125 0 0.7047639765625
4 0.0693602546875 0.432637915625 0.0693602546875 0.5091733671875 0.0944734515625 0.5091733671875 0.0944734515625 0.432637915625 0.0693602546875 0.432637915625
2 0.6953963546875 0.47303162812500005 0.6953963546875 0.5006694296875 0.7085508843749999 0.5006694296875 0.7085508843749999 0.47303162812500005 0.6953963546875 0.47303162812500005
2 0.706159153125 0.4751576109375 0.706159153125 0.5027954125 0.7240971484375 0.5027954125 0.7240971484375 0.4751576109375 0.706159153125 0.4751576109375
2 0.5997270375 0.43051192968749996 0.5997270375 0.58996079375 0.700179821875 0.58996079375 0.700179821875 0.43051192968749996 0.5997270375 0.43051192968749996
2 0.7240971484375 0.42200799218749996 0.7240971484375 0.53893715625 0.791065671875 0.53893715625 0.791065671875 0.42200799218749996 0.7240971484375 0.42200799218749996
6 0.7838904734375001 0.4347639 0.7838904734375001 0.5091733703125 0.856838328125 0.5091733703125 0.856838328125 0.4347639 0.7838904734375001 0.4347639
2 0.8353127312499999 0.44964579374999997 0.8353127312499999 0.5283072328125 0.8855391234375001 0.5283072328125 0.8855391234375001 0.44964579374999997 0.8353127312499999 0.44964579374999997
2 0.864013528125 0.44751980625 0.864013528125 0.5368111703125 0.9405489828125001 0.5368111703125 0.9405489828125001 0.44751980625 0.864013528125 0.44751980625
4 0.875972190625 0.45389776406250004 0.875972190625 0.547441096875 0.8998895203125 0.547441096875 0.8998895203125 0.45389776406250004 0.875972190625 0.45389776406250004
6 0.9178275171875001 0.347598521875 0.9178275171875001 0.57082693125 0.9979505703125 0.57082693125 0.9979505703125 0.347598521875 0.9178275171875001 0.347598521875