2 0.0854453984375 0.417109340625 0.0854453984375 0.78488316875 0.27718114374999997 0.78488316875 0.27718114374999997 0.417109340625 0.0854453984375 0.417109340625
2 0.2721354671875 0.4529897140625 0.2721354671875 0.6279065328125 0.370526178125 0.6279065328125 0.370526178125 0.4529897140625 0.2721354671875 0.4529897140625
2 0 0.8028233546875001 0.13085649531250002 0.8028233546875001 0.13085649531250002 0.44177709531250003 0 0.44177709531250003 0 0.8028233546875001
2 0.6490903703125 0.5228283031250001 0.6490903703125 0.5968315703125 0.7247755328125 0.5968315703125 0.7247755328125 0.5228283031250001 0.6490903703125 0.5228283031250001
2 0.5494382390625 0.5186636265625 0.5494382390625 0.5567865249999999 0.5721437890625001 0.5567865249999999 0.5721437890625001 0.5186636265625 0.5494382390625 0.5186636265625
2 0.5368240453124999 0.5119360562499999 0.5368240453124999 0.5478164296875 0.5595295953125 0.5478164296875 0.5595295953125 0.5119360562499999 0.5368240453124999 0.5119360562499999
2 0.3923014265625 0.49896144218750005 0.3923014265625 0.54829695625 0.4377125234375 0.54829695625 0.4377125234375 0.49896144218750005 0.3923014265625 0.49896144218750005
2 0.4490652984375 0.5169016296875 0.4490652984375 0.543811909375 0.4679865890625 0.543811909375 0.4679865890625 0.5169016296875 0.4490652984375 0.5169016296875
2 0.561331621875 0.5281142437499999 0.561331621875 0.5595095703124999 0.5878214296875 0.5595095703124999 0.5878214296875 0.5281142437499999 0.561331621875 0.5281142437499999
2 0.5080861624999999 0.5176165921875 0.5080861624999999 0.533937834375 0.5212014468749999 0.533937834375 0.5212014468749999 0.5176165921875 0.5080861624999999 0.5176165921875
2 0.470051834375 0.5199481968749999 0.470051834375 0.538601046875 0.4805440640625 0.538601046875 0.4805440640625 0.5199481968749999 0.470051834375 0.5199481968749999