2 0.2984967234375 0.52217028125 0.2984967234375 0.5705665484375 0.32571962499999996 0.5705665484375 0.32571962499999996 0.52217028125 0.2984967234375 0.52217028125
2 0.6366338203125 0.55528351875 0.6366338203125 0.700472328125 0.7569877 0.700472328125 0.7569877 0.55528351875 0.6366338203125 0.55528351875
2 0.718302525 0.5349061390625 0.718302525 0.781981834375 0.9690397781250001 0.781981834375 0.9690397781250001 0.5349061390625 0.718302525 0.5349061390625
2 0.0004775875 0.5017929062500001 0.0004775875 0.6800949515625 0.136592096875 0.6800949515625 0.136592096875 0.5017929062500001 0.0004775875 0.5017929062500001
2 0.456102996875 0.5196231078125 0.456102996875 0.5705665484375 0.4775947609375 0.5705665484375 0.4775947609375 0.5196231078125 0.456102996875 0.5196231078125
2 0.371568721875 0.49160421562499995 0.371568721875 0.5756608937500001 0.41741782031249997 0.5756608937500001 0.41741782031249997 0.49160421562499995 0.371568721875 0.49160421562499995
2 0.307093428125 0.5196231078125 0.307093428125 0.63169868125 0.3887621328125 0.63169868125 0.3887621328125 0.5196231078125 0.307093428125 0.5196231078125
2 0.42028338906249996 0.5196231078125 0.42028338906249996 0.601132615625 0.46469970156249996 0.601132615625 0.46469970156249996 0.5196231078125 0.42028338906249996 0.5196231078125
2 0.8744760140625001 0.5909439265625 0.8744760140625001 0.8660385156249999 0.9978347609375 0.8660385156249999 0.9978347609375 0.5909439265625 0.8744760140625001 0.5909439265625
4 0.0019103718749999999 0.4941513875 0.0019103718749999999 0.781981834375 0.04202833125 0.781981834375 0.04202833125 0.4941513875 0.0019103718749999999 0.4941513875
4 0.22542472500000002 0.511981590625 0.22542472500000002 0.601132615625 0.24405091875 0.601132615625 0.24405091875 0.511981590625 0.22542472500000002 0.511981590625
4 0.15521829375 0.5247174546875 0.15521829375 0.58839675625 0.17671005625 0.58839675625 0.17671005625 0.5247174546875 0.15521829375 0.5247174546875
4 0.186739546875 0.5349061390625 0.186739546875 0.6036797875000001 0.21109688124999998 0.6036797875000001 0.21109688124999998 0.5349061390625 0.186739546875 0.5349061390625
4 0.582188015625 0.5374533125000001 0.582188015625 0.59858544375 0.599381428125 0.59858544375 0.599381428125 0.5374533125000001 0.582188015625 0.5374533125000001
4 0.5635618203125 0.5272646234375 0.5635618203125 0.59603826875 0.5836208 0.59603826875 0.5836208 0.5272646234375 0.5635618203125 0.5272646234375
4 0.5463684078125 0.53235896875 0.5463684078125 0.5807552390625 0.56069625 0.5807552390625 0.56069625 0.53235896875 0.5463684078125 0.53235896875
4 0.5277422125 0.5374533125000001 0.5277422125 0.5883967546875 0.5406372703125 0.5883967546875 0.5406372703125 0.5374533125000001 0.5277422125 0.5374533125000001
4 0.9690397781250001 0.5349061390625 0.9690397781250001 0.6469817124999999 0.999128246875 0.6469817124999999 0.999128246875 0.5349061390625 0.9690397781250001 0.5349061390625
4 0.6409321718750001 0.5450948296875 0.6409321718750001 0.6164156484375 0.666722290625 0.6164156484375 0.666722290625 0.5450948296875 0.6409321718750001 0.5450948296875
4 0.2827360953125 0.52217028125 0.2827360953125 0.5705665484375 0.2970639390625 0.5705665484375 0.2970639390625 0.52217028125 0.2827360953125 0.52217028125
4 0.244392065625 0.5396366046875001 0.244392065625 0.5702026703125 0.257287125 0.5702026703125 0.257287125 0.5396366046875001 0.244392065625 0.5396366046875001