2 0.1399690859375 0.441691178125 0.1399690859375 0.4738340484375 0.199376 0.4738340484375 0.199376 0.441691178125 0.1399690859375 0.441691178125
2 0.385345471875 0.42900894999999994 0.385345471875 0.441253853125 0.3948161390625 0.441253853125 0.3948161390625 0.42900894999999994 0.385345471875 0.42900894999999994
2 0.395677109375 0.43207017499999995 0.395677109375 0.44278446562499996 0.40859165624999993 0.44278446562499996 0.40859165624999993 0.43207017499999995 0.395677109375 0.43207017499999995
2 0.3767357734375 0.43207017499999995 0.3767357734375 0.445845690625 0.38362353125 0.445845690625 0.38362353125 0.43207017499999995 0.3767357734375 0.43207017499999995
2 0.3819015921875 0.43207017499999995 0.3819015921875 0.44737630624999997 0.395677109375 0.44737630624999997 0.395677109375 0.43207017499999995 0.3819015921875 0.43207017499999995
2 0.305275284375 0.43513140312500004 0.305275284375 0.448906915625 0.3250775890625 0.448906915625 0.3250775890625 0.43513140312500004 0.305275284375 0.43513140312500004
2 0.3478317890625 0.4346940734375 0.3478317890625 0.4484695921875 0.3616073046875 0.4484695921875 0.3616073046875 0.4346940734375 0.3478317890625 0.4346940734375
2 0.44081652499999996 0.42244917031250007 0.44081652499999996 0.4316328453125 0.44770428281249997 0.4316328453125 0.44770428281249997 0.42244917031250007 0.44081652499999996 0.42244917031250007
2 0.44770428281249997 0.4239797828125 0.44770428281249997 0.43316346093749997 0.45717495 0.43316346093749997 0.45717495 0.4239797828125 0.44770428281249997 0.4239797828125
2 0.460618828125 0.42244917031250007 0.460618828125 0.43316346093749997 0.4692285296875 0.43316346093749997 0.4692285296875 0.42244917031250007 0.460618828125 0.42244917031250007
2 0.4580359203125 0.4270410078125 0.4580359203125 0.4438777515625 0.46750658749999996 0.4438777515625 0.46750658749999996 0.4270410078125 0.4580359203125 0.4270410078125
2 0.475255315625 0.4316328484375 0.475255315625 0.4469389796875 0.48472598125 0.4469389796875 0.48472598125 0.4316328484375 0.475255315625 0.4316328484375
2 0.46320173750000004 0.4301022328125 0.46320173750000004 0.45918387968749996 0.4838650140625 0.45918387968749996 0.4838650140625 0.4301022328125 0.46320173750000004 0.4301022328125
2 0.418431309375 0.4301022328125 0.418431309375 0.498979815625 0.46836755625000004 0.498979815625 0.46836755625000004 0.4301022328125 0.418431309375 0.4301022328125
2 0.4996494703125 0.4285716234375 0.4996494703125 0.488265528125 0.5426979578125 0.488265528125 0.5426979578125 0.4285716234375 0.4996494703125 0.4285716234375
2 0.5538905640625 0.4285716234375 0.5538905640625 0.4806124625 0.5969390546875 0.4806124625 0.5969390546875 0.4285716234375 0.5538905640625 0.4285716234375
2 1 0.410204265625 0.87000995625 0.410204265625 0.87000995625 0.778235825 1 0.778235825 1 0.410204265625