2 0.2003905546875 0.343660590625 0.2003905546875 0.3605355859375 0.2130468015625 0.3605355859375 0.2130468015625 0.343660590625 0.2003905546875 0.343660590625
2 0.259453034375 0.35517844374999996 0.259453034375 0.38142843437499996 0.2742186546875 0.38142843437499996 0.2742186546875 0.35517844374999996 0.259453034375 0.35517844374999996
2 0.23941397812499998 0.3626784421875 0.23941397812499998 0.3983034296875 0.2626170953125 0.3983034296875 0.2626170953125 0.3626784421875 0.23941397812499998 0.3626784421875
2 0.278437403125 0.347142728125 0.278437403125 0.3621427203125 0.288984275 0.3621427203125 0.288984275 0.347142728125 0.278437403125 0.347142728125
2 0.2721092796875 0.36589272031250003 0.2721092796875 0.390267709375 0.30374989375 0.390267709375 0.30374989375 0.36589272031250003 0.2721092796875 0.36589272031250003
2 0.152929634375 0.3626784421875 0.152929634375 0.4001784265625 0.2077733640625 0.4001784265625 0.2077733640625 0.3626784421875 0.152929634375 0.3626784421875
6 0.06222654062500001 0.3171427375 0.06222654062500001 0.3583927234375 0.12234370624999999 0.3583927234375 0.12234370624999999 0.3171427375 0.06222654062500001 0.3171427375
2 0 0.533035528125 0.178242125 0.533035528125 0.178242125 0.34928559375 0 0.34928559375 0 0.533035528125
2 0.328007696875 0.356517721875 0.328007696875 0.37901771875 0.33960925625 0.37901771875 0.33960925625 0.356517721875 0.328007696875 0.356517721875
2 0.42292954062500004 0.364017721875 0.42292954062500004 0.39776770781250004 0.43874984531249994 0.39776770781250004 0.43874984531249994 0.364017721875 0.42292954062500004 0.364017721875
2 0.41449204218749996 0.377142715625 0.41449204218749996 0.3996427109375 0.42398422656249996 0.3996427109375 0.42398422656249996 0.377142715625 0.41449204218749996 0.377142715625
2 0.3902342390625 0.37151771875 0.3902342390625 0.4183926984375 0.42187485156250004 0.4183926984375 0.42187485156250004 0.37151771875 0.3902342390625 0.37151771875
2 0.4408592203125 0.37366058125 0.4408592203125 0.41491056562499995 0.4640623375 0.41491056562499995 0.4640623375 0.37366058125 0.4408592203125 0.37366058125
2 0.31957019999999997 0.3699105828125 0.31957019999999997 0.47866054374999994 0.4049998578125 0.47866054374999994 0.4049998578125 0.3699105828125 0.31957019999999997 0.3699105828125
2 0.5041404484374999 0.382767715625 0.5041404484374999 0.41839269999999995 0.5378904375 0.41839269999999995 0.5378904375 0.382767715625 0.5041404484374999 0.382767715625
2 0.5380411109375001 0.38089271406249997 0.5380411109375001 0.427767696875 0.57917390625 0.427767696875 0.57917390625 0.38089271406249997 0.5380411109375001 0.38089271406249997