2 0.47083219062500004 0.526829484375 0.47083219062500004 0.549358378125 0.4825298828125 0.549358378125 0.4825298828125 0.526829484375 0.47083219062500004 0.526829484375
2 0.45426045625 0.5233635015625 0.45426045625 0.559756328125 0.4698573828125 0.559756328125 0.4698573828125 0.5233635015625 0.45426045625 0.5233635015625
2 0.44353756874999994 0.52509649375 0.44353756874999994 0.564955303125 0.4649833421875 0.564955303125 0.4649833421875 0.52509649375 0.44353756874999994 0.52509649375
2 0.42989026093750005 0.5233635015625 0.42989026093750005 0.5788192359375001 0.45133603281249995 0.5788192359375001 0.45133603281249995 0.5233635015625 0.42989026093750005 0.5233635015625
2 0.3431323625 0.4817717 0.3431323625 0.6169450546874999 0.4347642984375 0.6169450546874999 0.4347642984375 0.4817717 0.3431323625 0.4817717
2 0.30998889531249996 0.4835046921875 0.30998889531249996 0.655070871875 0.40746967968750003 0.655070871875 0.40746967968750003 0.4835046921875 0.30998889531249996 0.4835046921875
2 0.2203065734375 0.497368625 0.2203065734375 0.7139925921875 0.364578134375 0.7139925921875 0.364578134375 0.497368625 0.2203065734375 0.497368625
2 0.4971520015625 0.51989751875 0.4971520015625 0.5476253859375 0.5088496953125 0.5476253859375 0.5088496953125 0.51989751875 0.4971520015625 0.51989751875
2 0.5069000796875 0.52509649375 0.5069000796875 0.564955303125 0.529320659375 0.564955303125 0.529320659375 0.52509649375 0.5069000796875 0.52509649375
2 0.5205473890625 0.50949956875 0.5205473890625 0.5909501796875001 0.54589239375 0.5909501796875001 0.54589239375 0.50949956875 0.5205473890625 0.50949956875
2 0.536144315625 0.51469854375 0.536144315625 0.6065471046875001 0.5634389359374999 0.6065471046875001 0.5634389359374999 0.51469854375 0.536144315625 0.51469854375
2 0.5478420093749999 0.5181645265625 0.5478420093749999 0.6256100109375 0.599506825 0.6256100109375 0.599506825 0.5181645265625 0.5478420093749999 0.5181645265625
2 0.5634389343749999 0.5233635015625 0.5634389343749999 0.6758667734375 0.6531212578125001 0.6758667734375 0.6531212578125001 0.5233635015625 0.5634389343749999 0.5233635015625
2 0.6024312484375 0.5181645265625 0.6024312484375 0.7451864421875001 0.7545012718749999 0.7451864421875001 0.7545012718749999 0.5181645265625 0.6024312484375 0.5181645265625
2 0 0.88382578125 0.2973163921875 0.88382578125 0.2973163921875 0.42458297187499994 0 0.42458297187499994 0 0.88382578125
2 0.689189146875 0.339666378125 0.689189146875 0.9878052828125 0.9991780421875 0.9878052828125 0.9991780421875 0.339666378125 0.689189146875 0.339666378125