2 0.768148584375 0.36392826093749997 0.768148584375 0.717458575 0.9994969890625001 0.717458575 0.9994969890625001 0.36392826093749997 0.768148584375 0.36392826093749997
2 0.5634389343749999 0.3500643296875 0.5634389343749999 0.42804895624999995 0.616078559375 0.42804895624999995 0.616078559375 0.3500643296875 0.5634389343749999 0.3500643296875
2 0.25539965468750003 0.3569962953125 0.25539965468750003 0.419383996875 0.3216865875 0.419383996875 0.3216865875 0.3569962953125 0.25539965468750003 0.3569962953125
2 0.31681254999999997 0.34313235937500003 0.31681254999999997 0.40725305624999997 0.3470315921875 0.40725305624999997 0.3470315921875 0.34313235937500003 0.31681254999999997 0.34313235937500003
2 0.3441071703125 0.3552633046875 0.3441071703125 0.398588096875 0.3636033265625 0.398588096875 0.3636033265625 0.3552633046875 0.3441071703125 0.3552633046875
2 0.3597040953125 0.3500643296875 0.3597040953125 0.4020540796875 0.37920025156250003 0.4020540796875 0.37920025156250003 0.3500643296875 0.3597040953125 0.3500643296875
2 0.3782254453125 0.35179731875 0.3782254453125 0.39165612968749997 0.3977216 0.39165612968749997 0.3977216 0.35179731875 0.3782254453125 0.35179731875
2 0.3840742921875 0.34313235937500003 0.3840742921875 0.37952518749999997 0.40746967968750003 0.37952518749999997 0.40746967968750003 0.34313235937500003 0.3840742921875 0.34313235937500003
2 0.406494871875 0.3569962953125 0.406494871875 0.3847241625 0.4230666046875 0.3847241625 0.4230666046875 0.3569962953125 0.406494871875 0.3569962953125
2 0.543942778125 0.36392826093749997 0.543942778125 0.4107190375 0.5634389343749999 0.4107190375 0.5634389343749999 0.36392826093749997 0.543942778125 0.36392826093749997
2 0.5283458515625 0.36392826093749997 0.5283458515625 0.40552006250000006 0.5507664328125 0.40552006250000006 0.5507664328125 0.36392826093749997 0.5283458515625 0.36392826093749997
2 0.5205473890625 0.3569962953125 0.5205473890625 0.39338912187499997 0.536144315625 0.39338912187499997 0.536144315625 0.3569962953125 0.5205473890625 0.3569962953125
2 0.5107993109375 0.3621952703125 0.5107993109375 0.38819014687500003 0.5205473890625 0.38819014687500003 0.5205473890625 0.3621952703125 0.5107993109375 0.3621952703125
2 0.486429115625 0.35179731875 0.486429115625 0.3812581796875 0.5030008484375 0.3812581796875 0.5030008484375 0.35179731875 0.486429115625 0.35179731875
2 0.47570622812499996 0.3621952703125 0.47570622812499996 0.37432621250000003 0.48545430781250004 0.37432621250000003 0.48545430781250004 0.3621952703125 0.47570622812499996 0.3621952703125
2 0.464008534375 0.3569962953125 0.464008534375 0.37432621250000003 0.4737566125 0.37432621250000003 0.4737566125 0.3569962953125 0.464008534375 0.3569962953125
2 0.45426045625 0.3569962953125 0.45426045625 0.3691272375 0.46205891875000005 0.3691272375 0.46205891875000005 0.3569962953125 0.45426045625 0.3569962953125