4 0.7727393328125001 0.5699996015625 0.7727393328125001 0.7012495109375 0.8096533703125001 0.7012495109375 0.8096533703125001 0.5699996015625 0.7727393328125001 0.5699996015625
2 0.42469269687500005 0.558280859375 0.42469269687500005 0.595780834375 0.43787628125 0.595780834375 0.43787628125 0.558280859375 0.42469269687500005 0.558280859375
2 0.4154641875 0.558280859375 0.4154641875 0.59812458125 0.4299661296875 0.59812458125 0.4299661296875 0.558280859375 0.4154641875 0.558280859375
2 0.4088723953125 0.56062460625 0.4088723953125 0.60281208125 0.420737621875 0.60281208125 0.420737621875 0.56062460625 0.4088723953125 0.56062460625
2 0.3983255265625 0.5653121046875 0.3983255265625 0.602812078125 0.4128274703125 0.602812078125 0.4128274703125 0.5653121046875 0.3983255265625 0.5653121046875
2 0.3772317921875 0.54421836875 0.3772317921875 0.6145308203125001 0.40359896093750003 0.6145308203125001 0.40359896093750003 0.54421836875 0.3772317921875 0.54421836875
2 0.5354348078125 0.5629683562500001 0.5354348078125 0.6051558265625 0.55257346875 0.6051558265625 0.55257346875 0.5629683562500001 0.5354348078125 0.5629683562500001
2 0.487973903125 0.54656211875 0.487973903125 0.57703084375 0.5169777890625 0.57703084375 0.5169777890625 0.54656211875 0.487973903125 0.54656211875
1 0.44710479062499997 0.5231246328125 0.44710479062499997 0.5957808328125 0.4770708234375 0.5957808328125 0.4770708234375 0.5231246328125 0.44710479062499997 0.5231246328125
1 0.5459816765625 0.4785934140625 0.5459816765625 0.642655803125 0.6488136375 0.642655803125 0.6488136375 0.4785934140625 0.5459816765625 0.4785934140625
2 0.487973903125 0.5653121046875 0.487973903125 0.6215620640624999 0.524887940625 0.6215620640624999 0.524887940625 0.5653121046875 0.487973903125 0.5653121046875
1 0 0.8629681484375 0.379868509375 0.8629681484375 0.379868509375 0.08953118125000001 0 0.08953118125000001 0 0.8629681484375
2 0.4770708234375 0.559478290625 0.4770708234375 0.59360149375 0.48906725937499995 0.59360149375 0.48906725937499995 0.559478290625 0.4770708234375 0.559478290625