2 0.67907121875 0.36314154374999996 0.67907121875 0.42967129374999996 0.7507986046874999 0.42967129374999996 0.7507986046874999 0.36314154374999996 0.67907121875 0.36314154374999996
2 0.654122565625 0.374229834375 0.654122565625 0.41858300000000004 0.6915455500000001 0.41858300000000004 0.6915455500000001 0.374229834375 0.654122565625 0.374229834375
2 0.6147548656249999 0.3700717265625 0.6147548656249999 0.415810928125 0.654122565625 0.415810928125 0.654122565625 0.3700717265625 0.6147548656249999 0.3700717265625
2 0.5395146796875 0.3825460546875 0.5395146796875 0.404722634375 0.5800562453125 0.404722634375 0.5800562453125 0.3825460546875 0.5395146796875 0.3825460546875
2 0.0007796468749999999 0.415810928125 0.0007796468749999999 0.45046184375 0.02728759375 0.45046184375 0.02728759375 0.415810928125 0.0007796468749999999 0.415810928125
2 0.0163725546875 0.4116528171875 0.0163725546875 0.44907579999999997 0.0732866734375 0.44907579999999997 0.0732866734375 0.4116528171875 0.0163725546875 0.4116528171875
2 0.04210085625 0.39502038125 0.04210085625 0.418582996875 0.0701680921875 0.418582996875 0.0701680921875 0.39502038125 0.04210085625 0.39502038125
2 0.014813264062500001 0.4033365984375 0.014813264062500001 0.41719696562499997 0.038202628125 0.41719696562499997 0.038202628125 0.4033365984375 0.014813264062500001 0.4033365984375
2 0.0764052578125 0.399178490625 0.0764052578125 0.4171969640625 0.10291320468750001 0.4171969640625 0.10291320468750001 0.399178490625 0.0764052578125 0.399178490625
2 0.0740663203125 0.415810928125 0.0740663203125 0.44353165624999996 0.1005742671875 0.44353165624999996 0.1005742671875 0.415810928125 0.0740663203125 0.415810928125
2 0.09511675 0.408880746875 0.09511675 0.439373546875 0.1559290984375 0.439373546875 0.1559290984375 0.408880746875 0.09511675 0.408880746875
2 0.1660644890625 0.404722634375 0.1660644890625 0.43521543749999997 0.21050428124999998 0.43521543749999997 0.21050428124999998 0.404722634375 0.1660644890625 0.404722634375
2 0.2050467640625 0.4061086734375 0.2050467640625 0.43382940000000003 0.2268768390625 0.43382940000000003 0.2268768390625 0.4061086734375 0.2050467640625 0.4061086734375
2 0.2276564828125 0.4033365984375 0.2276564828125 0.4255131828125 0.2502662015625 0.4255131828125 0.2502662015625 0.4033365984375 0.2276564828125 0.4033365984375
2 0.28612989375 0.40749470781249997 0.28612989375 0.41996903750000003 0.2931467046875 0.41996903750000003 0.2931467046875 0.40749470781249997 0.28612989375 0.40749470781249997
2 0.2954856421875 0.40749470781249997 0.2954856421875 0.41858300000000004 0.31107855 0.41858300000000004 0.31107855 0.40749470781249997 0.2954856421875 0.40749470781249997
2 0.3126378421875 0.40195056406249996 0.3126378421875 0.4324433671875 0.3274511046875 0.4324433671875 0.3274511046875 0.40195056406249996 0.3126378421875 0.40195056406249996
2 0.3375864984375 0.4033365984375 0.3375864984375 0.42412714687499997 0.3516201171875 0.42412714687499997 0.3516201171875 0.4033365984375 0.3375864984375 0.4033365984375
2 0.407754590625 0.404722634375 0.407754590625 0.42412714375 0.41711033437499995 0.42412714375 0.41711033437499995 0.404722634375 0.407754590625 0.404722634375
2 0.38748380937500004 0.4061086734375 0.38748380937500004 0.43244336875 0.40931388281250003 0.43244336875 0.40931388281250003 0.4061086734375 0.38748380937500004 0.4061086734375
2 0.3757891265625 0.404722634375 0.3757891265625 0.4463037296875 0.3968395546875 0.4463037296875 0.3968395546875 0.404722634375 0.3757891265625 0.404722634375
2 0.251045846875 0.39779245625000004 0.251045846875 0.45046184062499994 0.2915874140625 0.45046184062499994 0.2915874140625 0.39779245625000004 0.251045846875 0.39779245625000004
2 0.34616259843749997 0.4061086734375 0.34616259843749997 0.46016409375 0.38748380937500004 0.46016409375 0.38748380937500004 0.4061086734375 0.34616259843749997 0.4061086734375
2 0.3173157125 0.40749470781249997 0.3173157125 0.44768976406250005 0.3477218875 0.44768976406250005 0.3477218875 0.40749470781249997 0.3173157125 0.40749470781249997
2 0.4134801140625 0.3899382515625 0.4134801140625 0.4578540390625 0.45558096875 0.4578540390625 0.45558096875 0.3899382515625 0.4134801140625 0.3899382515625
2 0.584596290625 0.3732338 0.584596290625 0.4106760453125 0.624378675 0.4106760453125 0.624378675 0.3732338 0.584596290625 0.3732338