2 0.3933521109375 0.480655240625 0.3933521109375 0.5205652421875 0.41287330781250003 0.5205652421875 0.41287330781250003 0.480655240625 0.3933521109375 0.480655240625
2 0.3630942578125 0.46677350000000006 0.3630942578125 0.5309765453125 0.3962802890625 0.5309765453125 0.3962802890625 0.46677350000000006 0.3630942578125 0.46677350000000006
2 0.174714709375 0.4615678484375 0.174714709375 0.57435698125 0.369926675 0.57435698125 0.369926675 0.4615678484375 0.174714709375 0.4615678484375
2 0.48314961562500003 0.47718480625000004 0.48314961562500003 0.5275061125 0.517311709375 0.5275061125 0.517311709375 0.47718480625000004 0.48314961562500003 0.47718480625000004
2 0.52316806875 0.46850871875 0.52316806875 0.529241328125 0.55928228125 0.529241328125 0.55928228125 0.46850871875 0.52316806875 0.46850871875
2 0.5387850249999999 0.489331328125 0.5387850249999999 0.5431230703125001 0.5836837781249999 0.5431230703125001 0.5836837781249999 0.489331328125 0.5387850249999999 0.489331328125
2 0.5846598375000001 0.487596109375 0.5846598375000001 0.5379174171875001 0.619797990625 0.5379174171875001 0.619797990625 0.487596109375 0.5846598375000001 0.487596109375
2 0.6354149484375 0.47197915156250003 0.6354149484375 0.51709480625 0.6812897625 0.51709480625 0.6812897625 0.47197915156250003 0.6354149484375 0.47197915156250003
2 0.63248676875 0.49974263125 0.63248676875 0.5795626359375 0.747661828125 0.5795626359375 0.747661828125 0.49974263125 0.63248676875 0.49974263125
2 0.6939785374999999 0.489331328125 0.6939785374999999 0.5275061125 0.743757590625 0.5275061125 0.743757590625 0.489331328125 0.6939785374999999 0.489331328125
2 0.8003690593749999 0.4823904578125 0.8003690593749999 0.5500639390625001 0.9048074609375 0.5500639390625001 0.9048074609375 0.4823904578125 0.8003690593749999 0.4823904578125
2 1 0.5101539390625 0.8501481109375 0.5101539390625 0.8501481109375 0.5934443765624999 1 0.5934443765624999 1 0.5101539390625
2 0.4710726046875 0.48696649062499997 0.4710726046875 0.512558890625 0.4866679734375 0.512558890625 0.4866679734375 0.48696649062499997 0.4710726046875 0.48696649062499997