2 0.0595822828125 0.31668831875 0.0595822828125 0.457515771875 0.224842084375 0.457515771875 0.224842084375 0.31668831875 0.0595822828125 0.31668831875
2 0.551264334375 0.32882861874999997 0.551264334375 0.39924234375 0.6045298906250001 0.39924234375 0.6045298906250001 0.32882861874999997 0.551264334375 0.32882861874999997
2 0.36551778125 0.3239724984375 0.36551778125 0.36767756875 0.40102815156249993 0.36767756875 0.40102815156249993 0.3239724984375 0.36551778125 0.3239724984375
2 0.41332020312499995 0.31668831875 0.41332020312499995 0.350681153125 0.43517273906250004 0.350681153125 0.43517273906250004 0.31668831875 0.41332020312499995 0.31668831875
2 0.4870725109375 0.3239724984375 0.4870725109375 0.340968915625 0.49799877812500004 0.340968915625 0.49799877812500004 0.3239724984375 0.4870725109375 0.3239724984375
2 0.5034619124999999 0.3191163796875 0.5034619124999999 0.3385408546875 0.5130223968750001 0.3385408546875 0.5130223968750001 0.3191163796875 0.5034619124999999 0.3191163796875
2 0.19616063125 0.31668831875 0.19616063125 0.3652495109375 0.23713413593750002 0.3652495109375 0.23713413593750002 0.31668831875 0.19616063125 0.31668831875
2 0.22347630000000002 0.3118322015625 0.22347630000000002 0.36767756875 0.29039969062500004 0.36767756875 0.29039969062500004 0.3118322015625 0.22347630000000002 0.3118322015625
2 0.2535235375 0.3118322015625 0.2535235375 0.3628214515625 0.3067890921875 0.3628214515625 0.3067890921875 0.3118322015625 0.2535235375 0.3118322015625
2 0.5266802312500001 0.32882861874999997 0.5266802312500001 0.3628214515625 0.5539959 0.3628214515625 0.5539959 0.32882861874999997 0.5266802312500001 0.32882861874999997
2 0.693305815625 0.32640055625 0.693305815625 0.3871020453125 0.7738870421875 0.3871020453125 0.7738870421875 0.32640055625 0.693305815625 0.32640055625
2 0.76432655625 0.30454802187499996 0.76432655625 0.40652652187499994 0.873589234375 0.40652652187499994 0.873589234375 0.30454802187499996 0.76432655625 0.30454802187499996
2 0.7438398046875 0.34339697343750003 0.7438398046875 0.3968142828125 0.7902764421875 0.3968142828125 0.7902764421875 0.34339697343750003 0.7438398046875 0.34339697343750003
2 0.5157539640625 0.3239724984375 0.5157539640625 0.34339697343750003 0.5321433640625 0.34339697343750003 0.5321433640625 0.3239724984375 0.5157539640625 0.3239724984375
2 0.43517273906250004 0.3215444390625 0.43517273906250004 0.3531092140625 0.4447332234375 0.3531092140625 0.4447332234375 0.3215444390625 0.43517273906250004 0.3215444390625
2 0.30491116093750004 0.3277880328125 0.30491116093750004 0.3593528078125 0.3376899640625 0.3593528078125 0.3376899640625 0.3277880328125 0.30491116093750004 0.3277880328125