2 0.25979778593749997 0.49197571093750003 0.25979778593749997 0.53890503125 0.3002743234375 0.53890503125 0.3002743234375 0.49197571093750003 0.25979778593749997 0.49197571093750003
2 0.3117133484375 0.499797265625 0.3117133484375 0.5654983140625001 0.36186905937499997 0.5654983140625001 0.36186905937499997 0.499797265625 0.3117133484375 0.499797265625
2 0.173565159375 0.49823295468750006 0.173565159375 0.60460608125 0.26859703281249997 0.60460608125 0.26859703281249997 0.49823295468750006 0.173565159375 0.49823295468750006
2 0.0679741890625 0.493540021875 0.0679741890625 0.6311993640625 0.2158015484375 0.6311993640625 0.2158015484375 0.493540021875 0.0679741890625 0.493540021875
2 0.0002199828125 0.493540021875 0.0002199828125 0.6734357515625 0.08469275937500001 0.6734357515625 0.08469275937500001 0.493540021875 0.0002199828125 0.493540021875
1 0.49561762187499997 0.40437431406249996 0.49561762187499997 0.590527284375 0.6425650578125001 0.590527284375 0.6425650578125001 0.40437431406249996 0.49561762187499997 0.40437431406249996
2 0.5378540109375 0.5091831296875 0.5378540109375 0.6390209171875 0.6452048312499999 0.6390209171875 0.6452048312499999 0.5091831296875 0.5378540109375 0.5091831296875
2 0.7191185109375 0.515440371875 0.7191185109375 0.5717555562500001 0.772793921875 0.5717555562500001 0.772793921875 0.515440371875 0.7191185109375 0.515440371875
2 0.65488400625 0.5279548593750001 0.65488400625 0.6484067812500001 0.7648746 0.6484067812500001 0.7648746 0.5279548593750001 0.65488400625 0.5279548593750001
2 0.7591550890625001 0.5373407234375 0.7591550890625001 0.6437138484375 0.8524271140625 0.6437138484375 0.8524271140625 0.5373407234375 0.7591550890625001 0.5373407234375
2 0.8163501984374999 0.49197571093750003 0.8163501984374999 0.6421495359375 0.963297634375 0.6421495359375 0.963297634375 0.49197571093750003 0.8163501984374999 0.49197571093750003
2 0.75917080625 0.47018711875 0.75917080625 0.9285301515625 0.997630415625 0.9285301515625 0.997630415625 0.47018711875 0.75917080625 0.47018711875
2 0.3667243609375 0.420129178125 0.3667243609375 0.6625973328125 0.4978331515625 0.6625973328125 0.4978331515625 0.420129178125 0.3667243609375 0.420129178125