2 0.40896064218749995 0.49285736562500004 0.40896064218749995 0.5051022703125 0.4270410078125 0.5051022703125 0.4270410078125 0.49285736562500004 0.40896064218749995 0.49285736562500004
2 0.4261800375 0.49285736562500004 0.4261800375 0.5066328828125 0.4390945859375 0.5066328828125 0.4390945859375 0.49285736562500004 0.4261800375 0.49285736562500004
2 0.42876294843749996 0.50051043125 0.42876294843749996 0.5142859484375 0.44081652499999996 0.5142859484375 0.44081652499999996 0.50051043125 0.42876294843749996 0.50051043125
2 0.42962391718750004 0.5081634937499999 0.42962391718750004 0.5265308484375 0.44167749375 0.5265308484375 0.44167749375 0.5081634937499999 0.42962391718750004 0.5081634937499999
2 0.43392876718749995 0.5112247203125 0.43392876718749995 0.5387757546875 0.4511481625 0.5387757546875 0.4511481625 0.5112247203125 0.43392876718749995 0.5112247203125
2 0.43737264531250003 0.5188777828125 0.43737264531250003 0.5433675921875001 0.45545301250000003 0.5433675921875001 0.45545301250000003 0.5188777828125 0.43737264531250003 0.5188777828125
2 0.44167749375 0.5250002359375 0.44167749375 0.55408188125 0.45975785937499997 0.55408188125 0.45975785937499997 0.5250002359375 0.44167749375 0.5250002359375
2 0.38829736718749996 0.49438797812499996 0.38829736718749996 0.5081634953124999 0.40207288593749996 0.5081634953124999 0.40207288593749996 0.49438797812499996 0.38829736718749996 0.49438797812499996
2 0.37624379218750004 0.49744920312499996 0.37624379218750004 0.5127553328125 0.38571445937500004 0.5127553328125 0.38571445937500004 0.49744920312499996 0.37624379218750004 0.49744920312499996
2 0.36849506249999997 0.49744920312499996 0.36849506249999997 0.5173471703125 0.3779657296875 0.5173471703125 0.3779657296875 0.49744920312499996 0.36849506249999997 0.49744920312499996
2 0.358163425 0.50204104375 0.358163425 0.5234696234375 0.37452185 0.5234696234375 0.37452185 0.50204104375 0.358163425 0.50204104375
2 0.3469708171875 0.5096941078125 0.3469708171875 0.5403063671874999 0.36935603437500003 0.5403063671874999 0.36935603437500003 0.5096941078125 0.3469708171875 0.5096941078125
2 0.339222090625 0.5295920765625 0.339222090625 0.5571431078125 0.35902439531249997 0.5571431078125 0.35902439531249997 0.5295920765625 0.339222090625 0.5295920765625
2 0.30994911875 0.5112247203125 0.30994911875 0.567857396875 0.34955372812499996 0.567857396875 0.34955372812499996 0.5112247203125 0.30994911875 0.5112247203125
2 0.3168368765625 0.5372451390624999 0.3168368765625 0.5693880109375 0.33922209375 0.5693880109375 0.33922209375 0.5372451390624999 0.3168368765625 0.5372451390624999
2 0.30105243593750003 0.5341839140625 0.30105243593750003 0.57091861875 0.320854740625 0.57091861875 0.320854740625 0.5341839140625 0.30105243593750003 0.5341839140625
2 0.2631697671875 0.5142859453125 0.2631697671875 0.5816329125 0.302774375 0.5816329125 0.302774375 0.5142859453125 0.2631697671875 0.5142859453125
2 0.45430505625000006 0.4948981984375 0.45430505625000006 0.562245165625 0.49821451562499997 0.562245165625 0.49821451562499997 0.4948981984375 0.45430505625000006 0.4948981984375
2 0.472098434375 0.5086737140625 0.472098434375 0.56530639375 0.5194517734375 0.56530639375 0.5194517734375 0.5086737140625 0.472098434375 0.5086737140625
2 0.37882669999999996 0.5081634937499999 0.37882669999999996 0.5311226890625 0.3977680359375 0.5311226890625 0.3977680359375 0.5081634937499999 0.37882669999999996 0.5081634937499999
2 0.399489975 0.5219390109375001 0.399489975 0.5617349468749999 0.4270410078125 0.5617349468749999 0.4270410078125 0.5219390109375001 0.399489975 0.5219390109375001
2 0.2255740828125 0.5219390109375001 0.2255740828125 0.590816590625 0.284980996875 0.590816590625 0.284980996875 0.5219390109375001 0.2255740828125 0.5219390109375001
2 0.50754168125 0.49438797812499996 0.50754168125 0.5862247546875 0.5867509015625 0.5862247546875 0.5867509015625 0.49438797812499996 0.50754168125 0.49438797812499996
2 0.6918093937500001 0.3521007625 0.6918093937500001 0.8066928046875 0.9983146328125001 0.8066928046875 0.9983146328125001 0.3521007625 0.6918093937500001 0.3521007625