2 0.9653231718749999 0.5413878515625 0.9653231718749999 0.5882387234374999 0.999485265625 0.5882387234374999 0.999485265625 0.5413878515625 0.9653231718749999 0.5413878515625
2 0.9292089578124999 0.5379174171875001 0.9292089578124999 0.5969148109375 0.9848443671875 0.5969148109375 0.9848443671875 0.5379174171875001 0.9292089578124999 0.5379174171875001
2 0.8813820265625001 0.5327117640625 0.8813820265625001 0.59517959375 0.9418977343750001 0.59517959375 0.9418977343750001 0.5327117640625 0.8813820265625001 0.5327117640625
2 0.8218423781249999 0.5361822 0.8218423781249999 0.5986500296874999 0.9009032234375001 0.5986500296874999 0.9009032234375001 0.5361822 0.8218423781249999 0.5361822
2 0.7115476140625 0.5292413296875 0.7115476140625 0.5760922015625 0.7632787859375 0.5760922015625 0.7632787859375 0.5292413296875 0.7115476140625 0.5292413296875
2 0.6617685640625 0.539652634375 0.6617685640625 0.5760922015625 0.69202641875 0.5760922015625 0.69202641875 0.539652634375 0.6617685640625 0.539652634375
2 0.5407371453125001 0.5205652421875 0.5407371453125001 0.5448582875 0.5495216828125 0.5448582875 0.5495216828125 0.5205652421875 0.5407371453125001 0.5205652421875
2 0.52316806875 0.5309765468750001 0.52316806875 0.557004809375 0.5348807875 0.557004809375 0.5348807875 0.5309765468750001 0.52316806875 0.5309765468750001
2 0.47143689687499996 0.5240356796875 0.47143689687499996 0.55179915625 0.4831496171875 0.55179915625 0.4831496171875 0.5240356796875 0.47143689687499996 0.5240356796875
2 0.462652359375 0.5292413296875 0.462652359375 0.565680896875 0.47826931562499997 0.565680896875 0.47826931562499997 0.5292413296875 0.462652359375 0.5292413296875
2 0.4528917609375 0.5257708937500001 0.4528917609375 0.565680896875 0.4685087171875 0.565680896875 0.4685087171875 0.5257708937500001 0.4528917609375 0.5257708937500001
2 0.4431311625 0.5309765468750001 0.4431311625 0.572621765625 0.46167629843749997 0.572621765625 0.46167629843749997 0.5309765468750001 0.4431311625 0.5309765468750001
2 0.43239450625 0.5309765468750001 0.43239450625 0.5795626359375 0.4519157015625 0.5795626359375 0.4519157015625 0.5309765468750001 0.43239450625 0.5309765468750001
2 0.4255620859375 0.539652634375 0.4255620859375 0.5865035062499999 0.44508328124999996 0.5865035062499999 0.44508328124999996 0.539652634375 0.4255620859375 0.539652634375
2 0.4079930078125 0.539652634375 0.4079930078125 0.600385246875 0.4382508625 0.600385246875 0.4382508625 0.539652634375 0.4079930078125 0.539652634375
2 0.35723789687499996 0.5275061109375 0.35723789687499996 0.62641350625 0.42068178593749994 0.62641350625 0.42068178593749994 0.5275061109375 0.35723789687499996 0.5275061109375
2 0.323075803125 0.5465935046875 0.323075803125 0.65591220625 0.40213665 0.65591220625 0.40213665 0.5465935046875 0.323075803125 0.5465935046875
2 0.229374059375 0.5622104593749999 0.229374059375 0.7097039453125 0.3611421359375 0.7097039453125 0.3611421359375 0.5622104593749999 0.229374059375 0.5622104593749999
4 0.1834992484375 0.51709480625 0.1834992484375 0.6507065515625 0.215709221875 0.6507065515625 0.215709221875 0.51709480625 0.1834992484375 0.51709480625
2 0.47826931562499997 0.51709480625 0.47826931562499997 0.614266984375 0.5329286671875 0.614266984375 0.5329286671875 0.51709480625 0.47826931562499997 0.51709480625
6 0.5426892640625 0.5223004578125 0.5426892640625 0.5899739421875 0.58661195625 0.5899739421875 0.58661195625 0.5223004578125 0.5426892640625 0.5223004578125
2 0.571971059375 0.5379174171875001 0.571971059375 0.6524417703125 0.6559122046875 0.6524417703125 0.6559122046875 0.5379174171875001 0.571971059375 0.5379174171875001
2 0.6715291624999999 0.5448582875 0.6715291624999999 0.65591220625 0.7740154453125 0.65591220625 0.7740154453125 0.5448582875 0.6715291624999999 0.5448582875