2 0.5350411125 0.5950233015624999 0.5350411125 0.6120849015625 0.5494368390625 0.6120849015625 0.5494368390625 0.5950233015624999 0.5350411125 0.5950233015624999
2 0.55543505625 0.5928906015625001 0.55543505625 0.627013803125 0.5686311374999999 0.627013803125 0.5686311374999999 0.5928906015625001 0.55543505625 0.5928906015625001
2 0.5170464578125 0.6078195015625 0.5170464578125 0.6248811 0.5374404015625001 0.6248811 0.5374404015625001 0.6078195015625 0.5170464578125 0.6078195015625
2 0.5086489515625 0.6078195015625 0.5086489515625 0.627013803125 0.5194457453125 0.627013803125 0.5194457453125 0.6078195015625 0.5086489515625 0.6078195015625
2 0.4990518 0.6099522 0.4990518 0.6248810984375 0.5098485953125 0.6248810984375 0.5098485953125 0.6099522 0.4990518 0.6099522
2 0.48945465156249995 0.6099522 0.48945465156249995 0.6291465015625 0.4990518 0.6291465015625 0.4990518 0.6099522 0.48945465156249995 0.6099522
2 0.4822567875 0.6099522 0.4822567875 0.6270138000000001 0.49425322656250004 0.6270138000000001 0.49425322656250004 0.6099522 0.4822567875 0.6099522
2 0.4702603515625 0.612084903125 0.4702603515625 0.6270138015625 0.48585572031249996 0.6270138015625 0.48585572031249996 0.612084903125 0.4702603515625 0.612084903125
2 0.43667032656250004 0.6163503015625 0.43667032656250004 0.6376773015625 0.45106605312500003 0.6376773015625 0.45106605312500003 0.6163503015625 0.43667032656250004 0.6163503015625
2 0.427073178125 0.6184830031249999 0.427073178125 0.6355446031249999 0.441468903125 0.6355446031249999 0.441468903125 0.6184830031249999 0.427073178125 0.6184830031249999
2 0.4054795875 0.6142176015625 0.4054795875 0.6440754015625 0.4294724625 0.6440754015625 0.4294724625 0.6142176015625 0.4054795875 0.6142176015625
2 0.3850856453125 0.6099522 0.3850856453125 0.6334119 0.40188065625 0.6334119 0.40188065625 0.6099522 0.3850856453125 0.6099522
2 0.3670909875 0.6078195015625 0.3670909875 0.6355446031249999 0.388684575 0.6355446031249999 0.388684575 0.6078195015625 0.3670909875 0.6078195015625
2 0.3239038140625 0.6142176015625 0.3239038140625 0.6504735015625001 0.35749383749999997 0.6504735015625001 0.35749383749999997 0.6142176015625 0.3239038140625 0.6142176015625
2 0.27471841874999997 0.627013803125 0.27471841874999997 0.6547389031249999 0.3047095109375 0.6547389031249999 0.3047095109375 0.627013803125 0.27471841874999997 0.627013803125
2 0.3047095140625 0.6248811 0.3047095140625 0.6483408015625 0.3215045265625 0.6483408015625 0.3215045265625 0.6248811 0.3047095140625 0.6248811
2 0.23992875156250001 0.6248811 0.23992875156250001 0.665402403125 0.2735187765625 0.665402403125 0.2735187765625 0.6248811 0.23992875156250001 0.6248811
2 0.2051390828125 0.627013803125 0.2051390828125 0.6632697046875 0.2375294625 0.6632697046875 0.2375294625 0.627013803125 0.2051390828125 0.627013803125
2 0.1799465640625 0.6291465015625 0.1799465640625 0.6590043015625 0.20753836875 0.6590043015625 0.20753836875 0.6291465015625 0.1799465640625 0.6291465015625
2 0.10556865 0.5992887015624999 0.10556865 0.6973929015625 0.1799465640625 0.6973929015625 0.1799465640625 0.5992887015624999 0.10556865 0.5992887015624999
2 0 0.78056820625 0.1271622375 0.78056820625 0.1271622375 0.5715636015625 0 0.5715636015625 0 0.78056820625