2 0.5003416046875 0.612334346875 0.5003416046875 0.6338197609375 0.5124271515625 0.6338197609375 0.5124271515625 0.612334346875 0.5003416046875 0.612334346875
2 0.48019902812500004 0.6087534453125001 0.48019902812500004 0.6338197640625001 0.496313090625 0.6338197640625001 0.496313090625 0.6087534453125001 0.48019902812500004 0.6087534453125001
2 0.51645566875 0.6051725421875 0.51645566875 0.6284484109374999 0.52652695625 0.6284484109374999 0.52652695625 0.6051725421875 0.51645566875 0.6051725421875
2 0.5275340859375001 0.61591525 0.5275340859375001 0.6356102140625 0.538612503125 0.6356102140625 0.538612503125 0.61591525 0.5275340859375001 0.61591525
2 0.5345839859375 0.6105438953125 0.5345839859375 0.64277201875 0.55271230625 0.64277201875 0.55271230625 0.6105438953125 0.5345839859375 0.6105438953125
2 0.5436481468750001 0.612334346875 0.5436481468750001 0.655305178125 0.5637907234374999 0.655305178125 0.5637907234374999 0.612334346875 0.5436481468750001 0.612334346875
2 0.5537194359375001 0.6105438953125 0.5537194359375001 0.6821619484375 0.5980331062500001 0.6821619484375 0.5980331062500001 0.6105438953125 0.5537194359375001 0.6105438953125
2 0.577890528125 0.6302388609375 0.577890528125 0.7340850375 0.6453681625 0.7340850375 0.6453681625 0.6302388609375 0.577890528125 0.6302388609375
2 0.620189940625 0.6033820921874999 0.620189940625 0.63919111875 0.65745370625 0.63919111875 0.65745370625 0.6033820921874999 0.620189940625 0.6033820921874999
6 0.7108315390625 0.57294441875 0.7108315390625 0.7842176750000001 0.8709650265625 0.7842176750000001 0.8709650265625 0.57294441875 0.7108315390625 0.57294441875
2 0.620189940625 0.6033820921874999 0.620189940625 0.834350309375 0.80046600625 0.834350309375 0.80046600625 0.6033820921874999 0.620189940625 0.6033820921874999
6 0.9283713718750001 0.5693635171875 0.9283713718750001 0.8074935421875 0.9988703921875001 0.8074935421875 0.9988703921875001 0.5693635171875 0.9283713718750001 0.5693635171875
2 0.4560279359375 0.6069629937500001 0.4560279359375 0.6212866046875 0.4691206125 0.6212866046875 0.4691206125 0.6069629937500001 0.4560279359375 0.6069629937500001
6 0.42883545781250004 0.594429834375 0.42883545781250004 0.6266579578125 0.4499851625 0.6266579578125 0.4499851625 0.594429834375 0.42883545781250004 0.594429834375
6 0.4177570390625 0.594429834375 0.4177570390625 0.619496153125 0.43084971562499996 0.619496153125 0.43084971562499996 0.594429834375 0.4177570390625 0.594429834375
6 0.3996287203125 0.5836871265625 0.3996287203125 0.6266579578125 0.4197712953125 0.6266579578125 0.4197712953125 0.5836871265625 0.3996287203125 0.5836871265625
2 0.372436240625 0.594429834375 0.372436240625 0.62486750625 0.391571690625 0.62486750625 0.391571690625 0.594429834375 0.372436240625 0.594429834375
6 0.3402081171875 0.57473486875 0.3402081171875 0.62486750625 0.3754576265625 0.62486750625 0.3754576265625 0.57473486875 0.3402081171875 0.57473486875
2 0.2425166171875 0.57473486875 0.2425166171875 0.6785810453125001 0.3371867296875 0.6785810453125001 0.3371867296875 0.57473486875 0.2425166171875 0.57473486875
2 0.0008056906250000001 0.55503990625 0.0008056906250000001 0.7108091703125 0.05720490625 0.7108091703125 0.05720490625 0.55503990625 0.0008056906250000001 0.55503990625