2 0.42930305625000004 0.3139532671875 0.42930305625000004 0.3520761640625 0.45579286249999995 0.3520761640625 0.45579286249999995 0.3139532671875 0.42930305625000004 0.3139532671875
2 0.41038176562500006 0.3161957890625 0.41038176562500006 0.36328878124999997 0.43434873281249997 0.36328878124999997 0.43434873281249997 0.3161957890625 0.41038176562500006 0.3161957890625
2 0.3864147953125 0.3161957890625 0.3864147953125 0.37898644375 0.415427440625 0.37898644375 0.415427440625 0.3161957890625 0.3864147953125 0.3161957890625
2 0.362447828125 0.334135978125 0.362447828125 0.38347149062499997 0.39398331249999996 0.38347149062499997 0.39398331249999996 0.334135978125 0.362447828125 0.334135978125
2 0.33721944062500003 0.334135978125 0.33721944062500003 0.39468410625 0.3700163453125 0.39468410625 0.3700163453125 0.334135978125 0.33721944062500003 0.334135978125
2 0.3006382796875 0.334135978125 0.3006382796875 0.40589672343750005 0.34226511875 0.40589672343750005 0.34226511875 0.334135978125 0.3006382796875 0.334135978125
2 0.250181503125 0.3184383140625 0.250181503125 0.41710934218749995 0.3082067953125 0.41710934218749995 0.3082067953125 0.3184383140625 0.250181503125 0.3184383140625
2 0.5541835734375 0.3206808375 0.5541835734375 0.3453485953125 0.5768891218750001 0.3453485953125 0.5768891218750001 0.3206808375 0.5541835734375 0.3206808375
2 0.5503993140625 0.3520761640625 0.5503993140625 0.4260794359375 0.6059017671875 0.4260794359375 0.6059017671875 0.3520761640625 0.5503993140625 0.3520761640625
2 0.589503315625 0.3565612109375 0.589503315625 0.5045677515625 0.6929397046875 0.5045677515625 0.6929397046875 0.3565612109375 0.589503315625 0.3565612109375
2 0.632391575 0.3206808375 0.632391575 0.6009962546875001 0.8998124828125 0.6009962546875001 0.8998124828125 0.3206808375 0.632391575 0.3206808375
2 0.7925918359375 0.3767439203125 0.7925918359375 0.6929397093749999 0.99820319375 0.6929397093749999 0.99820319375 0.3767439203125 0.7925918359375 0.3767439203125
2 0.1152096296875 0.3027406515625 0.1152096296875 0.4462621453125 0.2590114390625 0.4462621453125 0.2590114390625 0.3027406515625 0.1152096296875 0.3027406515625
2 0.46588421718750006 0.3094682203125 0.46588421718750006 0.3543186875 0.49741970156250004 0.3543186875 0.49741970156250004 0.3094682203125 0.46588421718750006 0.3094682203125
2 0.5150795734375 0.3027406515625 0.5150795734375 0.3386210234375 0.54409221875 0.3386210234375 0.54409221875 0.3027406515625 0.5150795734375 0.3027406515625