2 0.4563333015625 0.43640594374999997 0.4563333015625 0.47390591718749997 0.46688016875000005 0.47390591718749997 0.46688016875000005 0.43640594374999997 0.4563333015625 0.43640594374999997
2 0.44842315 0.441093440625 0.44842315 0.47390591562499995 0.461606734375 0.47390591562499995 0.461606734375 0.441093440625 0.44842315 0.441093440625
2 0.43392120624999997 0.43640594374999997 0.43392120624999997 0.4832809125 0.452378225 0.4832809125 0.452378225 0.43640594374999997 0.43392120624999997 0.43640594374999997
2 0.4194192640625 0.43171844375 0.4194192640625 0.48562465781249997 0.4391946390625 0.48562465781249997 0.4391946390625 0.43171844375 0.4194192640625 0.43171844375
2 0.46688016875000005 0.4434371875 0.46688016875000005 0.466874671875 0.48270047031249996 0.466874671875 0.48270047031249996 0.4434371875 0.46688016875000005 0.4434371875
2 0.4774270359375 0.448124684375 0.4774270359375 0.4645309234375 0.49192897812499997 0.4645309234375 0.49192897812499997 0.448124684375 0.4774270359375 0.448124684375
2 0.5130227140625 0.441093440625 0.5130227140625 0.46218717343750004 0.5235695812500001 0.46218717343750004 0.5235695812500001 0.441093440625 0.5130227140625 0.441093440625
2 0.5196145078125001 0.43406219375 0.5196145078125001 0.4715621703125 0.53411645 0.4715621703125 0.53411645 0.43406219375 0.5196145078125001 0.43406219375
2 0.524887940625 0.43640594374999997 0.524887940625 0.46921842031249994 0.5420266 0.46921842031249994 0.5420266 0.43640594374999997 0.524887940625 0.43640594374999997
2 0.53411645 0.43640594374999997 0.53411645 0.485624659375 0.5525734671875 0.485624659375 0.5525734671875 0.43640594374999997 0.53411645 0.43640594374999997
2 0.5446633171874999 0.4387496921875 0.5446633171874999 0.5020308953125 0.5697121296875001 0.5020308953125 0.5697121296875001 0.4387496921875 0.5446633171874999 0.4387496921875
2 0.547300034375 0.4434371875 0.547300034375 0.5278121312499999 0.6198097515625001 0.5278121312499999 0.6198097515625001 0.4434371875 0.547300034375 0.4434371875
2 0.0858745703125 0.4457809359375 0.0858745703125 0.680155775 0.2743998328125 0.680155775 0.2743998328125 0.4457809359375 0.0858745703125 0.4457809359375
2 0.4932473375 0.448124684375 0.4932473375 0.46921842031249994 0.51170435625 0.46921842031249994 0.51170435625 0.448124684375 0.4932473375 0.448124684375
2 0.353501340625 0.4082809625 0.353501340625 0.5207808843749999 0.42996613124999994 0.5207808843749999 0.42996613124999994 0.4082809625 0.353501340625 0.4082809625
2 0.598716015625 0.4106247109375 0.598716015625 0.6332808062499999 0.7727393328125001 0.6332808062499999 0.7727393328125001 0.4106247109375 0.598716015625 0.4106247109375
2 0 0.8090619359375 0.0924663625 0.8090619359375 0.0924663625 0.48796840625 0 0.48796840625 0 0.8090619359375
2 0.9032568203125001 0.6426558015625 0.9032568203125001 0.949686840625 0.9994969906250001 0.949686840625 0.9994969906250001 0.6426558015625 0.9032568203125001 0.6426558015625