2 0.381065034375 0.6136367984375 0.381065034375 0.65107904375 0.3974460171875 0.65107904375 0.3974460171875 0.6136367984375 0.381065034375 0.6136367984375
2 0.3857453140625 0.6157169234375 0.3857453140625 0.6614796671875001 0.4044664359375 0.6614796671875001 0.4044664359375 0.6157169234375 0.3857453140625 0.6157169234375
2 0.395105875 0.5699541796875 0.395105875 0.7654859046875 0.5179632421875 0.7654859046875 0.5179632421875 0.5699541796875 0.395105875 0.5699541796875
2 0.2874594203125 0.5741144296875 0.2874594203125 0.7134827859375 0.36702419062499997 0.7134827859375 0.36702419062499997 0.5741144296875 0.2874594203125 0.5741144296875
1 0.17864289375 0.5325119328125 0.17864289375 0.6781206656250001 0.2933097703125 0.6781206656250001 0.2933097703125 0.5325119328125 0.17864289375 0.5325119328125
1 0 0.7155629109375 0.10024819375 0.7155629109375 0.10024819375 0.4701081921875 0 0.4701081921875 0 0.7155629109375
4 0.135350296875 0.6136367984375 0.135350296875 0.6698001671875 0.150561209375 0.6698001671875 0.150561209375 0.6136367984375 0.135350296875 0.6136367984375
4 0.774208609375 0.5949156765625 0.774208609375 0.7155629109375 0.80814064375 0.7155629109375 0.80814064375 0.5949156765625 0.774208609375 0.5949156765625
4 0.8923856953125 0.5699541796875 0.8923856953125 0.7717262796875 0.949719134375 0.7717262796875 0.949719134375 0.5699541796875 0.8923856953125 0.5699541796875
4 0.8607938015625001 0.578274678125 0.8607938015625001 0.7654859046875 0.9052564671875001 0.7654859046875 0.9052564671875001 0.578274678125 0.8607938015625001 0.578274678125
4 0.10726861406249999 0.6115566734375 0.10726861406249999 0.6656399171875 0.12481966562499999 0.6656399171875 0.12481966562499999 0.6115566734375 0.10726861406249999 0.6115566734375
4 0.11896931562499999 0.624037421875 0.11896931562499999 0.6718802921875 0.1294999453125 0.6718802921875 0.1294999453125 0.624037421875 0.11896931562499999 0.624037421875
4 0.1482210703125 0.619877171875 0.1482210703125 0.663559790625 0.1622619109375 0.663559790625 0.1622619109375 0.619877171875 0.1482210703125 0.619877171875
4 0.16109184062499998 0.6177970484374999 0.16109184062499998 0.65731941875 0.1751326828125 0.65731941875 0.1751326828125 0.6177970484374999 0.16109184062499998 0.6177970484374999
4 0.521473453125 0.607396425 0.521473453125 0.64691879375 0.532004084375 0.64691879375 0.532004084375 0.607396425 0.521473453125 0.607396425
4 0.5401945765625 0.6032361749999999 0.5401945765625 0.65523929375 0.551895278125 0.65523929375 0.551895278125 0.6032361749999999 0.5401945765625 0.6032361749999999
4 0.547214996875 0.6032361749999999 0.547214996875 0.6656399171875 0.5635959796875001 0.6656399171875 0.5635959796875001 0.6032361749999999 0.547214996875 0.6032361749999999
4 0.6080586453125 0.584515053125 0.6080586453125 0.6614796671875001 0.630289978125 0.6614796671875001 0.630289978125 0.584515053125 0.6080586453125 0.584515053125