2 0.36225372031249997 0.3681820796875 0.36225372031249997 0.44514669375000004 0.41958715937499996 0.44514669375000004 0.41958715937499996 0.3681820796875 0.36225372031249997 0.3681820796875
2 0.3973558265625 0.37026220312499997 0.3973558265625 0.48050881562500003 0.45351919374999994 0.48050881562500003 0.45351919374999994 0.37026220312499997 0.3973558265625 0.37026220312499997
2 0.4289477296875 0.34114045625 0.4289477296875 0.492989565625 0.5232553921875 0.492989565625 0.5232553921875 0.34114045625 0.4289477296875 0.34114045625
2 0.4694321640625 0.3140988359375 0.4694321640625 0.5720343046874999 0.66834409375 0.5720343046874999 0.66834409375 0.3140988359375 0.4694321640625 0.3140988359375
2 0.57406565625 0.3898748125 0.57406565625 0.7601370140625 0.9976310578125 0.7601370140625 0.9976310578125 0.3898748125 0.57406565625 0.3898748125
2 0 0.552124528125 0.15167032656249999 0.552124528125 0.15167032656249999 0.32123068125 0 0.32123068125 0 0.552124528125
2 0.0007312765625 0.385714546875 0.0007312765625 0.61660839375 0.048704153124999996 0.61660839375 0.048704153124999996 0.385714546875 0.0007312765625 0.385714546875
2 0.172000315625 0.35362120625000004 0.172000315625 0.42434544687500003 0.21997319062499998 0.42434544687500003 0.21997319062499998 0.35362120625000004 0.172000315625 0.35362120625000004
2 0.2340140328125 0.376502578125 0.2340140328125 0.4160249484375 0.25858550625 0.4160249484375 0.25858550625 0.376502578125 0.2340140328125 0.376502578125
2 0.18440305625 0.36194170625 0.18440305625 0.4451466953125 0.2405664234375 0.4451466953125 0.2405664234375 0.36194170625 0.18440305625 0.36194170625
2 0.33300197656249997 0.364021828125 0.33300197656249997 0.4035441984375 0.3599135890625 0.4035441984375 0.3599135890625 0.364021828125 0.33300197656249997 0.364021828125
2 0.29438966093749996 0.35154108125 0.29438966093749996 0.395223703125 0.32481148593750003 0.395223703125 0.32481148593750003 0.35154108125 0.29438966093749996 0.35154108125
2 0.32481148437499996 0.37026220312499997 0.32481148437499996 0.3993839484375 0.3376822578125 0.3993839484375 0.3376822578125 0.37026220312499997 0.32481148437499996 0.37026220312499997
6 0.2488471046875 0.33698020781250004 0.2488471046875 0.3993839484375 0.28277913906249996 0.3993839484375 0.28277913906249996 0.33698020781250004 0.2488471046875 0.33698020781250004