4 0.5552101859375 0.40593721406250005 0.5552101859375 0.5020308984375 0.5736672046875 0.5020308984375 0.5736672046875 0.40593721406250005 0.5552101859375 0.40593721406250005
4 0.4932473375 0.42234345156249997 0.4932473375 0.47156216874999995 0.50774928125 0.47156216874999995 0.50774928125 0.42234345156249997 0.4932473375 0.42234345156249997
2 0.647495278125 0.39890596875 0.647495278125 0.466874671875 0.7120948453125 0.466874671875 0.7120948453125 0.39890596875 0.647495278125 0.39890596875
2 0.706821409375 0.4082809625 0.706821409375 0.4645309234375 0.7463721624999999 0.4645309234375 0.7463721624999999 0.4082809625 0.706821409375 0.4082809625
2 0.7331885796875001 0.38249973125 0.7331885796875001 0.45515593125000003 0.79778814375 0.45515593125000003 0.79778814375 0.38249973125 0.7331885796875001 0.38249973125
2 0.8900732359375001 0.39890596875 0.8900732359375001 0.42234345156249997 0.9151220468749999 0.42234345156249997 0.9151220468749999 0.39890596875 0.8900732359375001 0.39890596875
6 0.5697121296875001 0.352031003125 0.5697121296875001 0.46921842187499996 0.6527687109375 0.46921842187499996 0.6527687109375 0.352031003125 0.5697121296875001 0.352031003125
6 0.197935040625 0.3614059953125 0.197935040625 0.51140589375 0.291538490625 0.51140589375 0.291538490625 0.3614059953125 0.197935040625 0.3614059953125
1 0.3772317921875 0.35437474999999996 0.3772317921875 0.450468434375 0.43392120624999997 0.450468434375 0.43392120624999997 0.35437474999999996 0.3772317921875 0.35437474999999996
2 0.44051299843749997 0.42234345156249997 0.44051299843749997 0.45984342656250005 0.46292509375 0.45984342656250005 0.46292509375 0.42234345156249997 0.44051299843749997 0.42234345156249997
2 0.27703654843750003 0.368437240625 0.27703654843750003 0.612187071875 0.4365579234375 0.612187071875 0.4365579234375 0.368437240625 0.27703654843750003 0.368437240625
2 0.108286665625 0.43640594374999997 0.108286665625 0.539530871875 0.219028775 0.539530871875 0.219028775 0.43640594374999997 0.108286665625 0.43640594374999997
2 0.8043799343750001 0.368437240625 0.8043799343750001 0.492655903125 0.8979833859375 0.492655903125 0.8979833859375 0.368437240625 0.8043799343750001 0.368437240625
2 0.0001812703125 0.4082809625 0.0001812703125 0.5910933359375 0.0924663625 0.5910933359375 0.0924663625 0.4082809625 0.0001812703125 0.4082809625