2 0.2658155875 0.5327856171875001 0.2658155875 0.598343221875 0.3054233078125 0.598343221875 0.3054233078125 0.5327856171875001 0.2658155875 0.5327856171875001
2 0.2999601765625 0.5327856171875001 0.2999601765625 0.598343221875 0.3272758453125 0.598343221875 0.3272758453125 0.5327856171875001 0.2999601765625 0.5327856171875001
2 0.20435533125 0.5352136765625 0.20435533125 0.61291158125 0.2726445046875 0.61291158125 0.2726445046875 0.5352136765625 0.20435533125 0.5352136765625
2 0.13060302343750002 0.5376417375 0.13060302343750002 0.6201957578124999 0.20025798125 0.6201957578124999 0.20025798125 0.5376417375 0.13060302343750002 0.5376417375
2 0.496632996875 0.549782034375 0.496632996875 0.6469044140625 0.635942909375 0.6469044140625 0.635942909375 0.549782034375 0.496632996875 0.549782034375
2 0.777984390625 0.53070443125 0.777984390625 0.622970690625 0.8490051296875001 0.622970690625 0.8490051296875001 0.53070443125 0.777984390625 0.53070443125
2 0.589506271875 0.5525569671875 0.589506271875 0.80507515625 0.8585656171875 0.80507515625 0.8585656171875 0.5525569671875 0.589506271875 0.5525569671875
2 0.7547660703125 0.5570662109375 0.7547660703125 0.9115629000000001 0.9992413125 0.9115629000000001 0.9992413125 0.5570662109375 0.7547660703125 0.5570662109375
2 0.3067890921875 0.5060769609375 0.3067890921875 0.7246023187499999 0.45839105625 0.7246023187499999 0.45839105625 0.5060769609375 0.3067890921875 0.5060769609375
4 0.5539959 0.518217259375 0.5539959 0.7221742578125 0.5854089203124999 0.7221742578125 0.5854089203124999 0.518217259375 0.5539959 0.518217259375
4 0.704232084375 0.5157892015625001 0.704232084375 0.564350390625 0.731547753125 0.564350390625 0.731547753125 0.5157892015625001 0.704232084375 0.5157892015625001