2 0.306390225 0.5279718203125 0.306390225 0.6767472999999999 0.41590550937500004 0.6767472999999999 0.41590550937500004 0.5279718203125 0.306390225 0.5279718203125
2 0.1317856734375 0.5114412109375001 0.1317856734375 0.752053403125 0.3156886953125 0.752053403125 0.3156886953125 0.5114412109375001 0.1317856734375 0.5114412109375001
2 0.5078570203125 0.544502428125 0.5078570203125 0.5867473140625 0.5419514015625 0.5867473140625 0.5419514015625 0.544502428125 0.5078570203125 0.544502428125
2 0.7031248375 0.5187881484375 0.7031248375 0.7740942171875 0.8312370546875 0.7740942171875 0.8312370546875 0.5187881484375 0.7031248375 0.5187881484375
2 0.6308034234375001 0.5353187609375001 0.6308034234375001 0.6289922078125 0.7010585109374999 0.6289922078125 0.7010585109374999 0.5353187609375001 0.6308034234375001 0.5353187609375001
2 0.448966725 0.5371554921875 0.448966725 0.6106248609375 0.5047575296875 0.6106248609375 0.5047575296875 0.5371554921875 0.448966725 0.5371554921875
2 0.6039411828125 0.5334820265625 0.6039411828125 0.5885840515625 0.6318365859374999 0.5885840515625 0.6318365859374999 0.5334820265625 0.6039411828125 0.5334820265625
2 0.794043184375 0.48021673125 0.794043184375 0.992665603125 0.99860946875 0.992665603125 0.99860946875 0.48021673125 0.794043184375 0.48021673125
2 0 0.8640941968750001 0.069795890625 0.8640941968750001 0.069795890625 0.460012653125 0 0.460012653125 0 0.8640941968750001
2 0.5575473640624999 0.535963078125 0.5575473640624999 0.5696009265625 0.5827757515624999 0.5696009265625 0.5827757515624999 0.535963078125 0.5575473640624999 0.535963078125
2 0.5348418171875 0.5382056015625001 0.5348418171875 0.5785710203125001 0.5638544624999999 0.5785710203125001 0.5638544624999999 0.5382056015625001 0.5348418171875 0.5382056015625001