2 0.486429115625 0.521630509375 0.486429115625 0.5580233359375 0.5156733515624999 0.5580233359375 0.5156733515624999 0.521630509375 0.486429115625 0.521630509375
2 0.4727818046875 0.532028459375 0.4727818046875 0.558023334375 0.482529884375 0.558023334375 0.482529884375 0.532028459375 0.4727818046875 0.532028459375
2 0.46205891875000005 0.53029546875 0.46205891875000005 0.55629034375 0.47083219062500004 0.55629034375 0.47083219062500004 0.53029546875 0.46205891875000005 0.53029546875
2 0.450361225 0.5233635015625 0.450361225 0.559756328125 0.46108411250000003 0.559756328125 0.46108411250000003 0.5233635015625 0.450361225 0.5233635015625
2 0.432814684375 0.52509649375 0.432814684375 0.5649553046875 0.450361225 0.5649553046875 0.450361225 0.52509649375 0.432814684375 0.52509649375
2 0.4055200640625 0.5146985421875 0.4055200640625 0.5684212843750001 0.42989026093750005 0.5684212843750001 0.42989026093750005 0.5146985421875 0.4055200640625 0.5146985421875
2 0.32396005 0.49660091093750003 0.32396005 0.580552228125 0.40357044843749995 0.580552228125 0.40357044843749995 0.49660091093750003 0.32396005 0.49660091093750003
2 0.177415028125 0.5060335828125 0.177415028125 0.628221496875 0.32656062812500003 0.628221496875 0.32656062812500003 0.5060335828125 0.177415028125 0.5060335828125
2 0.5176229671875 0.52509649375 0.5176229671875 0.5545573546875 0.540043546875 0.5545573546875 0.540043546875 0.52509649375 0.5176229671875 0.52509649375
2 0.5595397046875 0.532028459375 0.5595397046875 0.5510913687500001 0.5692877828125 0.5510913687500001 0.5692877828125 0.532028459375 0.5595397046875 0.532028459375
2 0.570262590625 0.526829484375 0.570262590625 0.5545573546875 0.5829350921875001 0.5545573546875 0.5829350921875001 0.526829484375 0.570262590625 0.526829484375
2 0.579035859375 0.5181645265625 0.579035859375 0.5718872687500001 0.6004816328125 0.5718872687500001 0.6004816328125 0.5181645265625 0.579035859375 0.5181645265625
2 0.59268316875 0.5181645265625 0.59268316875 0.5840182125 0.6160785578125 0.5840182125 0.6160785578125 0.5181645265625 0.59268316875 0.5181645265625
2 0.6131541359375 0.511232559375 0.6131541359375 0.6030811203125 0.6531212578125001 0.6030811203125 0.6531212578125001 0.511232559375 0.6131541359375 0.511232559375
2 0.62972586875 0.50949956875 0.62972586875 0.6290759968749999 0.7067356890625 0.6290759968749999 0.7067356890625 0.50949956875 0.62972586875 0.50949956875
2 0.666768565625 0.5181645265625 0.666768565625 0.6810657484375 0.7817958921875 0.6810657484375 0.7817958921875 0.5181645265625 0.666768565625 0.5181645265625
2 0.749627234375 0.46458509374999996 0.749627234375 0.8283700421875 0.9992937187500001 0.8283700421875 0.9992937187500001 0.46458509374999996 0.749627234375 0.46458509374999996