2 0.356779671875 0.3327344109375 0.356779671875 0.362195271875 0.3840742921875 0.362195271875 0.3840742921875 0.3327344109375 0.356779671875 0.3327344109375
2 0.063362509375 0.3032735515625 0.063362509375 0.3708602296875 0.10917847968750001 0.3708602296875 0.10917847968750001 0.3032735515625 0.063362509375 0.3032735515625
2 0.043866353125 0.31540449375 0.043866353125 0.3639282625 0.06823654999999999 0.3639282625 0.06823654999999999 0.31540449375 0.043866353125 0.31540449375
2 0 0.377792196875 0.046790776562500004 0.377792196875 0.046790776562500004 0.3119385109375 0 0.3119385109375 0 0.377792196875
2 0.5176229671875 0.33620039375 0.5176229671875 0.35006433124999997 0.5400435453125 0.35006433124999997 0.5400435453125 0.33620039375 0.5176229671875 0.33620039375
2 0.5478420093749999 0.3448653546875 0.5478420093749999 0.38299116875 0.5722122046875 0.38299116875 0.5722122046875 0.3448653546875 0.5478420093749999 0.3448653546875
2 0.6209525984375001 0.3465983453125 0.6209525984375001 0.3795251859375 0.66384414375 0.3795251859375 0.66384414375 0.3465983453125 0.6209525984375001 0.3465983453125
2 0.6423983703125 0.36046228125 0.6423983703125 0.40552006562500004 0.6677433734375 0.40552006562500004 0.6677433734375 0.36046228125 0.6423983703125 0.36046228125
2 0.6501079734374999 0.32926842968750003 0.6501079734374999 0.46790776875000006 0.7603501203125 0.46790776875000006 0.7603501203125 0.32926842968750003 0.6501079734374999 0.32926842968750003
2 0.5010512328125001 0.3448653546875 0.5010512328125001 0.4055200640625 0.5566152796875 0.4055200640625 0.5566152796875 0.3448653546875 0.5010512328125001 0.3448653546875
2 0.44353756874999994 0.34139936875 0.44353756874999994 0.39165613125 0.481555075 0.39165613125 0.481555075 0.34139936875 0.44353756874999994 0.34139936875
2 0.5488168171875001 0.3465983453125 0.5488168171875001 0.464441778125 0.6492220234375 0.464441778125 0.6492220234375 0.3465983453125 0.5488168171875001 0.3465983453125
2 0.7983676265625 0.3639282625 0.7983676265625 0.564955303125 0.9982032343749999 0.564955303125 0.9982032343749999 0.3639282625 0.7983676265625 0.3639282625
4 0.8120149359375001 0.3500643296875 0.8120149359375001 0.4141850234375 0.830536284375 0.4141850234375 0.830536284375 0.3500643296875 0.8120149359375001 0.3500643296875
4 0.8432087875000001 0.34139936875 0.8432087875000001 0.398588096875 0.864654559375 0.398588096875 0.864654559375 0.34139936875 0.8432087875000001 0.34139936875