4 0.0858745703125 0.389530975 0.0858745703125 0.4551559296875 0.1056499484375 0.4551559296875 0.1056499484375 0.389530975 0.0858745703125 0.389530975
4 0.0713726265625 0.35437474999999996 0.0713726265625 0.4457809359375 0.09510307968750001 0.4457809359375 0.09510307968750001 0.35437474999999996 0.0713726265625 0.35437474999999996
4 0.280991625 0.352031003125 0.280991625 0.3895309765625 0.290220134375 0.3895309765625 0.290220134375 0.352031003125 0.280991625 0.352031003125
4 0.265171321875 0.34968725312500004 0.265171321875 0.3778122328125 0.27703654843750003 0.3778122328125 0.27703654843750003 0.34968725312500004 0.265171321875 0.34968725312500004
4 0.67913588125 0.3379685109375 0.67913588125 0.36374974375 0.6936378249999999 0.36374974375 0.6936378249999999 0.3379685109375 0.67913588125 0.3379685109375
4 0.5947609390624999 0.34265600625000003 0.5947609390624999 0.38015598281249996 0.609262884375 0.38015598281249996 0.609262884375 0.34265600625000003 0.5947609390624999 0.34265600625000003
4 0.3864603015625 0.356718496875 0.3864603015625 0.401249715625 0.39568881093749997 0.401249715625 0.39568881093749997 0.356718496875 0.3864603015625 0.356718496875
4 0.3772317921875 0.352031003125 0.3772317921875 0.41296846093750006 0.39041537656249997 0.41296846093750006 0.39041537656249997 0.352031003125 0.3772317921875 0.352031003125
4 0.31526894375 0.3614059953125 0.31526894375 0.43640594374999997 0.3284525296875 0.43640594374999997 0.3284525296875 0.3614059953125 0.31526894375 0.3614059953125
4 0.0225933640625 0.41765595624999996 0.0225933640625 0.49968715 0.05291560937499999 0.49968715 0.05291560937499999 0.41765595624999996 0.0225933640625 0.41765595624999996
4 0.8637060671875 0.3051560328125 0.8637060671875 0.4199997046875 0.8887548781250001 0.4199997046875 0.8887548781250001 0.3051560328125 0.8637060671875 0.3051560328125
0 0.279673265625 0.40124971875000004 0.279673265625 0.4457809359375 0.298130284375 0.4457809359375 0.298130284375 0.40124971875000004 0.279673265625 0.40124971875000004
0 0.290220134375 0.39421847187500003 0.290220134375 0.4410934421875 0.308677153125 0.4410934421875 0.308677153125 0.39421847187500003 0.290220134375 0.39421847187500003
5 0.952036084375 0.26765605625 0.952036084375 0.6520307937500001 0.9994969890625001 0.6520307937500001 0.9994969890625001 0.26765605625 0.952036084375 0.26765605625
0 0.9388525 0.42234345156249997 0.9388525 0.6403120515625 0.9994969906250001 0.6403120515625 0.9994969906250001 0.42234345156249997 0.9388525 0.42234345156249997
2 0.48270046874999994 0.3590622453125 0.48270046874999994 0.3871872265625 0.4932473375 0.3871872265625 0.4932473375 0.3590622453125 0.48270046874999994 0.3590622453125
2 0.4695168859375 0.3614059953125 0.4695168859375 0.40359346562500004 0.49061062031249997 0.40359346562500004 0.49061062031249997 0.3614059953125 0.4695168859375 0.3614059953125
2 0.4563333015625 0.352031003125 0.4563333015625 0.41999970624999994 0.47742703750000004 0.41999970624999994 0.47742703750000004 0.352031003125 0.4563333015625 0.352031003125
6 0.30208535937500003 0.316874775 0.30208535937500003 0.42703094999999996 0.361411490625 0.42703094999999996 0.361411490625 0.316874775 0.30208535937500003 0.316874775
0 0.163657721875 0.4082809625 0.163657721875 0.45046843281250004 0.1821147390625 0.45046843281250004 0.1821147390625 0.4082809625 0.163657721875 0.4082809625
2 0.1952983234375 0.3614059953125 0.1952983234375 0.4645309234375 0.2836283421875 0.4645309234375 0.2836283421875 0.3614059953125 0.1952983234375 0.3614059953125
2 0.39568881093749997 0.34499975625 0.39568881093749997 0.4645309234375 0.47215360312500004 0.4645309234375 0.47215360312500004 0.34499975625 0.39568881093749997 0.34499975625
6 0.5011574875 0.22312483906249997 0.5011574875 0.4457809359375 0.59739765625 0.4457809359375 0.59739765625 0.22312483906249997 0.5011574875 0.22312483906249997