6 0.41064071718750006 0.3457126640625 0.41064071718750006 0.40672078125000005 0.439678234375 0.40672078125000005 0.439678234375 0.3457126640625 0.41064071718750006 0.3457126640625
2 0.390906575 0.37308810000000003 0.390906575 0.4200174203125 0.41554446875 0.4200174203125 0.41554446875 0.37308810000000003 0.390906575 0.37308810000000003
2 0.3565895109375 0.37621672031250003 0.3565895109375 0.44348208125 0.38826680156250004 0.44348208125 0.38826680156250004 0.37621672031250003 0.3565895109375 0.37621672031250003
2 0.2765163578125 0.3527520609375 0.2765163578125 0.49041140156249996 0.37242815625 0.49041140156249996 0.37242815625 0.3527520609375 0.2765163578125 0.3527520609375
2 0.154206815625 0.3418018875 0.154206815625 0.5592410703125 0.308193646875 0.5592410703125 0.308193646875 0.3418018875 0.154206815625 0.3418018875
2 0.00021998124999999998 0.353534215625 0.00021998124999999998 0.69455394375 0.2263606453125 0.69455394375 0.2263606453125 0.353534215625 0.00021998124999999998 0.353534215625
2 0.4563876484375 0.36083434062499997 0.4563876484375 0.3952491734375 0.4722262953125 0.3952491734375 0.4722262953125 0.36083434062499997 0.4563876484375 0.36083434062499997
2 0.46518689531249996 0.3655272734375 0.46518689531249996 0.40307072968749996 0.47838576718750003 0.40307072968749996 0.47838576718750003 0.3655272734375 0.46518689531249996 0.3655272734375
2 0.47310621875000003 0.3702202046875 0.47310621875000003 0.4140209046875 0.4880649390625 0.4140209046875 0.4880649390625 0.3702202046875 0.47310621875000003 0.3702202046875
2 0.484545240625 0.37491313593750003 0.484545240625 0.42497107968750003 0.49686418750000005 0.42497107968750003 0.49686418750000005 0.37491313593750003 0.484545240625 0.37491313593750003
2 0.49510433750000005 0.3717845171875 0.49510433750000005 0.429664009375 0.5091831328125 0.429664009375 0.5091831328125 0.3717845171875 0.49510433750000005 0.3717845171875
2 0.5003838859374999 0.3623986515625 0.5003838859374999 0.43748556406250005 0.5470199 0.43748556406250005 0.5470199 0.3623986515625 0.5003838859374999 0.3623986515625
2 0.529421403125 0.3738702546875 0.529421403125 0.4646002734375 0.5822168890625 0.4646002734375 0.5822168890625 0.3738702546875 0.529421403125 0.3738702546875
2 0.56373846875 0.33319817500000004 0.56373846875 0.50214373125 0.6746089890625 0.50214373125 0.6746089890625 0.33319817500000004 0.56373846875 0.33319817500000004
2 0.5962957 0.35040559375 0.5962957 0.553765984375 0.8021980937500001 0.553765984375 0.8021980937500001 0.35040559375 0.5962957 0.35040559375