2 0.435585784375 0.452812340625 0.435585784375 0.4828123296875 0.4419139078125 0.4828123296875 0.4419139078125 0.452812340625 0.435585784375 0.452812340625
2 0.4419139078125 0.44718734375 0.4419139078125 0.48468733124999996 0.45035140625 0.48468733124999996 0.45035140625 0.44718734375 0.4419139078125 0.44718734375
2 0.44718734375 0.44718734375 0.44718734375 0.48468733124999996 0.460898278125 0.48468733124999996 0.460898278125 0.44718734375 0.44718734375 0.44718734375
2 0.4556248390625 0.44343734531249995 0.4556248390625 0.4828123296875 0.4703904609375 0.4828123296875 0.4703904609375 0.44343734531249995 0.4556248390625 0.44343734531249995
2 0.4640623375 0.44156234375 0.4640623375 0.48656232812500005 0.491484203125 0.48656232812500005 0.491484203125 0.44156234375 0.4640623375 0.44156234375
2 0.47249983437500004 0.44343734531249995 0.47249983437500004 0.4921873296875 0.5020310765625 0.4921873296875 0.5020310765625 0.44343734531249995 0.47249983437500004 0.44343734531249995
2 0.489374828125 0.44531234375000006 0.489374828125 0.4996873234375 0.51679669375 0.4996873234375 0.51679669375 0.44531234375000006 0.489374828125 0.44531234375000006
2 0.5051951359375 0.43593734843750004 0.5051951359375 0.5015623265625 0.5326170015625 0.5015623265625 0.5326170015625 0.43593734843750004 0.5051951359375 0.43593734843750004
2 0.525234190625 0.43031235 0.525234190625 0.51093731875 0.5737497984375 0.51093731875 0.5737497984375 0.43031235 0.525234190625 0.43031235
2 0.5336716874999999 0.43406234687499995 0.5336716874999999 0.5221873171875 0.5842966703125 0.5221873171875 0.5842966703125 0.43406234687499995 0.5336716874999999 0.43406234687499995
2 0.38932456718749997 0.455999840625 0.38932456718749997 0.47849983125 0.4061995609375 0.47849983125 0.4061995609375 0.455999840625 0.38932456718749997 0.455999840625
2 0.4072542484375 0.44474984375000004 0.4072542484375 0.48599983125 0.4367854890625 0.48599983125 0.4367854890625 0.44474984375000004 0.4072542484375 0.44474984375000004
2 0.360848015625 0.44287484375 0.360848015625 0.489749828125 0.38932456718749997 0.489749828125 0.38932456718749997 0.44287484375 0.360848015625 0.44287484375
2 0.5579294921875 0.4312498484375 0.5579294921875 0.55499980625 0.6739450734375 0.55499980625 0.6739450734375 0.4312498484375 0.5579294921875 0.4312498484375
2 0.1096874609375 0.3618748734375 0.1096874609375 0.6524997734375 0.3480467515625 0.6524997734375 0.3480467515625 0.3618748734375 0.1096874609375 0.3618748734375