2 0.932343421875 0.5599998 0.932343421875 0.610124775 0.9760074937500001 0.610124775 0.9760074937500001 0.5599998 0.932343421875 0.5599998
2 0.237325203125 0.5968748125000001 0.237325203125 0.728124765625 0.4155467296875 0.728124765625 0.4155467296875 0.5968748125000001 0.237325203125 0.5968748125000001
2 0.45499202031249997 0.5763747859375 0.45499202031249997 0.683249746875 0.5826091640625 0.683249746875 0.5826091640625 0.5763747859375 0.45499202031249997 0.5763747859375
2 0.6482107484374999 0.5969997796875 0.6482107484374999 0.6494997609375 0.6925076078125 0.6494997609375 0.6925076078125 0.5969997796875 0.6482107484374999 0.5969997796875
2 0.6914529234375 0.5876247828125 0.6914529234375 0.6457497609375 0.7431325906249999 0.6457497609375 0.7431325906249999 0.5876247828125 0.6914529234375 0.5876247828125
2 0.7431325906249999 0.58574978125 0.7431325906249999 0.6457497625 0.76844508125 0.6457497625 0.76844508125 0.58574978125 0.7431325906249999 0.58574978125
2 0.7829997515625 0.5763747859375 0.7829997515625 0.6199997796875001 0.8321481453124999 0.6199997796875001 0.8321481453124999 0.5763747859375 0.7829997515625 0.5763747859375
2 0.9089293890624999 0.5789998046875 0.9089293890624999 0.60337479375 0.9184215734375 0.60337479375 0.9184215734375 0.5789998046875 0.9089293890624999 0.5789998046875
2 0.858050684375 0.57524980625 0.858050684375 0.6007497765625 0.8867809578125 0.6007497765625 0.8867809578125 0.57524980625 0.858050684375 0.57524980625
2 0.177543390625 0.6014997906249999 0.177543390625 0.7327497421875 0.24082462031250002 0.7327497421875 0.24082462031250002 0.6014997906249999 0.177543390625 0.6014997906249999
2 0.001410640625 0.59137478125 0.001410640625 0.7477497359374999 0.17965276562500002 0.7477497359374999 0.17965276562500002 0.59137478125 0.001410640625 0.59137478125
2 0.41006237656250005 0.6007497749999999 0.41006237656250005 0.664499753125 0.4743982921875 0.664499753125 0.4743982921875 0.6007497749999999 0.41006237656250005 0.6007497749999999