2 0.41735740000000005 0.6245080468750001 0.41735740000000005 0.6521458499999999 0.42931606406249995 0.6521458499999999 0.42931606406249995 0.6245080468750001 0.41735740000000005 0.6245080468750001
2 0.399419403125 0.6223820625 0.399419403125 0.6521458499999999 0.41855326562500006 0.6521458499999999 0.41855326562500006 0.6223820625 0.399419403125 0.6223820625
2 0.382677271875 0.6202560781249999 0.382677271875 0.6606497890624999 0.4018111359375 0.6606497890624999 0.4018111359375 0.6202560781249999 0.382677271875 0.6202560781249999
2 0.3719144734375 0.6223820625 0.3719144734375 0.664901759375 0.3874607375 0.664901759375 0.3874607375 0.6223820625 0.3719144734375 0.6223820625
2 0.35875994218749996 0.6245080468750001 0.35875994218749996 0.6691537296875001 0.379089671875 0.6691537296875001 0.379089671875 0.6245080468750001 0.35875994218749996 0.6245080468750001
2 0.346801278125 0.6308860015625 0.346801278125 0.6755316828125 0.3635434078125 0.6755316828125 0.3635434078125 0.6308860015625 0.346801278125 0.6308860015625
2 0.333646746875 0.6308860015625 0.333646746875 0.67765766875 0.352780609375 0.67765766875 0.352780609375 0.6308860015625 0.333646746875 0.6308860015625
2 0.3061418171875 0.6223820625 0.3061418171875 0.684035621875 0.3384302125 0.684035621875 0.3384302125 0.6223820625 0.3061418171875 0.6223820625
2 0.283420353125 0.6308860015625 0.283420353125 0.694665546875 0.32168808125 0.694665546875 0.32168808125 0.6308860015625 0.283420353125 0.6308860015625
2 0.22003943124999997 0.6330119859375001 0.22003943124999997 0.7049149671875 0.30157578749999997 0.7049149671875 0.30157578749999997 0.6330119859375001 0.22003943124999997 0.6330119859375001
2 0.49628458750000004 0.6287600171875 0.49628458750000004 0.64789388125 0.5046556515625 0.64789388125 0.5046556515625 0.6287600171875 0.49628458750000004 0.6287600171875
2 0.49867632031250003 0.6245080468750001 0.49867632031250003 0.6457678953125 0.5094391171875 0.6457678953125 0.5094391171875 0.6245080468750001 0.49867632031250003 0.6245080468750001
2 0.5046556515625 0.62663403125 0.5046556515625 0.6521458499999999 0.5154184500000001 0.6521458499999999 0.5154184500000001 0.62663403125 0.5046556515625 0.62663403125
2 0.5130267171875 0.6245080468750001 0.5130267171875 0.65639781875 0.5345523125 0.65639781875 0.5345523125 0.6245080468750001 0.5130267171875 0.6245080468750001
2 0.51900605 0.6287600171875 0.51900605 0.6627757734374999 0.5369440453125 0.6627757734374999 0.5369440453125 0.6287600171875 0.51900605 0.6287600171875
2 0.5249853812499999 0.6245080468750001 0.5249853812499999 0.6691537296875001 0.5441192453125 0.6691537296875001 0.5441192453125 0.6245080468750001 0.5249853812499999 0.6245080468750001
2 0.5321605796875 0.6223820625 0.5321605796875 0.67765766875 0.568036575 0.67765766875 0.568036575 0.6223820625 0.5321605796875 0.6223820625
2 0.55129444375 0.6287600171875 0.55129444375 0.684035621875 0.5740159078125 0.684035621875 0.5740159078125 0.6287600171875 0.55129444375 0.6287600171875
2 0.560861375 0.6330119859375001 0.560861375 0.6967915312499999 0.5943456375 0.6967915312499999 0.5943456375 0.6330119859375001 0.560861375 0.6330119859375001
2 0.572820040625 0.62663403125 0.572820040625 0.7159253953125 0.6457678953125 0.7159253953125 0.6457678953125 0.62663403125 0.572820040625 0.62663403125
2 0.6194588328124999 0.6245080468750001 0.6194588328124999 0.7626970609375 0.71871575 0.7626970609375 0.71871575 0.6245080468750001 0.6194588328124999 0.6245080468750001
2 0.6826006046875001 0.5897482140625 0.6826006046875001 0.838488440625 0.9241656328125 0.838488440625 0.9241656328125 0.5897482140625 0.6826006046875001 0.5897482140625