4 0.0869961859375 0.6082058953125 0.0869961859375 0.6592134374999999 0.09656010000000001 0.6592134374999999 0.09656010000000001 0.6082058953125 0.0869961859375 0.6082058953125
4 0.0767946765625 0.6070723953125 0.0767946765625 0.661480440625 0.085083403125 0.661480440625 0.085083403125 0.6070723953125 0.0767946765625 0.6070723953125
4 0.093372128125 0.5923368828125 0.093372128125 0.6750824515625 0.10676160781249999 0.6750824515625 0.10676160781249999 0.5923368828125 0.093372128125 0.5923368828125
4 0.10612401406250001 0.60367189375 0.10612401406250001 0.6762159515625 0.1182383046875 0.6762159515625 0.1182383046875 0.60367189375 0.10612401406250001 0.60367189375
4 0.6359648546875001 0.60480539375 0.6359648546875001 0.7000194703125 0.657643059375 0.7000194703125 0.657643059375 0.60480539375 0.6359648546875001 0.60480539375
2 0.465531490625 0.63362701875 0.465531490625 0.6596975406250001 0.506337525 0.6596975406250001 0.506337525 0.63362701875 0.465531490625 0.63362701875
2 0.5076127125000001 0.63249351875 0.5076127125000001 0.6596975406250001 0.52227738125 0.6596975406250001 0.52227738125 0.63249351875 0.5076127125000001 0.63249351875
2 0.5229149750000001 0.6200250078125 0.5229149750000001 0.67783355625 0.5649961968749999 0.67783355625 0.5649961968749999 0.6200250078125 0.5229149750000001 0.6200250078125
2 0.56945935625 0.6234255109375 0.56945935625 0.6551635359375 0.624930059375 0.6551635359375 0.624930059375 0.6234255109375 0.56945935625 0.6234255109375
2 0.6532153328125 0.64722903125 0.6532153328125 0.6823675578125 0.6710679703125 0.6823675578125 0.6710679703125 0.64722903125 0.6532153328125 0.64722903125
2 0 0.8585915312499999 0.0772648359375 0.8585915312499999 0.0772648359375 0.5706822953125 0 0.5706822953125 0 0.8585915312499999
2 0.7966740437500001 0.5633499609375 0.7966740437500001 0.996347315625 0.9987914281249999 0.996347315625 0.9987914281249999 0.5633499609375 0.7966740437500001 0.5633499609375