2 0.0009748078125000001 0.7053276312500001 0.0009748078125000001 0.753851403125 0.02242058125 0.753851403125 0.02242058125 0.7053276312500001 0.0009748078125000001 0.7053276312500001
2 0.5419931625000001 0.66373583125 0.5419931625000001 0.9982032359374999 0.9991780421875 0.9982032359374999 0.9991780421875 0.66373583125 0.5419931625000001 0.66373583125
2 0.164742525 0.682798740625 0.164742525 0.9947372515625 0.3840742921875 0.9947372515625 0.3840742921875 0.682798740625 0.164742525 0.682798740625
2 0 0.8301030359375 0.1267250203125 0.8301030359375 0.1267250203125 0.70012865625 0 0.70012865625 0 0.8301030359375
2 0.1306242515625 0.70012865625 0.1306242515625 0.7815792687500001 0.1598684875 0.7815792687500001 0.1598684875 0.70012865625 0.1306242515625 0.70012865625
2 0.5946327859375 0.7018616484375 0.5946327859375 0.7451864421875001 0.6501968328125 0.7451864421875001 0.6501968328125 0.7018616484375 0.5946327859375 0.7018616484375
2 0.5780610515625 0.68973070625 0.5780610515625 0.7347884921875 0.6180281734374999 0.7347884921875 0.6180281734374999 0.68973070625 0.5780610515625 0.68973070625
2 0.6307006765625001 0.68453173125 0.6307006765625001 0.7122596 0.6531212578125001 0.7122596 0.6531212578125001 0.68453173125 0.6307006765625001 0.68453173125
2 0.61900298125 0.67933275625 0.61900298125 0.7018616484375 0.635574715625 0.7018616484375 0.635574715625 0.67933275625 0.61900298125 0.67933275625
2 0.43866353125 0.69492968125 0.43866353125 0.7330555000000001 0.46595814999999996 0.7330555000000001 0.46595814999999996 0.69492968125 0.43866353125 0.69492968125
2 0.3558048640625 0.6862647234375 0.3558048640625 0.7209245578125001 0.3694521734375 0.7209245578125001 0.3694521734375 0.6862647234375 0.3558048640625 0.6862647234375
2 0.3636033265625 0.693196690625 0.3636033265625 0.727856525 0.37725063593749997 0.727856525 0.37725063593749997 0.693196690625 0.3636033265625 0.693196690625
2 0.372376596875 0.698395665625 0.372376596875 0.727856525 0.40357044843749995 0.727856525 0.40357044843749995 0.698395665625 0.372376596875 0.698395665625
2 0.38602390625 0.6914636984375 0.38602390625 0.7295895171875 0.4191673734375 0.7295895171875 0.4191673734375 0.6914636984375 0.38602390625 0.6914636984375
2 0.5283458515625 0.68973070625 0.5283458515625 0.717458575 0.5546656640625 0.717458575 0.5546656640625 0.68973070625 0.5283458515625 0.68973070625
2 0.5527160484375 0.687997715625 0.5527160484375 0.7053276312500001 0.5653885515625 0.7053276312500001 0.5653885515625 0.687997715625 0.5527160484375 0.687997715625
2 0.4669329578125 0.69492968125 0.4669329578125 0.752118409375 0.551741240625 0.752118409375 0.551741240625 0.69492968125 0.4669329578125 0.69492968125
2 0.38602390625 0.693196690625 0.38602390625 0.752118409375 0.45426045625 0.752118409375 0.45426045625 0.693196690625 0.38602390625 0.693196690625
1 0.154019640625 0.5753532531250001 0.154019640625 0.805841153125 0.29926600937500003 0.805841153125 0.29926600937500003 0.5753532531250001 0.154019640625 0.5753532531250001