2 0.7864998046875 0.3439660953125 0.7864998046875 0.9938145984375 0.9977250703125 0.9938145984375 0.9977250703125 0.3439660953125 0.7864998046875 0.3439660953125
6 0.6448454671875 0.00274913125 0.6448454671875 0.644673640625 0.9974228437500001 0.644673640625 0.9974228437500001 0.00274913125 0.6448454671875 0.00274913125
2 0.5914949421875 0.43151700625 0.5914949421875 0.501620109375 0.6494846421875 0.501620109375 0.6494846421875 0.43151700625 0.5914949421875 0.43151700625
2 0.6065722640625 0.40058916718750004 0.6065722640625 0.46656855625000004 0.6599227875 0.46656855625000004 0.6599227875 0.40058916718750004 0.6065722640625 0.40058916718750004
6 0.5682990625000001 0.4212077265625 0.5682990625000001 0.4851252625 0.6007732953125 0.4851252625 0.6007732953125 0.4212077265625 0.5682990625000001 0.4212077265625
2 0.5242268906249999 0.42386962187500005 0.5242268906249999 0.468630415625 0.5567011234375 0.468630415625 0.5567011234375 0.42386962187500005 0.5242268906249999 0.42386962187500005
2 0.554381534375 0.41914586875 0.554381534375 0.46656855625000004 0.583376384375 0.46656855625000004 0.583376384375 0.41914586875 0.554381534375 0.41914586875
2 0.51146915625 0.4047128765625 0.51146915625 0.4541974203125 0.532345446875 0.4541974203125 0.532345446875 0.4047128765625 0.51146915625 0.4047128765625
2 0.5010310109375 0.4088365890625 0.5010310109375 0.44801185625000006 0.520747509375 0.44801185625000006 0.520747509375 0.4088365890625 0.5010310109375 0.4088365890625
6 0.4314433703125 0.365773259375 0.4314433703125 0.44206193125000004 0.46507739687500005 0.44206193125000004 0.46507739687500005 0.365773259375 0.4314433703125 0.365773259375
2 0.19078611406249998 0.3164948984375 0.19078611406249998 0.807216625 0.4876933796875 0.807216625 0.4876933796875 0.3164948984375 0.19078611406249998 0.3164948984375
4 0.13569589843750002 0.3907217140625 0.13569589843750002 0.479381521875 0.153092809375 0.479381521875 0.153092809375 0.3907217140625 0.13569589843750002 0.3907217140625
4 0.162371159375 0.376288721875 0.162371159375 0.48556708750000005 0.179768071875 0.48556708750000005 0.179768071875 0.376288721875 0.162371159375 0.376288721875
4 0.182087659375 0.3701031546875 0.182087659375 0.46082481875000003 0.19948456875 0.46082481875000003 0.19948456875 0.3701031546875 0.182087659375 0.3701031546875
2 0.38157222812499997 0.35773201875 0.38157222812499997 0.370103153125 0.4001289328125 0.370103153125 0.4001289328125 0.35773201875 0.38157222812499997 0.35773201875
2 0 0.4438816765625 0.0589912703125 0.4438816765625 0.0589912703125 0.32474232187499996 0 0.32474232187499996 0 0.4438816765625
2 0.46139221875 0.39831208125 0.46139221875 0.42700405625000004 0.47658208437500005 0.42700405625000004 0.47658208437500005 0.39831208125 0.46139221875 0.39831208125
2 0.4689871515625 0.406188303125 0.4689871515625 0.433192509375 0.4841770171875 0.433192509375 0.4841770171875 0.406188303125 0.4689871515625 0.406188303125
2 0.486075753125 0.40281277656250003 0.486075753125 0.4298169828125 0.5031643546875 0.4298169828125 0.5031643546875 0.40281277656250003 0.486075753125 0.40281277656250003
2 0.40063275000000004 0.3960617234375 0.40063275000000004 0.41969040625 0.4101264171875 0.41969040625 0.4101264171875 0.3960617234375 0.40063275000000004 0.3960617234375
2 0.3920884484375 0.3960617234375 0.3920884484375 0.41631487968750003 0.4034808484375 0.41631487968750003 0.4034808484375 0.3960617234375 0.3920884484375 0.3960617234375
4 0.27151887812500003 0.389873259375 0.27151887812500003 0.42700404531249997 0.282911278125 0.42700404531249997 0.282911278125 0.389873259375 0.27151887812500003 0.389873259375