2 0.47765584531250005 0.5389604265625 0.47765584531250005 0.5545573515625 0.4883787296875 0.5545573515625 0.4883787296875 0.5389604265625 0.47765584531250005 0.5389604265625
2 0.48447950000000006 0.5389604265625 0.48447950000000006 0.5597563265625001 0.4952023859375 0.5597563265625001 0.4952023859375 0.5389604265625 0.48447950000000006 0.5389604265625
2 0.49032834531249997 0.54069341875 0.49032834531249997 0.5614893203125 0.5039756578125 0.5614893203125 0.5039756578125 0.54069341875 0.49032834531249997 0.54069341875
2 0.501051234375 0.537227434375 0.501051234375 0.570154278125 0.524446621875 0.570154278125 0.524446621875 0.537227434375 0.501051234375 0.537227434375
2 0.505925271875 0.542426409375 0.505925271875 0.5753532531250001 0.52249700625 0.5753532531250001 0.52249700625 0.542426409375 0.505925271875 0.542426409375
2 0.5156733515624999 0.53376145 0.5156733515624999 0.59268316875 0.5546656640625 0.59268316875 0.5546656640625 0.53376145 0.5156733515624999 0.53376145
2 0.5507664343750001 0.53376145 0.5507664343750001 0.564955303125 0.5673381671875 0.564955303125 0.5673381671875 0.53376145 0.5507664343750001 0.53376145
2 0.5439427796875 0.537227434375 0.5439427796875 0.6082800953125 0.579035859375 0.6082800953125 0.579035859375 0.537227434375 0.5439427796875 0.537227434375
2 0.4649833421875 0.53549444375 0.4649833421875 0.5545573546875 0.468882575 0.5545573546875 0.468882575 0.53549444375 0.4649833421875 0.53549444375
2 0.46888257343750006 0.54069341875 0.46888257343750006 0.5580233359375 0.47570622812499996 0.5580233359375 0.47570622812499996 0.54069341875 0.46888257343750006 0.54069341875
2 0.4542604578125 0.53549444375 0.4542604578125 0.5562903453125 0.463033728125 0.5562903453125 0.463033728125 0.53549444375 0.4542604578125 0.53549444375
2 0.44256276093749997 0.54069341875 0.44256276093749997 0.5666882953125 0.4581596859375 0.5666882953125 0.4581596859375 0.54069341875 0.44256276093749997 0.54069341875
2 0.42794064374999996 0.5389604265625 0.42794064374999996 0.5736202593749999 0.45133603281249995 0.5736202593749999 0.45133603281249995 0.5389604265625 0.42794064374999996 0.5389604265625
2 0.4191673734375 0.5389604265625 0.4191673734375 0.584018209375 0.4406131453125 0.584018209375 0.4406131453125 0.5389604265625 0.4191673734375 0.5389604265625
2 0.39479717812500004 0.537227434375 0.39479717812500004 0.6013481296875 0.43086506875 0.6013481296875 0.43086506875 0.537227434375 0.39479717812500004 0.537227434375
4 0.41526814375 0.53029546875 0.41526814375 0.5441594015625 0.4269658359375 0.5441594015625 0.4269658359375 0.53029546875 0.41526814375 0.53029546875
2 0.32948505156249996 0.526829484375 0.32948505156249996 0.6377409546874999 0.402595640625 0.6377409546874999 0.402595640625 0.526829484375 0.32948505156249996 0.526829484375
2 0.5585648953125 0.53029546875 0.5585648953125 0.6273430062500001 0.631675484375 0.6273430062500001 0.631675484375 0.53029546875 0.5585648953125 0.53029546875
4 0.704786071875 0.7867782421875 0.704786071875 0.8006421765624999 0.7086853046875 0.8006421765624999 0.7086853046875 0.7867782421875 0.704786071875 0.7867782421875
4 0.3090140875 0.5043005921875 0.3090140875 0.526829484375 0.3197369734375 0.526829484375 0.3197369734375 0.5043005921875 0.3090140875 0.5043005921875