2 0 0.8551844734375 0.3648740890625 0.8551844734375 0.3648740890625 0.352053253125 0 0.352053253125 0 0.8551844734375
2 0.47324481250000006 0.5169915875 0.47324481250000006 0.5655028609375 0.50443063125 0.5655028609375 0.50443063125 0.5169915875 0.47324481250000006 0.5169915875
2 0.499752759375 0.5003591515625 0.499752759375 0.583521334375 0.530938578125 0.583521334375 0.530938578125 0.5003591515625 0.499752759375 0.5003591515625
2 0.350060825 0.4754104953125 0.350060825 0.5793632265624999 0.4241271453125 0.5793632265624999 0.4241271453125 0.4754104953125 0.350060825 0.4754104953125
6 0.42334750000000004 0.47263841875 0.42334750000000004 0.561344753125 0.4779226859375 0.561344753125 0.4779226859375 0.47263841875 0.42334750000000004 0.47263841875
2 0.6174792296875 0.4518478765625 0.6174792296875 0.6639114515625 0.718053496875 0.6639114515625 0.718053496875 0.4518478765625 0.6174792296875 0.4518478765625
2 0.3102989046875 0.503131221875 0.3102989046875 0.5738190796875 0.3555183421875 0.5738190796875 0.3555183421875 0.503131221875 0.3102989046875 0.503131221875
5 0.353959053125 0.494815003125 0.353959053125 0.5682749359375 0.3851448703125 0.5682749359375 0.3851448703125 0.494815003125 0.353959053125 0.494815003125
0 0.35785727968750003 0.5253078062500001 0.35785727968750003 0.5946096265625 0.38124664375 0.5946096265625 0.38124664375 0.5253078062500001 0.35785727968750003 0.5253078062500001
2 0.49819346875 0.40848407968749995 0.49819346875 0.809445271875 0.7016809421875 0.809445271875 0.7016809421875 0.40848407968749995 0.49819346875 0.40848407968749995
4 0.8209667015625 0.5017451859375 0.8209667015625 0.6403488296875001 0.852932165625 0.6403488296875001 0.852932165625 0.5017451859375 0.8209667015625 0.5017451859375
4 0.850593228125 0.5017451859375 0.850593228125 0.6375767578125 0.8716436562500001 0.6375767578125 0.8716436562500001 0.5017451859375 0.850593228125 0.5017451859375
4 0.8677454296875 0.5086753671875 0.8677454296875 0.6486650468749999 0.8872365656250001 0.6486650468749999 0.8872365656250001 0.5086753671875 0.8677454296875 0.5086753671875
4 0.9106259328125 0.5197636609375 0.9106259328125 0.6486650484375 0.934015296875 0.6486650484375 0.934015296875 0.5197636609375 0.9106259328125 0.5197636609375
4 0.7180534953125 0.5086753671875 0.7180534953125 0.6140141359375 0.7406632140625 0.6140141359375 0.7406632140625 0.5086753671875 0.7180534953125 0.5086753671875