2 0.36255935781250004 0.44023236875 0.36255935781250004 0.45723488437500004 0.3730796640625 0.45723488437500004 0.3730796640625 0.44023236875 0.36255935781250004 0.44023236875
2 0.352995440625 0.4453331234375 0.352995440625 0.46318576718750004 0.370210490625 0.46318576718750004 0.370210490625 0.4453331234375 0.352995440625 0.4453331234375
2 0.33195482656249997 0.4419326203125 0.33195482656249997 0.4937903 0.3592119859375 0.4937903 0.3592119859375 0.4419326203125 0.33195482656249997 0.4419326203125
2 0.3123487984375 0.43853211718749996 0.3123487984375 0.50484193125 0.342953328125 0.50484193125 0.342953328125 0.43853211718749996 0.3123487984375 0.43853211718749996
2 0.2497051484375 0.4342814875 0.2497051484375 0.5294955859375 0.326694671875 0.5294955859375 0.326694671875 0.4342814875 0.2497051484375 0.4342814875
2 0.6019615671875 0.4699867734375 0.6019615671875 0.5311958359375 0.6502593421875 0.5311958359375 0.6502593421875 0.4699867734375 0.6019615671875 0.4699867734375
2 0.8328866500000001 0.49038979375 0.8328866500000001 0.5277953328125 0.921352875 0.5277953328125 0.921352875 0.49038979375 0.8328866500000001 0.49038979375
2 0.7778941328125 0.4827386609375 0.7778941328125 0.5192940734375 0.8338430421874999 0.5192940734375 0.8338430421874999 0.4827386609375 0.7778941328125 0.4827386609375
6 0.6404780437500001 0.46627712343749994 0.6404780437500001 0.5572405890625001 0.7385081828125 0.5572405890625001 0.7385081828125 0.46627712343749994 0.6404780437500001 0.46627712343749994
2 0.1120671609375 0.4191120546875 0.1120671609375 0.58403646875 0.2655680125 0.58403646875 0.2655680125 0.4191120546875 0.1120671609375 0.4191120546875
2 0.081532384375 0.39445840468750004 0.081532384375 0.4242128078125 0.11596248125 0.4242128078125 0.11596248125 0.39445840468750004 0.081532384375 0.39445840468750004
2 0.3985762 0.442065453125 0.3985762 0.48287149218750003 0.4153130546875 0.48287149218750003 0.4153130546875 0.442065453125 0.3985762 0.442065453125
2 0.414914559375 0.42953494843750006 0.414914559375 0.5341004296875 0.4416935234375 0.5341004296875 0.4416935234375 0.42953494843750006 0.414914559375 0.42953494843750006
6 0.41921832343750004 0.41536619999999996 0.41921832343750004 0.674654590625 0.5775011328125 0.674654590625 0.5775011328125 0.41536619999999996 0.41921832343750004 0.41536619999999996
2 0.8256852578125 0.49760731406250003 0.8256852578125 0.6013227328124999 0.9567109890625 0.6013227328124999 0.9567109890625 0.49760731406250003 0.8256852578125 0.49760731406250003