2 0.507324253125 0.44236224375 0.507324253125 0.46336649375 0.5169909828125 0.46336649375 0.5169909828125 0.44236224375 0.507324253125 0.44236224375
2 0.5320281171875 0.44236224375 0.5320281171875 0.46527597187499997 0.54706525 0.46527597187499997 0.54706525 0.44236224375 0.5320281171875 0.44236224375
2 0.613658271875 0.4404527671875 0.613658271875 0.47482335937500003 0.637288053125 0.47482335937500003 0.637288053125 0.4404527671875 0.613658271875 0.4404527671875
2 0.671658646875 0.43663381093750003 0.671658646875 0.45954754062500003 0.6866957796875 0.45954754062500003 0.6866957796875 0.43663381093750003 0.671658646875 0.43663381093750003
2 0.1303218234375 0.43281485625 0.1303218234375 0.46718544843750004 0.18832219687500001 0.46718544843750004 0.18832219687500001 0.43281485625 0.1303218234375 0.43281485625
2 0.2162483015625 0.40799165156250006 0.2162483015625 0.43663381093750003 0.24847073125 0.43663381093750003 0.24847073125 0.40799165156250006 0.2162483015625 0.40799165156250006
2 0.5148428203125001 0.4468176953125 0.5148428203125001 0.47927880937499995 0.5384726015625 0.47927880937499995 0.5384726015625 0.4468176953125 0.5148428203125001 0.4468176953125
2 0.48584263281249995 0.44299874062500005 0.48584263281249995 0.473550378125 0.5041020109375001 0.473550378125 0.5041020109375001 0.44299874062500005 0.48584263281249995 0.44299874062500005
2 0.4568424453125 0.44299874062500005 0.4568424453125 0.47736933125 0.478324065625 0.47736933125 0.478324065625 0.44299874062500005 0.4568424453125 0.44299874062500005
2 0.39776799218750003 0.43345135468749996 0.39776799218750003 0.488826196875 0.43536082656249997 0.488826196875 0.43536082656249997 0.43345135468749996 0.39776799218750003 0.43345135468749996
2 0.2323595171875 0.398444265625 0.2323595171875 0.570297225 0.368767803125 0.570297225 0.368767803125 0.398444265625 0.2323595171875 0.398444265625