2 0.49986405312500004 0.6334119 0.49986405312500004 0.6483407999999999 0.5130601359375 0.6483407999999999 0.5130601359375 0.6334119 0.49986405312500004 0.6334119
2 0.5442508734375 0.6398100015625 0.5442508734375 0.671800503125 0.5694433921875001 0.671800503125 0.5694433921875001 0.6398100015625 0.5442508734375 0.6398100015625
2 0.505862271875 0.6419427015625 0.505862271875 0.673933203125 0.5298551484375 0.673933203125 0.5298551484375 0.6419427015625 0.505862271875 0.6419427015625
2 0.5490494484374999 0.663269703125 0.5490494484374999 0.725118003125 0.5946359109375 0.725118003125 0.5946359109375 0.663269703125 0.5490494484374999 0.663269703125
6 0.43028471718750005 0.603554103125 0.43028471718750005 0.678198603125 0.4734718921875 0.678198603125 0.4734718921875 0.603554103125 0.43028471718750005 0.603554103125
2 0.4074914859375 0.620615703125 0.4074914859375 0.6590043015625 0.4242864984375 0.6590043015625 0.4242864984375 0.620615703125 0.4074914859375 0.620615703125
2 0.387097540625 0.6291465015625 0.387097540625 0.663269703125 0.41468934687500003 0.663269703125 0.41468934687500003 0.6291465015625 0.387097540625 0.6291465015625
2 0.3547071609375 0.627013803125 0.3547071609375 0.673933203125 0.39069647343749997 0.673933203125 0.39069647343749997 0.627013803125 0.3547071609375 0.627013803125
4 0.3247160671875 0.637677303125 0.3247160671875 0.718719903125 0.3463096546875 0.718719903125 0.3463096546875 0.637677303125 0.3247160671875 0.637677303125
2 0.30072319062499997 0.644075403125 0.30072319062499997 0.684596703125 0.333113571875 0.684596703125 0.333113571875 0.644075403125 0.30072319062499997 0.644075403125
2 0.14117057187499998 0.6120849015625 0.14117057187499998 0.7379142046875 0.2647338796875 0.7379142046875 0.2647338796875 0.6120849015625 0.14117057187499998 0.6120849015625
1 0.030803346875 0.586492503125 0.030803346875 0.637677303125 0.105181259375 0.637677303125 0.105181259375 0.586492503125 0.030803346875 0.586492503125
2 0 0.776302803125 0.1255752015625 0.776302803125 0.1255752015625 0.6355446015624999 0 0.6355446015624999 0 0.776302803125
2 0.6150298546874999 0.637677303125 0.6150298546874999 0.9981036031249999 0.9994969890625001 0.9981036031249999 0.9994969890625001 0.637677303125 0.6150298546874999 0.637677303125