4 0.934452796875 0.508124821875 0.934452796875 0.6037497890625 0.9587106015625 0.6037497890625 0.9587106015625 0.508124821875 0.934452796875 0.508124821875
4 0.16242181718749998 0.5137498203125 0.16242181718749998 0.5962497921875001 0.18351556093750002 0.5962497921875001 0.18351556093750002 0.5137498203125 0.16242181718749998 0.5137498203125
4 0.1392187015625 0.5006248249999999 0.1392187015625 0.599999790625 0.16242181718749998 0.599999790625 0.16242181718749998 0.5006248249999999 0.1392187015625 0.5006248249999999
4 0.114960896875 0.5099998203125 0.114960896875 0.6037497890625 0.1413280765625 0.6037497890625 0.1413280765625 0.5099998203125 0.114960896875 0.5099998203125
4 0.0938671546875 0.5024998234375 0.0938671546875 0.6074997843750001 0.11812495781250001 0.6074997843750001 0.11812495781250001 0.5024998234375 0.0938671546875 0.5024998234375
4 0.05062498125 0.4968748265625 0.05062498125 0.603749790625 0.07804684687499999 0.603749790625 0.07804684687499999 0.4968748265625 0.05062498125 0.4968748265625
4 0.17507806406249998 0.5137498203125 0.17507806406249998 0.5868747921875 0.1877343078125 0.5868747921875 0.1877343078125 0.5137498203125 0.17507806406249998 0.5137498203125
4 0 0.594374790625 0.0063281234374999995 0.594374790625 0.0063281234374999995 0.504374821875 0 0.504374821875 0 0.594374790625
2 0.3744139328125 0.55218730625 0.3744139328125 0.5821872953125 0.3828514265625 0.5821872953125 0.3828514265625 0.55218730625 0.3744139328125 0.55218730625
2 0.3554295625 0.5409373125 0.3554295625 0.58593729375 0.37335924375 0.58593729375 0.37335924375 0.5409373125 0.3554295625 0.5409373125
2 0.382851428125 0.5315623140625 0.382851428125 0.5840622953125 0.41554673124999997 0.5840622953125 0.41554673124999997 0.5315623140625 0.382851428125 0.5315623140625
2 0.4398045328125 0.5334373140625 0.4398045328125 0.5840622953125 0.452460778125 0.5840622953125 0.452460778125 0.5334373140625 0.4398045328125 0.5334373140625
2 0.450351403125 0.55031230625 0.450351403125 0.58781229375 0.46511702499999996 0.58781229375 0.46511702499999996 0.55031230625 0.450351403125 0.55031230625
2 0.47249983437500004 0.561562303125 0.47249983437500004 0.5821872953125 0.4819920203125 0.5821872953125 0.4819920203125 0.561562303125 0.47249983437500004 0.561562303125
2 0.47882795624999996 0.5484373078125 0.47882795624999996 0.58593729375 0.502031075 0.58593729375 0.502031075 0.5484373078125 0.47882795624999996 0.5484373078125
2 0.5051951359375 0.5446873109375 0.5051951359375 0.5859372953124999 0.5231248171875 0.5859372953124999 0.5231248171875 0.5446873109375 0.5051951359375 0.5446873109375
2 0.5600388671875 0.5484373078125 0.5600388671875 0.5934372921875 0.5948435421875 0.5934372921875 0.5948435421875 0.5484373078125 0.5600388671875 0.5484373078125
6 0.49057453124999995 0.5403748046875 0.49057453124999995 0.5741247921875 0.5106135859375 0.5741247921875 0.5106135859375 0.5403748046875 0.49057453124999995 0.5403748046875
6 0.411472996875 0.48787482187500003 0.411472996875 0.544124803125 0.45576985625 0.544124803125 0.45576985625 0.48787482187500003 0.411472996875 0.48787482187500003
4 0.2606527375 0.50662481875 0.2606527375 0.6041247828125 0.2933480375 0.6041247828125 0.2933480375 0.50662481875 0.2606527375 0.50662481875
1 0.2648714875 0.46349983124999994 0.2648714875 0.592874784375 0.36506676250000003 0.592874784375 0.36506676250000003 0.46349983124999994 0.2648714875 0.46349983124999994
2 0.40092612499999997 0.530999809375 0.40092612499999997 0.5928747875 0.44522298437499996 0.5928747875 0.44522298437499996 0.530999809375 0.40092612499999997 0.530999809375
2 0.5169417109375 0.5384998078125001 0.5169417109375 0.5891247890625 0.563347946875 0.5891247890625 0.563347946875 0.5384998078125001 0.5169417109375 0.5384998078125001
2 0.9597652890624999 0.5493748078125 0.9597652890624999 0.6018747875 0.9987887125 0.6018747875 0.9987887125 0.5493748078125 0.9597652890624999 0.5493748078125