2 0.15566143125 0.3116345 0.15566143125 0.3546400609375 0.176696759375 0.3546400609375 0.176696759375 0.3116345 0.15566143125 0.3116345
2 0.10517664374999999 0.30290873125 0.10517664374999999 0.36087275 0.15881673125 0.36087275 0.15881673125 0.30290873125 0.10517664374999999 0.30290873125
2 0.29694872499999997 0.3178671890625 0.29694872499999997 0.33469545156249997 0.31272522187499996 0.33469545156249997 0.31272522187499996 0.3178671890625 0.29694872499999997 0.3178671890625
2 0.285028703125 0.31724392031250004 0.285028703125 0.3340721828125 0.2976499 0.3340721828125 0.2976499 0.31724392031250004 0.285028703125 0.31724392031250004
2 0.27170633125 0.319113728125 0.27170633125 0.3322023765625 0.28222399375 0.3322023765625 0.28222399375 0.319113728125 0.27170633125 0.319113728125
2 0.2538263015625 0.322853340625 0.2538263015625 0.339681603125 0.27275809687499997 0.339681603125 0.27275809687499997 0.322853340625 0.2538263015625 0.322853340625
2 0.2324403796875 0.3178671890625 0.2324403796875 0.3403048703125 0.2566310078125 0.3403048703125 0.2566310078125 0.3178671890625 0.2324403796875 0.3178671890625
2 0.19878385468749998 0.31412757343750003 0.19878385468749998 0.34965390625000003 0.2334921453125 0.34965390625000003 0.2334921453125 0.31412757343750003 0.19878385468749998 0.31412757343750003
2 0.3263981921875 0.32908603125 0.3263981921875 0.3477840984375 0.33691585625 0.3477840984375 0.33691585625 0.32908603125 0.3263981921875 0.32908603125
2 0.335513490625 0.3234766078125 0.335513490625 0.35152371250000003 0.34918645625 0.35152371250000003 0.34918645625 0.3234766078125 0.335513490625 0.3234766078125
2 0.343927621875 0.330955834375 0.343927621875 0.35900294062500004 0.363911184375 0.35900294062500004 0.363911184375 0.330955834375 0.343927621875 0.330955834375
2 0.3607558859375 0.3328256421875 0.3607558859375 0.36835197656249996 0.3849465140625 0.36835197656249996 0.3849465140625 0.3328256421875 0.3607558859375 0.3328256421875
2 0.38389474687499997 0.33656525625 0.38389474687499997 0.37770101093749997 0.4070336078125 0.37770101093749997 0.4070336078125 0.33656525625 0.38389474687499997 0.33656525625
2 0.4031771421875 0.33469545 0.4031771421875 0.390789659375 0.42105717187499997 0.390789659375 0.42105717187499997 0.33469545 0.4031771421875 0.33469545
2 0.5167679171875 0.357133134375 0.5167679171875 0.3945292734375 0.539906778125 0.3945292734375 0.539906778125 0.357133134375 0.5167679171875 0.357133134375
2 0.47785255937500004 0.34591429218749997 0.47785255937500004 0.390789659375 0.5146643828124999 0.390789659375 0.5146643828124999 0.34591429218749997 0.47785255937500004 0.34591429218749997
2 0.6114268953125 0.35962621562499997 0.6114268953125 0.4475071421875 0.6839987765625 0.4475071421875 0.6839987765625 0.35962621562499997 0.6114268953125 0.35962621562499997
2 0.6748834796875001 0.3820638984375 0.6748834796875001 0.454986371875 0.7726977578125 0.454986371875 0.7726977578125 0.3820638984375 0.6748834796875001 0.3820638984375
2 0.5153655500000001 0.3558866 0.5153655500000001 0.46994482499999995 0.6331633921875001 0.46994482499999995 0.6331633921875001 0.3558866 0.5153655500000001 0.3558866
2 0.41229244062500003 0.2966760421875 0.41229244062500003 0.4013852328125 0.47960549218750004 0.4013852328125 0.47960549218750004 0.2966760421875 0.41229244062500003 0.2966760421875
2 0.7548177296875 0.36772871875 0.7548177296875 0.444390803125 0.8589426046874999 0.444390803125 0.8589426046874999 0.36772871875 0.7548177296875 0.36772871875
2 0.7211612015625 0.3509004546875 0.7211612015625 0.61641304375 0.9988275390625001 0.61641304375 0.9988275390625001 0.3509004546875 0.7211612015625 0.3509004546875