2 0.5179027546875 0.4747742296875 0.5179027546875 0.5084120796875 0.526732690625 0.5084120796875 0.526732690625 0.4747742296875 0.5179027546875 0.4747742296875
2 0.5267326921875 0.4722113453125 0.5267326921875 0.51033424375 0.53430120625 0.51033424375 0.53430120625 0.4722113453125 0.5267326921875 0.4722113453125
2 0.5292555296875 0.4699688234375 0.5292555296875 0.521546859375 0.550699659375 0.521546859375 0.550699659375 0.4699688234375 0.5292555296875 0.4699688234375
2 0.4687074 0.47669639375 0.4687074 0.49687910312500005 0.4787987546875 0.49687910312500005 0.4787987546875 0.47669639375 0.4687074 0.47669639375
2 0.42203488125 0.47669639375 0.42203488125 0.52603190625 0.4472632703125 0.52603190625 0.4472632703125 0.47669639375 0.42203488125 0.47669639375
2 0.3816694609375 0.4699688234375 0.3816694609375 0.5462146171875 0.43338765781250005 0.5462146171875 0.43338765781250005 0.4699688234375 0.3816694609375 0.4699688234375
2 0.45483178593750007 0.47445386875000006 0.45483178593750007 0.5058491953125 0.47249165781249997 0.5058491953125 0.47249165781249997 0.47445386875000006 0.45483178593750007 0.47445386875000006
2 0.5456539828125 0.4677263 0.5456539828125 0.5237893812500001 0.5797123046875 0.5237893812500001 0.5797123046875 0.4677263 0.5456539828125 0.4677263
2 0.326167009375 0.4699688234375 0.326167009375 0.57536741875 0.39554507656250004 0.57536741875 0.39554507656250004 0.4699688234375 0.326167009375 0.4699688234375
2 0.637737596875 0.4497861109375 0.637737596875 0.519304334375 0.7512653390625 0.519304334375 0.7512653390625 0.4497861109375 0.637737596875 0.4497861109375
2 0.95885893125 0.48566648749999997 0.95885893125 0.5619122812499999 0.9992243500000001 0.5619122812499999 0.9992243500000001 0.48566648749999997 0.95885893125 0.48566648749999997
4 0.1407383609375 0.4811814390625 0.1407383609375 0.5663973265625 0.1609210703125 0.5663973265625 0.1609210703125 0.4811814390625 0.1407383609375 0.4811814390625
4 0.1155099734375 0.49015153125 0.1155099734375 0.617975359375 0.1495682953125 0.617975359375 0.1495682953125 0.49015153125 0.1155099734375 0.49015153125
4 0.48889010937500005 0.4497861109375 0.48889010937500005 0.5686398484375 0.50907281875 0.5686398484375 0.50907281875 0.4497861109375 0.48889010937500005 0.4497861109375
4 0.789107921875 0.44305854375 0.789107921875 0.5237893812500001 0.80676779375 0.5237893812500001 0.80676779375 0.44305854375 0.789107921875 0.44305854375
4 0.8294733421875 0.434088446875 0.8294733421875 0.57536741875 0.85974740625 0.57536741875 0.85974740625 0.434088446875 0.8294733421875 0.434088446875
4 0.502765721875 0.4497861109375 0.502765721875 0.5663973265625 0.5292555296875 0.5663973265625 0.5292555296875 0.4497861109375 0.502765721875 0.4497861109375
4 0.7966764375000001 0.42287583125 0.7966764375000001 0.5798524671874999 0.8332575984374999 0.5798524671874999 0.8332575984374999 0.42287583125 0.7966764375000001 0.42287583125