5 0.5444354171875 0.5352136749999999 0.5444354171875 0.5667784484375 0.5539959015625 0.5667784484375 0.5539959015625 0.5352136749999999 0.5444354171875 0.5352136749999999
0 0.5444354171875 0.564350390625 0.5444354171875 0.5886309828125 0.5526301171875 0.5886309828125 0.5526301171875 0.564350390625 0.5444354171875 0.564350390625
5 0.532143365625 0.5327856171875001 0.532143365625 0.5692065125 0.543069634375 0.5692065125 0.543069634375 0.5327856171875001 0.532143365625 0.5327856171875001
0 0.5307775828125 0.564350390625 0.5307775828125 0.586202925 0.5430696328125 0.586202925 0.5430696328125 0.564350390625 0.5307775828125 0.564350390625
6 0.5458012 0.280267428125 0.5458012 0.6954656046875 0.7424740203125 0.6954656046875 0.7424740203125 0.280267428125 0.5458012 0.280267428125
4 0.741189959375 0.5255014375 0.741189959375 0.763451271875 0.7902764437500001 0.763451271875 0.7902764437500001 0.5255014375 0.741189959375 0.5255014375
6 0.49253564375 0.49636472343750004 0.49253564375 0.5692065109375 0.5266802312500001 0.5692065109375 0.5266802312500001 0.49636472343750004 0.49253564375 0.49636472343750004
2 0.42834382031249996 0.52064531875 0.42834382031249996 0.6056274 0.4870725109375 0.6056274 0.4870725109375 0.52064531875 0.42834382031249996 0.52064531875
4 0.3982965859375 0.523073378125 0.3982965859375 0.564350390625 0.4092228515625 0.564350390625 0.4092228515625 0.523073378125 0.3982965859375 0.523073378125
4 0.4105886359375 0.523073378125 0.4105886359375 0.5667784499999999 0.4242464703125 0.5667784499999999 0.4242464703125 0.523073378125 0.4105886359375 0.523073378125
4 0.09372285 0.4938157921875 0.09372285 0.58263158125 0.1266957125 0.58263158125 0.1266957125 0.4938157921875 0.09372285 0.4938157921875