2 0.33987327968750003 0.20132601718749998 0.33987327968750003 0.3042795625 0.41487325156250004 0.3042795625 0.41487325156250004 0.20132601718749998 0.33987327968750003 0.20132601718749998
2 0.23259484375 0.19324886562500002 0.23259484375 0.2658226796875 0.28955684531250003 0.2658226796875 0.28955684531250003 0.19324886562500002 0.23259484375 0.19324886562500002
2 0.167088540625 0.1746834734375 0.167088540625 0.22025307500000002 0.20316447499999998 0.22025307500000002 0.20316447499999998 0.1746834734375 0.167088540625 0.1746834734375
1 0.610917475 0.1510547921875 0.610917475 0.3637129328125 0.8492085156250001 0.3637129328125 0.8492085156250001 0.1510547921875 0.610917475 0.1510547921875
2 0.57436685625 0.2345990609375 0.57436685625 0.310548396875 0.6277212765625 0.310548396875 0.6277212765625 0.2345990609375 0.57436685625 0.2345990609375
2 0.5392402890625 0.226160246875 0.5392402890625 0.2987340578125 0.587657990625 0.2987340578125 0.587657990625 0.226160246875 0.5392402890625 0.226160246875
2 0.5183542203125 0.22953577187500002 0.5183542203125 0.2835441890625 0.5477845890624999 0.2835441890625 0.5477845890624999 0.22953577187500002 0.5183542203125 0.22953577187500002
2 0.4898732203125 0.21603366875000002 0.4898732203125 0.2784809015625 0.5183542203125 0.2784809015625 0.5183542203125 0.21603366875000002 0.4898732203125 0.21603366875000002
2 0.46139221875 0.21940919375 0.46139221875 0.273417609375 0.48892385312500003 0.273417609375 0.48892385312500003 0.21940919375 0.46139221875 0.21940919375
2 0.448101084375 0.22784800781249998 0.448101084375 0.26329103125 0.462341584375 0.26329103125 0.462341584375 0.22784800781249998 0.448101084375 0.22784800781249998
2 0.4101264171875 0.21772143124999999 0.4101264171875 0.2548522203125 0.4329112171875 0.2548522203125 0.4329112171875 0.21772143124999999 0.4101264171875 0.21772143124999999
2 0.28670874375 0.205907090625 0.28670874375 0.23966234687500002 0.299999878125 0.23966234687500002 0.299999878125 0.205907090625 0.28670874375 0.205907090625
2 0.21930370781250003 0.192404984375 0.21930370781250003 0.2345990609375 0.2430378765625 0.2345990609375 0.2430378765625 0.192404984375 0.21930370781250003 0.192404984375
2 0.20316447499999998 0.17890288125 0.20316447499999998 0.20928261718750002 0.2174049734375 0.20928261718750002 0.2174049734375 0.17890288125 0.20316447499999998 0.17890288125
2 0.06645566875 0.1704640671875 0.06645566875 0.204219325 0.0949366703125 0.204219325 0.0949366703125 0.1704640671875 0.06645566875 0.1704640671875
2 0.1148733703125 0.17721511875 0.1148733703125 0.205907090625 0.1499999390625 0.205907090625 0.1499999390625 0.17721511875 0.1148733703125 0.17721511875
2 0.87626546875 0.2616032703125 0.87626546875 0.37805891875 0.9768983390624999 0.37805891875 0.9768983390624999 0.2616032703125 0.87626546875 0.2616032703125
2 0 0.20428319374999998 0.0426074265625 0.20428319374999998 0.0426074265625 0.13805671875 0 0.13805671875 0 0.20428319374999998