2 0.3325760453125 0.4921715375 0.3325760453125 0.5383950984375 0.359341528125 0.5383950984375 0.359341528125 0.4921715375 0.3325760453125 0.4921715375
2 0.2943396453125 0.49353105625 0.2943396453125 0.5506307500000001 0.335634959375 0.5506307500000001 0.335634959375 0.49353105625 0.2943396453125 0.49353105625
2 0.24386759218749998 0.5044071859375 0.24386759218749998 0.5547092953125 0.296633828125 0.5547092953125 0.296633828125 0.5044071859375 0.24386759218749998 0.5044071859375
2 0.6185843390625 0.48265492343750005 0.6185843390625 0.5383951015624999 0.662938565625 0.5383951015624999 0.662938565625 0.48265492343750005 0.6185843390625 0.48265492343750005
6 0.690468775 0.3276700375 0.690468775 0.613168509375 0.8671209546875 0.613168509375 0.8671209546875 0.3276700375 0.690468775 0.3276700375
2 0.5023456734375 0.448667009375 0.5023456734375 0.64987545625 0.628525803125 0.64987545625 0.628525803125 0.448667009375 0.5023456734375 0.448667009375
4 0.054422978125 0.4815917640625 0.054422978125 0.5844333640625 0.086560978125 0.5844333640625 0.086560978125 0.4815917640625 0.054422978125 0.4815917640625
4 0.8376719625 0.4815917640625 0.8376719625 0.7476740015625001 0.8918474468750001 0.7476740015625001 0.8918474468750001 0.4815917640625 0.8376719625 0.4815917640625
6 0.361111325 0.408133478125 0.361111325 0.52403433125 0.42446909687499995 0.52403433125 0.42446909687499995 0.408133478125 0.361111325 0.408133478125
2 0.42355086875000003 0.4848565765625 0.42355086875000003 0.5093426734375 0.44191543906249997 0.5093426734375 0.44191543906249997 0.4848565765625 0.42355086875000003 0.4848565765625
2 0.44926126875000005 0.48322416874999996 0.44926126875000005 0.5109750765625 0.4703805265625 0.5109750765625 0.4703805265625 0.48322416874999996 0.44926126875000005 0.48322416874999996
2 0.8379001625000001 0.4711767921875 0.8379001625000001 0.7067651875000001 0.998709096875 0.7067651875000001 0.998709096875 0.4711767921875 0.8379001625000001 0.4711767921875
2 0.660712540625 0.4711767921875 0.660712540625 0.5373533078125 0.7083596328125 0.5373533078125 0.7083596328125 0.4711767921875 0.660712540625 0.4711767921875