2 0.5263094265625 0.49924573125 0.5263094265625 0.5247174546875 0.5435028390625 0.5247174546875 0.5435028390625 0.49924573125 0.5263094265625 0.49924573125
2 0.511981584375 0.4890570421875 0.511981584375 0.5196231078125 0.5291749968749999 0.5196231078125 0.5291749968749999 0.4890570421875 0.511981584375 0.4890570421875
2 0.4947881734375 0.4941513875 0.4947881734375 0.5196231078125 0.5119815859375 0.5196231078125 0.5119815859375 0.4941513875 0.4947881734375 0.4941513875
2 0.5435028375 0.48650987187499994 0.5435028375 0.5170759375 0.5621290343750001 0.5170759375 0.5621290343750001 0.48650987187499994 0.5435028375 0.48650987187499994
2 0.550666759375 0.4890570421875 0.550666759375 0.5221702796875001 0.5692929546875 0.5221702796875001 0.5692929546875 0.4890570421875 0.550666759375 0.4890570421875
2 0.5549651140625 0.4890570421875 0.5549651140625 0.5323589671875 0.5807552328125001 0.5323589671875 0.5807552328125001 0.4890570421875 0.5549651140625 0.4890570421875
2 0.570725740625 0.48650987187499994 0.570725740625 0.53235896875 0.5993814265624999 0.53235896875 0.5993814265624999 0.48650987187499994 0.570725740625 0.48650987187499994
2 0.5864863671875 0.4890570421875 0.5864863671875 0.5501891718749999 0.629469896875 0.5501891718749999 0.629469896875 0.4890570421875 0.5864863671875 0.4890570421875
2 0.45467021250000006 0.4839626984375 0.45467021250000006 0.5349061421875 0.4847586828125 0.5349061421875 0.4847586828125 0.4839626984375 0.45467021250000006 0.4839626984375
2 0.43174566406250003 0.49160421562499995 0.43174566406250003 0.5349061390625 0.46326691875000003 0.5349061390625 0.46326691875000003 0.49160421562499995 0.43174566406250003 0.49160421562499995
2 0.42028338906249996 0.49669855937499996 0.42028338906249996 0.5400004843749999 0.4489390765625 0.5400004843749999 0.4489390765625 0.49669855937499996 0.42028338906249996 0.49669855937499996
2 0.39735883906249997 0.5017929062500001 0.39735883906249997 0.547642003125 0.43174566406250003 0.547642003125 0.43174566406250003 0.5017929062500001 0.39735883906249997 0.5017929062500001
2 0.371568721875 0.504340075 0.371568721875 0.5603778609375001 0.400224409375 0.5603778609375001 0.400224409375 0.504340075 0.371568721875 0.504340075
2 0.3185557046875 0.4890570421875 0.3185557046875 0.5680193765625 0.380165428125 0.5680193765625 0.380165428125 0.4890570421875 0.3185557046875 0.4890570421875
2 0.2268575078125 0.4890570421875 0.2268575078125 0.59603826875 0.3300179765625 0.59603826875 0.3300179765625 0.4890570421875 0.2268575078125 0.4890570421875
2 0.629469896875 0.4788683546875 0.629469896875 0.56547220625 0.7011091125 0.56547220625 0.7011091125 0.4788683546875 0.629469896875 0.4788683546875
2 0.10220527187499999 0.4941513875 0.10220527187499999 0.6316986796874999 0.24118535 0.6316986796874999 0.24118535 0.4941513875 0.10220527187499999 0.4941513875
2 0.7928073078125 0.43811360156249995 0.7928073078125 0.6877364671875 0.999128246875 0.6877364671875 0.999128246875 0.43811360156249995 0.7928073078125 0.43811360156249995