2 0.0008609437500000001 0.0008769078124999999 0.0008609437500000001 0.7447547937500001 0.21352047812500002 0.7447547937500001 0.21352047812500002 0.0008769078124999999 0.0008609437500000001 0.0008769078124999999
2 0.7774556796875001 0.5160933937500001 0.7774556796875001 0.7126119234375 0.9981786312500001 0.7126119234375 0.9981786312500001 0.5160933937500001 0.7774556796875001 0.5160933937500001
2 0.1747768390625 0.395775046875 0.1747768390625 0.6024077937500001 0.2453763609375 0.6024077937500001 0.2453763609375 0.395775046875 0.1747768390625 0.395775046875
2 0.2307398734375 0.4493465 0.2307398734375 0.5748567625 0.26862254218750004 0.5748567625 0.26862254218750004 0.4493465 0.2307398734375 0.4493465
2 0.6397005171875 0.49220366093749995 0.6397005171875 0.64265580625 0.7938330687499999 0.64265580625 0.7938330687499999 0.49220366093749995 0.6397005171875 0.49220366093749995
2 0.4761162578125 0.501387340625 0.4761162578125 0.574856759375 0.5484377203124999 0.574856759375 0.5484377203124999 0.501387340625 0.4761162578125 0.501387340625
2 0.4442603765625 0.49832611406250005 0.4442603765625 0.5595506343750001 0.4950575953125 0.5595506343750001 0.4950575953125 0.49832611406250005 0.4442603765625 0.49832611406250005
2 0.4253190421875 0.5044485640625 0.4253190421875 0.55495879375 0.45803589218749996 0.55495879375 0.45803589218749996 0.5044485640625 0.4253190421875 0.5044485640625
2 0.36763406718749997 0.49832611406250005 0.36763406718749997 0.5304689875 0.389158309375 0.5304689875 0.389158309375 0.49832611406250005 0.36763406718749997 0.49832611406250005
2 0.349553703125 0.493734275 0.349553703125 0.52281591875 0.3745218265625 0.52281591875 0.3745218265625 0.493734275 0.349553703125 0.493734275
2 0.33922206718750003 0.4906730453125 0.33922206718750003 0.5212853078124999 0.36160728125 0.5212853078124999 0.36160728125 0.4906730453125 0.33922206718750003 0.4906730453125
2 0.32028073125 0.487611821875 0.32028073125 0.5136322421874999 0.3426659453125 0.5136322421874999 0.3426659453125 0.487611821875 0.32028073125 0.487611821875
2 0.3073661828125 0.484550596875 0.3073661828125 0.5151628609375 0.3297513984375 0.5151628609375 0.3297513984375 0.484550596875 0.3073661828125 0.484550596875
2 0.383131521875 0.4906730453125 0.383131521875 0.5488363359374999 0.42876292187500004 0.5488363359374999 0.42876292187500004 0.4906730453125 0.383131521875 0.4906730453125
2 0.286702909375 0.48914243593749995 0.286702909375 0.5136322421874999 0.30564424218749997 0.5136322421874999 0.30564424218749997 0.48914243593749995 0.286702909375 0.48914243593749995
2 0.2720664234375 0.493734275 0.2720664234375 0.5090404046875 0.2884248484375 0.5090404046875 0.2884248484375 0.493734275 0.2720664234375 0.493734275