2 0 0.7527964671875 0.2559136171875 0.7527964671875 0.2559136171875 0.47822024843750005 0 0.47822024843750005 0 0.7527964671875
2 0.8569781203125 0.40805076875 0.8569781203125 0.7558473140624999 0.998556484375 0.7558473140624999 0.998556484375 0.40805076875 0.8569781203125 0.40805076875
2 0.5622377109375 0.44923720312500004 0.5622377109375 0.644491403125 0.703816075 0.644491403125 0.703816075 0.44923720312500004 0.5622377109375 0.44923720312500004
6 0.44211061406249996 0.42025415625000007 0.44211061406249996 0.5483897265625 0.491877553125 0.5483897265625 0.491877553125 0.42025415625000007 0.44211061406249996 0.42025415625000007
2 0.169250496875 0.44771177968750003 0.169250496875 0.6551693640625 0.3331381765625 0.6551693640625 0.3331381765625 0.44771177968750003 0.169250496875 0.44771177968750003
2 0.317693265625 0.4751694015625 0.317693265625 0.5972032765625 0.3726085109375 0.5972032765625 0.3726085109375 0.4751694015625 0.317693265625 0.4751694015625
2 0.3417186859375 0.45991516718750003 0.3417186859375 0.5697456546875 0.4163690953125 0.5697456546875 0.4163690953125 0.45991516718750003 0.3417186859375 0.45991516718750003
2 0.4052144359375 0.46906770625 0.4052144359375 0.5544914203125 0.43353010937500003 0.5544914203125 0.43353010937500003 0.46906770625 0.4052144359375 0.46906770625
2 0.42494960156249995 0.47059313124999996 0.42494960156249995 0.546864303125 0.44211061406249996 0.546864303125 0.44211061406249996 0.47059313124999996 0.42494960156249995 0.47059313124999996
2 0.6836518828125 0.45838974375 0.6836518828125 0.5849998921874999 0.740283228125 0.5849998921874999 0.740283228125 0.45838974375 0.6836518828125 0.45838974375
2 0.732560771875 0.45838974375 0.732560771875 0.6582202171875 0.9213319249999999 0.6582202171875 0.9213319249999999 0.45838974375 0.732560771875 0.45838974375
2 0.5575184328125 0.48279651875 0.5575184328125 0.530084646875 0.5884082546875 0.530084646875 0.5884082546875 0.48279651875 0.5575184328125 0.48279651875
2 0.53949936875 0.5011015999999999 0.53949936875 0.5270337953124999 0.5566603812500001 0.5270337953124999 0.5566603812500001 0.5011015999999999 0.53949936875 0.5011015999999999
2 0.5317769109375 0.491949059375 0.5317769109375 0.5239829515625 0.5412154703125001 0.5239829515625 0.5412154703125001 0.491949059375 0.5317769109375 0.491949059375
2 0.52491250625 0.5011015999999999 0.52491250625 0.5209321046875 0.5343510640625 0.5209321046875 0.5343510640625 0.5011015999999999 0.52491250625 0.5011015999999999
2 0.497454884375 0.49652532968749996 0.497454884375 0.522457525 0.5180481015625 0.522457525 0.5180481015625 0.49652532968749996 0.497454884375 0.49652532968749996
2 0.5180481015625 0.49499990625 0.5180481015625 0.5209321046875 0.528344709375 0.5209321046875 0.528344709375 0.49499990625 0.5180481015625 0.49499990625