2 0.1159794 0.43670110156249997 0.1159794 0.4531959484375 0.1322165171875 0.4531959484375 0.1322165171875 0.43670110156249997 0.1159794 0.43670110156249997
2 0.1646907484375 0.43670110156249997 0.1646907484375 0.4531959484375 0.17512889375000001 0.4531959484375 0.17512889375000001 0.43670110156249997 0.1646907484375 0.43670110156249997
2 0.1739691015625 0.4263918203125 0.1739691015625 0.45938151875 0.1878866296875 0.45938151875 0.1878866296875 0.4263918203125 0.1739691015625 0.4263918203125
2 0.183247453125 0.4222681078125 0.183247453125 0.469690796875 0.2168814796875 0.469690796875 0.2168814796875 0.4222681078125 0.183247453125 0.4222681078125
2 0.097422696875 0.4263918203125 0.097422696875 0.4655670890625 0.11713919375 0.4655670890625 0.11713919375 0.4263918203125 0.097422696875 0.4263918203125
2 0.0649484640625 0.4254296125 0.0649484640625 0.48316158124999997 0.1043814609375 0.48316158124999997 0.1043814609375 0.4254296125 0.0649484640625 0.4254296125
2 0.0347938203125 0.4213059 0.0347938203125 0.4378007484375 0.054510317187500004 0.4378007484375 0.054510317187500004 0.4213059 0.0347938203125 0.4213059
2 0.2168814796875 0.37594506875 0.2168814796875 0.505841996875 0.25979385625 0.505841996875 0.25979385625 0.37594506875 0.2168814796875 0.37594506875
2 0.8002578640625 0.4068729078125 0.8002578640625 0.44192446093750004 0.82577333125 0.44192446093750004 0.82577333125 0.4068729078125 0.8002578640625 0.4068729078125
2 0.7840207484375 0.41099662031250006 0.7840207484375 0.452233740625 0.8083764234374999 0.452233740625 0.8083764234374999 0.41099662031250006 0.7840207484375 0.41099662031250006
2 0.7585052796875 0.40893476562500003 0.7585052796875 0.4522337421875 0.7921393046875 0.4522337421875 0.7921393046875 0.40893476562500003 0.7585052796875 0.40893476562500003
2 0.665721759375 0.4171821890625 0.665721759375 0.47903786562499995 0.7121135203125 0.47903786562499995 0.7121135203125 0.4171821890625 0.665721759375 0.4171821890625
2 0.623969175 0.4171821890625 0.623969175 0.48728529375 0.6819588750000001 0.48728529375 0.6819588750000001 0.4171821890625 0.623969175 0.4171821890625
2 0.6100516484375 0.40481105156249997 0.6100516484375 0.4955327171875 0.6413660859375 0.4955327171875 0.6413660859375 0.40481105156249997 0.6100516484375 0.40481105156249997
2 0.85305156875 0.3852449078125 0.85305156875 0.46153358281249995 0.91452065 0.46153358281249995 0.91452065 0.3852449078125 0.85305156875 0.3852449078125
2 0.726634021875 0.41823460468749996 0.726634021875 0.46565729375 0.7683866046875 0.46565729375 0.7683866046875 0.41823460468749996 0.726634021875 0.41823460468749996
2 0.8275360984375 0.3996779015625 0.8275360984375 0.49452327656249995 0.9075618859375 0.49452327656249995 0.9075618859375 0.3996779015625 0.8275360984375 0.3996779015625
2 0.9122010625 0.4038016125 0.9122010625 0.438853165625 0.928438178125 0.438853165625 0.928438178125 0.4038016125 0.9122010625 0.4038016125
2 0.0017627671875 0.4306057421875 0.0017627671875 0.50483255625 0.0701906140625 0.50483255625 0.0701906140625 0.4306057421875 0.0017627671875 0.4306057421875
2 0.128180315625 0.432667596875 0.128180315625 0.47802842968750003 0.1629741328125 0.47802842968750003 0.1629741328125 0.432667596875 0.128180315625 0.432667596875
1 0.2534380671875 0.059471659375 0.2534380671875 0.6058635 0.622252559375 0.6058635 0.622252559375 0.059471659375 0.2534380671875 0.059471659375
2 0.9899072609375 0.4038016125 0.9899072609375 0.4821521421875 0.9980258187500001 0.4821521421875 0.9980258187500001 0.4038016125 0.9899072609375 0.4038016125
2 0 0.46666673437500006 0.009278353125 0.46666673437500006 0.009278353125 0.44192446093750004 0 0.44192446093750004 0 0.46666673437500006