2 0.752413825 0.238124915625 0.752413825 0.4724998359375 0.9749528109375 0.4724998359375 0.9749528109375 0.238124915625 0.752413825 0.238124915625
2 0.1466015109375 0.3374998828125 0.1466015109375 0.5174998203125 0.3237889515625 0.5174998203125 0.3237889515625 0.3374998828125 0.1466015109375 0.3374998828125
2 0.312187390625 0.34687487968749997 0.312187390625 0.44249984375 0.3881248640625 0.44249984375 0.3881248640625 0.34687487968749997 0.312187390625 0.34687487968749997
2 0.3733592453125 0.3206248875 0.3733592453125 0.41437485625 0.43874984531249994 0.41437485625 0.43874984531249994 0.3206248875 0.3733592453125 0.3206248875
2 0.4260936015625 0.32249988749999997 0.4260936015625 0.3937498609375 0.4661717125 0.3937498609375 0.4661717125 0.32249988749999997 0.4260936015625 0.32249988749999997
2 0.460898275 0.33374988125 0.460898275 0.382499865625 0.48621076875 0.382499865625 0.48621076875 0.33374988125 0.460898275 0.33374988125
5 0.48093733125 0.3112498921875 0.48093733125 0.40687485624999997 0.5051951359375 0.40687485624999997 0.5051951359375 0.3112498921875 0.48093733125 0.3112498921875
3 0.4756638953125 0.33562488125 0.4756638953125 0.41812485468749994 0.5030857625 0.41812485468749994 0.5030857625 0.33562488125 0.4756638953125 0.33562488125
2 0.5062498234375 0.3206248875 0.5062498234375 0.3599998734375 0.528398253125 0.3599998734375 0.528398253125 0.3206248875 0.5062498234375 0.3206248875
2 0.5178513812500001 0.3149998921875 0.5178513812500001 0.37312486875 0.5610935546875 0.37312486875 0.5610935546875 0.3149998921875 0.5178513812500001 0.3149998921875
2 0.55054668125 0.3112498921875 0.55054668125 0.354374875 0.5705857375 0.354374875 0.5705857375 0.3112498921875 0.55054668125 0.3112498921875
2 0.69609350625 0.26624990625 0.69609350625 0.39187486250000003 0.7773044171875 0.39187486250000003 0.7773044171875 0.26624990625 0.69609350625 0.26624990625
2 0.67605445 0.279374903125 0.67605445 0.3806248671875 0.7150778734375 0.3806248671875 0.7150778734375 0.279374903125 0.67605445 0.279374903125
2 0.667616953125 0.279374903125 0.667616953125 0.3618748734375 0.69714819375 0.3618748734375 0.69714819375 0.279374903125 0.667616953125 0.279374903125
2 0.652851334375 0.30187489375 0.652851334375 0.34874987968750004 0.6749997624999999 0.34874987968750004 0.6749997624999999 0.30187489375 0.652851334375 0.30187489375
2 0.6539060203125 0.2906248984375 0.6539060203125 0.3112498921875 0.6749997624999999 0.3112498921875 0.6749997624999999 0.2906248984375 0.6539060203125 0.2906248984375
2 0.6296482171875 0.30187489375 0.6296482171875 0.33562488125 0.6496872734375 0.33562488125 0.6496872734375 0.30187489375 0.6296482171875 0.30187489375
2 0.6235310453125 0.30787489375 0.6235310453125 0.317249890625 0.6319685421875 0.317249890625 0.6319685421875 0.30787489375 0.6235310453125 0.30787489375
2 0.616148234375 0.30974989218750004 0.616148234375 0.330374884375 0.62458573125 0.330374884375 0.62458573125 0.30974989218750004 0.616148234375 0.30974989218750004
2 0.6013826156250001 0.30787489375 0.6013826156250001 0.33599988281250004 0.620366984375 0.33599988281250004 0.620366984375 0.30787489375 0.6013826156250001 0.30787489375
2 0.58957010625 0.3181248875 0.58957010625 0.33499988125 0.600116978125 0.33499988125 0.600116978125 0.3181248875 0.58957010625 0.3181248875
2 0.5737498000000001 0.3191948546875 0.5737498000000001 0.3443748796875 0.59062479375 0.3443748796875 0.59062479375 0.3191948546875 0.5737498000000001 0.3191948546875
2 0.58690666875 0.306610109375 0.58690666875 0.317288075 0.594629125 0.317288075 0.594629125 0.306610109375 0.58690666875 0.306610109375
2 0.594629125 0.302033840625 0.594629125 0.31423723125 0.6006354796875 0.31423723125 0.6006354796875 0.302033840625 0.594629125 0.302033840625