2 0.47741104375 0.500821165625 0.47741104375 0.520225675 0.48676678906250004 0.520225675 0.48676678906250004 0.500821165625 0.47741104375 0.500821165625
2 0.47273317031250006 0.5035932390625 0.47273317031250006 0.525769821875 0.48364820625 0.525769821875 0.48364820625 0.5035932390625 0.47273317031250006 0.5035932390625
2 0.4524623859375 0.500821165625 0.4524623859375 0.538244146875 0.4742924609375 0.538244146875 0.4742924609375 0.500821165625 0.4524623859375 0.500821165625
2 0.4431066421875 0.5146815296875 0.4431066421875 0.5424022578125001 0.4633774234375 0.5424022578125001 0.4633774234375 0.5146815296875 0.4431066421875 0.5146815296875
2 0.42205621249999997 0.5022072015625 0.42205621249999997 0.5534905484375 0.44700486875 0.5534905484375 0.44700486875 0.5022072015625 0.42205621249999997 0.5022072015625
2 0.4212765671875 0.517453603125 0.4212765671875 0.546560365625 0.44154735 0.546560365625 0.44154735 0.517453603125 0.4212765671875 0.517453603125
2 0.417378340625 0.5160675671875 0.417378340625 0.556262621875 0.43531018593750004 0.556262621875 0.43531018593750004 0.5160675671875 0.417378340625 0.5160675671875
2 0.404124365625 0.507751346875 0.404124365625 0.56457884375 0.4243951484375 0.56457884375 0.4243951484375 0.507751346875 0.404124365625 0.507751346875
2 0.3846332296875 0.5035932390625 0.3846332296875 0.5715090218750001 0.4150394046875 0.5715090218750001 0.4150394046875 0.5035932390625 0.3846332296875 0.5035932390625
2 0.3550067 0.5035932390625 0.3550067 0.57843920625 0.3963279125 0.57843920625 0.3963279125 0.5035932390625 0.3550067 0.5035932390625
2 0.3261598171875 0.517453603125 0.3261598171875 0.6020018203124999 0.3752774828125 0.6020018203124999 0.3752774828125 0.517453603125 0.3261598171875 0.517453603125
2 0.2731439234375 0.5022072015625 0.2731439234375 0.6311085890625 0.351108471875 0.6311085890625 0.351108471875 0.5022072015625 0.2731439234375 0.5022072015625
2 0.1211130546875 0.48141665624999996 0.1211130546875 0.6810059015625 0.29419435 0.6810059015625 0.29419435 0.48141665624999996 0.1211130546875 0.48141665624999996
2 0.53120658125 0.51329549375 0.53120658125 0.535472078125 0.5421216171875 0.535472078125 0.5421216171875 0.51329549375 0.53120658125 0.51329549375
2 0.5366641000000001 0.517453603125 0.5366641000000001 0.53963018125 0.552257009375 0.53963018125 0.552257009375 0.517453603125 0.5366641000000001 0.517453603125
2 0.5483587812499999 0.5211496953125 0.5483587812499999 0.541940240625 0.56784991875 0.541940240625 0.56784991875 0.5211496953125 0.5483587812499999 0.5211496953125
2 0.571748146875 0.5211496953125 0.571748146875 0.5599587171875 0.5974764484375 0.5599587171875 0.5974764484375 0.5211496953125 0.571748146875 0.5211496953125
2 0.5974764484375 0.5169915890625 0.5974764484375 0.5710470078125 0.6185268749999999 0.5710470078125 0.6185268749999999 0.5169915890625 0.5974764484375 0.5169915890625
2 0.608391484375 0.5100614046875 0.608391484375 0.5862934078125 0.65439056875 0.5862934078125 0.65439056875 0.5100614046875 0.608391484375 0.5100614046875
2 0.722219725 0.529465915625 0.722219725 0.6597533390625 0.8305904500000001 0.6597533390625 0.8305904500000001 0.529465915625 0.722219725 0.529465915625
2 0.6380180125 0.5211496953125 0.6380180125 0.60431188125 0.7035082328125 0.60431188125 0.7035082328125 0.5211496953125 0.6380180125 0.5211496953125
2 0.00062370625 0.41941462031250004 0.00062370625 0.7534493984374999 0.1292652109375 0.7534493984374999 0.1292652109375 0.41941462031250004 0.00062370625 0.41941462031250004
2 0.80443821875 0.53445564375 0.80443821875 0.721570559375 0.9993495906250001 0.721570559375 0.9993495906250001 0.53445564375 0.80443821875 0.53445564375