2 0.967856384375 0.3918747234375 0.967856384375 0.41296845781249997 0.9889501218750001 0.41296845781249997 0.9889501218750001 0.3918747234375 0.967856384375 0.3918747234375
2 0.9441259343749999 0.389530975 0.9441259343749999 0.41765595624999996 0.970493103125 0.41765595624999996 0.970493103125 0.389530975 0.9441259343749999 0.389530975
2 0.896665028125 0.38249973125 0.896665028125 0.4199997046875 0.9467626515625 0.4199997046875 0.9467626515625 0.38249973125 0.896665028125 0.38249973125
2 0.8557959171875 0.3707809875 0.8557959171875 0.4364059421875 0.9138036890624999 0.4364059421875 0.9138036890624999 0.3707809875 0.8557959171875 0.3707809875
2 0.8109717296875001 0.38249973125 0.8109717296875001 0.44578093750000003 0.8637060671875 0.44578093750000003 0.8637060671875 0.38249973125 0.8109717296875001 0.38249973125
2 0.6593605046875 0.4012497171875 0.6593605046875 0.4785934140625 0.7239600703125 0.4785934140625 0.7239600703125 0.4012497171875 0.6593605046875 0.4012497171875
2 0.5749855625 0.37546848593750004 0.5749855625 0.49265590625 0.66727065625 0.49265590625 0.66727065625 0.37546848593750004 0.5749855625 0.37546848593750004
2 0.46688016875000005 0.36374974375 0.46688016875000005 0.50671839375 0.5789406390625 0.50671839375 0.5789406390625 0.36374974375 0.46688016875000005 0.36374974375
2 0.792514709375 0.4012497171875 0.792514709375 0.45281218125 0.825473671875 0.45281218125 0.825473671875 0.4012497171875 0.792514709375 0.4012497171875
2 0.7397803703125 0.405937215625 0.7397803703125 0.4645309234375 0.8109717296875001 0.4645309234375 0.8109717296875001 0.405937215625 0.7397803703125 0.405937215625
2 0.09114800468749999 0.34499975625 0.09114800468749999 0.6520307937500001 0.51961450625 0.6520307937500001 0.51961450625 0.34499975625 0.09114800468749999 0.34499975625
2 0 0.59812458125 0.1452007015625 0.59812458125 0.1452007015625 0.389530975 0 0.389530975 0 0.59812458125
2 0.9889501218750001 0.389530975 0.9889501218750001 0.41531220781249995 0.9994969890625001 0.41531220781249995 0.9994969890625001 0.389530975 0.9889501218750001 0.389530975