2 0.4026929109375 0.416587390625 0.4026929109375 0.457108690625 0.4278854296875 0.457108690625 0.4278854296875 0.416587390625 0.4026929109375 0.416587390625
2 0.387097540625 0.427250890625 0.387097540625 0.452843290625 0.4026929109375 0.452843290625 0.4026929109375 0.427250890625 0.387097540625 0.427250890625
2 0.37750039062499996 0.427250890625 0.37750039062499996 0.452843290625 0.3930957609375 0.452843290625 0.3930957609375 0.427250890625 0.37750039062499996 0.427250890625
2 0.3667035984375 0.4293835921875 0.3667035984375 0.45710869218749994 0.383498609375 0.45710869218749994 0.383498609375 0.4293835921875 0.3667035984375 0.4293835921875
2 0.343910365625 0.4293835921875 0.343910365625 0.46990489062499996 0.3715021734375 0.46990489062499996 0.3715021734375 0.4293835921875 0.343910365625 0.4293835921875
2 0.4542775921875 0.416587390625 0.4542775921875 0.43364899062499995 0.46627402812499996 0.43364899062499995 0.46627402812499996 0.416587390625 0.4542775921875 0.416587390625
2 0.46987296093750003 0.412321990625 0.46987296093750003 0.4293835921875 0.47947010937499995 0.4293835921875 0.47947010937499995 0.412321990625 0.46987296093750003 0.412321990625
2 0.4902669046875 0.422985490625 0.4902669046875 0.4507105921875 0.5034629859375 0.4507105921875 0.5034629859375 0.422985490625 0.4902669046875 0.422985490625
2 0.498664409375 0.431516290625 0.498664409375 0.46137408906250005 0.5190583546875 0.46137408906250005 0.5190583546875 0.431516290625 0.498664409375 0.431516290625
2 0.5154594234375 0.435781690625 0.5154594234375 0.4763029890625 0.5322544359375 0.4763029890625 0.5322544359375 0.435781690625 0.5154594234375 0.435781690625
2 0.5274558625 0.422985490625 0.5274558625 0.49336459218749995 0.55504766875 0.49336459218749995 0.55504766875 0.422985490625 0.5274558625 0.422985490625
2 0.547849803125 0.40165849062500003 0.547849803125 0.5104261921875 0.6222277171874999 0.5104261921875 0.6222277171874999 0.40165849062500003 0.547849803125 0.40165849062500003
2 0.6594166734375 0.40165849062500003 0.6594166734375 0.45497599062500005 0.69900491875 0.45497599062500005 0.69900491875 0.40165849062500003 0.6594166734375 0.40165849062500003
2 0.6186287859374999 0.40165849062500003 0.6186287859374999 0.459241390625 0.6594166734375 0.459241390625 0.6594166734375 0.40165849062500003 0.6186287859374999 0.40165849062500003
2 1 0.380331490625 0.90054506875 0.380331490625 0.90054506875 0.48483379062500004 1 0.48483379062500004 1 0.380331490625
2 0.090785534375 0.452843290625 0.090785534375 0.499762690625 0.1291741359375 0.499762690625 0.1291741359375 0.452843290625 0.090785534375 0.452843290625
2 0.0308033484375 0.457108690625 0.0308033484375 0.512558890625 0.093184821875 0.512558890625 0.093184821875 0.457108690625 0.0308033484375 0.457108690625