2 0.186830440625 0.609183946875 0.186830440625 0.7209186937500001 0.28239808437499997 0.7209186937500001 0.28239808437499997 0.609183946875 0.186830440625 0.609183946875
2 0.3504146984375 0.6030614937500001 0.3504146984375 0.6581635609375 0.3926022171875 0.6581635609375 0.3926022171875 0.6030614937500001 0.3504146984375 0.6030614937500001
2 0.422337953125 0.605510484375 0.422337953125 0.934592265625 0.6272487578125 0.934592265625 0.6272487578125 0.605510484375 0.422337953125 0.605510484375
2 0.40551676406250003 0.60153088125 0.40551676406250003 0.632143140625 0.4261800375 0.632143140625 0.4261800375 0.60153088125 0.40551676406250003 0.60153088125
2 0.391741246875 0.6030614937500001 0.391741246875 0.630612525 0.40982161250000004 0.630612525 0.40982161250000004 0.6030614937500001 0.391741246875 0.6030614937500001
2 0.3349172421875 0.60612271875 0.3349172421875 0.64132681875 0.35644148593749997 0.64132681875 0.35644148593749997 0.60612271875 0.3349172421875 0.60612271875
2 0.302835359375 0.6131635484375 0.302835359375 0.643775809375 0.3312473609375 0.643775809375 0.3312473609375 0.6131635484375 0.302835359375 0.6131635484375
2 0.2794461890625 0.61924228125 0.2794461890625 0.6575076046875 0.2975265546875 0.6575076046875 0.2975265546875 0.61924228125 0.2794461890625 0.61924228125
2 0.2720664484375 0.61607170625 0.2720664484375 0.674234996875 0.2944516625 0.674234996875 0.2944516625 0.61607170625 0.2720664484375 0.61607170625
2 0.166167165625 0.6313778359375 0.166167165625 0.678826834375 0.20146692656249998 0.678826834375 0.20146692656249998 0.6313778359375 0.166167165625 0.6313778359375
2 0.131728375 0.6309186687499999 0.131728375 0.6676533796874999 0.170472015625 0.6676533796874999 0.170472015625 0.6309186687499999 0.131728375 0.6309186687499999
2 0.08007018906249999 0.6309186687499999 0.08007018906249999 0.7074493125 0.16875007656250002 0.7074493125 0.16875007656250002 0.6309186687499999 0.08007018906249999 0.6309186687499999
2 0.471983628125 0.6006125296875 0.471983628125 0.60979620625 0.47973235625 0.60979620625 0.47973235625 0.6006125296875 0.471983628125 0.6006125296875
2 0.4786991953125 0.5964288718749999 0.4786991953125 0.611735003125 0.490752771875 0.611735003125 0.490752771875 0.5964288718749999 0.4786991953125 0.5964288718749999
2 0.49161374062499996 0.59336764375 0.49161374062499996 0.6102043875 0.5036673171875 0.6102043875 0.5036673171875 0.59336764375 0.49161374062499996 0.59336764375
2 0.5028063484375 0.5887758062499999 0.5028063484375 0.6102043875 0.5251915625 0.6102043875 0.5251915625 0.5887758062499999 0.5028063484375 0.5887758062499999
2 0.5239001062499999 0.5954084296875 0.5239001062499999 0.615306396875 0.5368146515625 0.615306396875 0.5368146515625 0.5954084296875 0.5239001062499999 0.5954084296875
2 0.5359536828125 0.5908165921874999 0.5359536828125 0.6198982375 0.55489501875 0.6198982375 0.55489501875 0.5908165921874999 0.5359536828125 0.5908165921874999
2 0.5695315062499999 0.5862247515625 0.5695315062499999 0.59846965625 0.5790021765625 0.59846965625 0.5790021765625 0.5862247515625 0.5695315062499999 0.5862247515625
2 0.5583389000000001 0.5908165921874999 0.5583389000000001 0.6107145625 0.5686705359374999 0.6107145625 0.5686705359374999 0.5908165921874999 0.5583389000000001 0.5908165921874999
2 0.561782778125 0.59846965625 0.561782778125 0.6229594656249999 0.5790021765625 0.6229594656249999 0.5790021765625 0.59846965625 0.561782778125 0.59846965625
2 0.5772802328125 0.5938778171875 0.5772802328125 0.630612528125 0.5996654484375 0.630612528125 0.5996654484375 0.5938778171875 0.5772802328125 0.5938778171875
2 0.6375481187500001 0.5938778171875 0.6375481187500001 0.6321431359374999 0.6883453359375 0.6321431359374999 0.6883453359375 0.5938778171875 0.6375481187500001 0.5938778171875
2 0.6849014546875 0.5954084296875 0.6849014546875 0.621428846875 0.698676971875 0.621428846875 0.698676971875 0.5954084296875 0.6849014546875 0.5954084296875
2 0.756361946875 0.5709186234375 0.756361946875 0.600000271875 0.819212740625 0.600000271875 0.819212740625 0.5709186234375 0.756361946875 0.5709186234375
2 0.79811898125 0.57653088125 0.79811898125 0.6010206874999999 0.851499109375 0.6010206874999999 0.851499109375 0.57653088125 0.79811898125 0.57653088125
2 0.8368626203125 0.57959210625 0.8368626203125 0.5964288468750001 0.8781891703125 0.5964288468750001 0.8781891703125 0.57959210625 0.8368626203125 0.57959210625
2 0.8833549890624999 0.571939040625 0.8833549890624999 0.58265333125 0.8997134140625 0.58265333125 0.8997134140625 0.571939040625 0.8833549890624999 0.571939040625
2 0.8731463703125 0.5717932796875 0.8731463703125 0.5978137 0.9282484359375 0.5978137 0.9282484359375 0.5717932796875 0.8731463703125 0.5717932796875
2 0.9359971640625 0.5534259234375 0.9359971640625 0.596283084375 0.99884795625 0.596283084375 0.99884795625 0.5534259234375 0.9359971640625 0.5534259234375
2 0.9420239515625 0.5626096015625001 0.9420239515625 0.6008749250000001 0.99884795625 0.6008749250000001 0.99884795625 0.5626096015625001 0.9420239515625 0.5626096015625001
2 0.791354240625 0.5899419796875 0.791354240625 0.6986155000000001 0.9110290390625 0.6986155000000001 0.9110290390625 0.5899419796875 0.791354240625 0.5899419796875
2 0.887891896875 0.6107145593750001 0.887891896875 0.7362248203124999 0.9972350578125001 0.7362248203124999 0.9972350578125001 0.6107145593750001 0.887891896875 0.6107145593750001
2 0.0579719609375 0.56836761875 0.0579719609375 0.687755428125 0.173341909375 0.687755428125 0.173341909375 0.56836761875 0.0579719609375 0.56836761875
2 0 0.9958136796874999 0.1801655640625 0.9958136796874999 0.1801655640625 0.6558092703125 0 0.6558092703125 0 0.9958136796874999