2 0.8861003328124999 0.44884485625000003 0.8861003328124999 0.47137374843749996 0.9250926453125 0.47137374843749996 0.9250926453125 0.44884485625000003 0.8861003328124999 0.44884485625000003
2 0.673592221875 0.45231083906249997 0.673592221875 0.499101615625 0.7545012718749999 0.499101615625 0.7545012718749999 0.45231083906249997 0.673592221875 0.45231083906249997
2 0.4669329578125 0.44884485625000003 0.4669329578125 0.49216965 0.51177411875 0.49216965 0.51177411875 0.44884485625000003 0.4669329578125 0.44884485625000003
2 0.3879735234375 0.4505778484375 0.3879735234375 0.4904366578125 0.45426045625 0.4904366578125 0.45426045625 0.4505778484375 0.3879735234375 0.4505778484375
2 0.402595640625 0.46790776718749993 0.402595640625 0.497368625 0.4805802671875 0.497368625 0.4805802671875 0.46790776718749993 0.402595640625 0.46790776718749993
2 0.49910161718749996 0.447111865625 0.49910161718749996 0.5476253859375 0.5780610515625 0.5476253859375 0.5780610515625 0.447111865625 0.49910161718749996 0.447111865625
2 0.3333842828125 0.45924280624999997 0.3333842828125 0.49216965 0.360678903125 0.49216965 0.360678903125 0.45924280624999997 0.3333842828125 0.45924280624999997
2 0.2973163921875 0.46097579843750003 0.2973163921875 0.4904366578125 0.32558581875 0.4904366578125 0.32558581875 0.46097579843750003 0.2973163921875 0.46097579843750003
2 0.185213490625 0.45924280624999997 0.185213490625 0.518164528125 0.2203065734375 0.518164528125 0.2203065734375 0.45924280624999997 0.185213490625 0.45924280624999997
2 0.215432534375 0.466174771875 0.215432534375 0.5476253859375 0.282694275 0.5476253859375 0.282694275 0.466174771875 0.215432534375 0.466174771875
2 0.033143465625 0.4540438328125 0.033143465625 0.6464059140625 0.2105584953125 0.6464059140625 0.2105584953125 0.4540438328125 0.033143465625 0.4540438328125
2 0.3236362046875 0.4800387078125 0.3236362046875 0.87862680625 0.586834321875 0.87862680625 0.586834321875 0.4800387078125 0.3236362046875 0.4800387078125
6 0.360503278125 0.4085526328125 0.360503278125 0.5240131609375 0.44343502187499995 0.5240131609375 0.44343502187499995 0.4085526328125 0.360503278125 0.4085526328125