2 0 0.732054859375 0.2737113859375 0.732054859375 0.2737113859375 0.4500737109375 0 0.4500737109375 0 0.732054859375
2 0.2250000359375 0.44594999843750005 0.2250000359375 0.6273933281249999 0.3479382015625 0.6273933281249999 0.3479382015625 0.44594999843750005 0.2250000359375 0.44594999843750005
2 0.3250737 0.47069227031249994 0.3250737 0.57790878125 0.379584015625 0.57790878125 0.379584015625 0.47069227031249994 0.3250737 0.47069227031249994
2 0.36881449375 0.46350523906249996 0.36881449375 0.5501031921874999 0.412886665625 0.5501031921874999 0.412886665625 0.46350523906249996 0.36881449375 0.46350523906249996
2 0.7420362265625 0.42226811093750005 0.7420362265625 0.61402071875 0.9264434734375 0.61402071875 0.9264434734375 0.42226811093750005 0.7420362265625 0.42226811093750005
2 0.921804296875 0.5006186375 0.921804296875 0.66969083125 0.9983507015624999 0.66969083125 0.9983507015624999 0.5006186375 0.921804296875 0.5006186375
2 0.676426590625 0.4441483921875 0.676426590625 0.57896916875 0.7919073703125 0.57896916875 0.7919073703125 0.4441483921875 0.676426590625 0.4441483921875
2 0.42309285625 0.4758763640625 0.42309285625 0.517113484375 0.456726884375 0.517113484375 0.456726884375 0.4758763640625 0.42309285625 0.4758763640625
2 0.45092791249999997 0.4738145078125 0.45092791249999997 0.5088660593750001 0.47180420625 0.5088660593750001 0.47180420625 0.4738145078125 0.45092791249999997 0.4738145078125
2 0.48108255624999996 0.4738145078125 0.48108255624999996 0.5006186375 0.49731967343749994 0.5006186375 0.49731967343749994 0.4738145078125 0.48108255624999996 0.4738145078125
2 0.5042784375 0.4758763640625 0.5042784375 0.496814209375 0.5205155515625 0.496814209375 0.5205155515625 0.4758763640625 0.5042784375 0.4758763640625
2 0.5205155546875 0.4717526546875 0.5205155546875 0.5006186375 0.546031021875 0.5006186375 0.546031021875 0.4717526546875 0.5205155546875 0.4717526546875