2 0.261134946875 0.563743690625 0.261134946875 0.6618478921875 0.329514640625 0.6618478921875 0.329514640625 0.563743690625 0.261134946875 0.563743690625
2 0.19035596562499998 0.572274490625 0.19035596562499998 0.65331709375 0.2635342359375 0.65331709375 0.2635342359375 0.572274490625 0.19035596562499998 0.572274490625
2 0.061994084375 0.5701417906249999 0.061994084375 0.700236490625 0.1939548984375 0.700236490625 0.1939548984375 0.5701417906249999 0.061994084375 0.5701417906249999
2 0 0.704501890625 0.0439994296875 0.704501890625 0.0439994296875 0.540283990625 0 0.540283990625 0 0.704501890625
2 0.348708940625 0.58933609375 0.348708940625 0.61706119375 0.3667035984375 0.61706119375 0.3667035984375 0.58933609375 0.348708940625 0.58933609375
2 0.3715021734375 0.59360149375 0.3715021734375 0.6127957921875 0.3882971859375 0.6127957921875 0.3882971859375 0.59360149375 0.3715021734375 0.59360149375
2 0.3846982546875 0.58933609375 0.3846982546875 0.61066309375 0.3978943359375 0.61066309375 0.3978943359375 0.58933609375 0.3846982546875 0.58933609375
2 0.395495046875 0.59146879375 0.395495046875 0.6127957937499999 0.40629184062499996 0.6127957937499999 0.40629184062499996 0.59146879375 0.395495046875 0.59146879375
2 0.40629184062499996 0.5872033937500001 0.40629184062499996 0.61492849375 0.41948792187499995 0.61492849375 0.41948792187499995 0.5872033937500001 0.40629184062499996 0.5872033937500001
2 0.418288278125 0.5765398937499999 0.418288278125 0.61919389375 0.438682221875 0.61919389375 0.438682221875 0.5765398937499999 0.418288278125 0.5765398937499999
2 0.4278854296875 0.5765398937499999 0.4278854296875 0.63199009375 0.47587117812499996 0.63199009375 0.47587117812499996 0.5765398937499999 0.4278854296875 0.5765398937499999