2 0.028169264062499998 0.5522100921875001 0.028169264062499998 0.5837748656249999 0.048656015625 0.5837748656249999 0.048656015625 0.5522100921875001 0.028169264062499998 0.5522100921875001
2 0.034998181249999996 0.53278561875 0.034998181249999996 0.6056274015625001 0.0991900046875 0.6056274015625001 0.0991900046875 0.53278561875 0.034998181249999996 0.53278561875
2 0.18250279687499998 0.57163456875 0.18250279687499998 0.6007712828125 0.2070868984375 0.6007712828125 0.2070868984375 0.57163456875 0.18250279687499998 0.57163456875
2 0.213915815625 0.5619223296875 0.213915815625 0.603199340625 0.23576835312500002 0.603199340625 0.23576835312500002 0.5619223296875 0.213915815625 0.5619223296875
2 0.22757365 0.5522100921875001 0.22757365 0.60077128125 0.263084021875 0.60077128125 0.263084021875 0.5522100921875001 0.22757365 0.5522100921875001
2 0 0.94590260625 0.2193789484375 0.94590260625 0.2193789484375 0.5837748687500001 0 0.5837748687500001 0 0.94590260625
2 0.355957296875 0.5359074203125 0.355957296875 0.6427420390624999 0.42834382031249996 0.6427420390624999 0.42834382031249996 0.5359074203125 0.355957296875 0.5359074203125
2 0.469317325 0.49220235 0.469317325 0.54804771875 0.56901951875 0.54804771875 0.56901951875 0.49220235 0.469317325 0.49220235
2 0.38463875000000003 0.5140548859375 0.38463875000000003 0.749576659375 0.5799457859375 0.749576659375 0.5799457859375 0.5140548859375 0.38463875000000003 0.5140548859375
2 0.4911698609375 0.5431916 0.4911698609375 0.94382141875 0.9773887765625 0.94382141875 0.9773887765625 0.5431916 0.4911698609375 0.5431916
4 0.8053000593749999 0.44884415468750005 0.8053000593749999 0.59938384375 0.8599314 0.59938384375 0.8599314 0.44884415468750005 0.8053000593749999 0.44884415468750005