2 0.6007732953125 0.5326461265625 0.6007732953125 0.55120283125 0.610051646875 0.55120283125 0.610051646875 0.5326461265625 0.6007732953125 0.5326461265625
2 0.589175353125 0.52646055625 0.589175353125 0.551202828125 0.60309288125 0.551202828125 0.60309288125 0.52646055625 0.589175353125 0.52646055625
2 0.5775774140625 0.53058426875 0.5775774140625 0.557388396875 0.5938145296874999 0.557388396875 0.5938145296874999 0.53058426875 0.5775774140625 0.53058426875
2 0.565979475 0.5367698375 0.565979475 0.561512109375 0.5822165906250001 0.561512109375 0.5822165906250001 0.5367698375 0.565979475 0.5367698375
2 0.5567011234375 0.5326461265625 0.5567011234375 0.565635821875 0.5706186515625 0.565635821875 0.5706186515625 0.5326461265625 0.5567011234375 0.5326461265625
2 0.5427835953125 0.5326461265625 0.5427835953125 0.5718213921874999 0.5636598859374999 0.5718213921874999 0.5636598859374999 0.5326461265625 0.5427835953125 0.5326461265625
2 0.5288660671875001 0.5326461265625 0.5288660671875001 0.58213066875 0.5474227703125 0.58213066875 0.5474227703125 0.5326461265625 0.5288660671875001 0.5326461265625
2 0.6703609359375 0.5223368453125 0.6703609359375 0.551202828125 0.6831186687499999 0.551202828125 0.6831186687499999 0.5223368453125 0.6703609359375 0.5223368453125
2 0.7886599249999999 0.49965643125000003 0.7886599249999999 0.5532646875 0.8304125078125001 0.5532646875 0.8304125078125001 0.49965643125000003 0.7886599249999999 0.49965643125000003
2 0.3525773765625 0.5450172609374999 0.3525773765625 0.5903780937499999 0.4268041921875 0.5903780937499999 0.4268041921875 0.5450172609374999 0.3525773765625 0.5450172609374999
4 0.7109537265625 0.507903853125 0.7109537265625 0.5408935515625 0.7190722843749999 0.5408935515625 0.7190722843749999 0.507903853125 0.7109537265625 0.507903853125
4 0.7039949625 0.507903853125 0.7039949625 0.5491409734375 0.7109537265625 0.5491409734375 0.7109537265625 0.507903853125 0.7039949625 0.507903853125
2 0.6125307046875 0.5241237937500001 0.6125307046875 0.5571134890625 0.6287678203125 0.5571134890625 0.6287678203125 0.5241237937500001 0.6125307046875 0.5241237937500001
2 0.6751595796875 0.5179382218749999 0.6751595796875 0.5694846234375001 0.7076338109375 0.5694846234375001 0.7076338109375 0.5179382218749999 0.6751595796875 0.5179382218749999
2 0.46639665781249995 0.5323712140625 0.46639665781249995 0.6004124625 0.5383038890625 0.6004124625 0.5383038890625 0.5323712140625 0.46639665781249995 0.5323712140625
2 0 0.8705156015625001 0.2297986828125 0.8705156015625001 0.2297986828125 0.49938151875000003 0 0.49938151875000003 0 0.8705156015625001