2 0.959777934375 0.45599656875 0.959777934375 0.4888470921875 0.9756165812500001 0.4888470921875 0.9756165812500001 0.45599656875 0.959777934375 0.45599656875
2 0.9430593640625 0.45286794375 0.9430593640625 0.493540021875 0.9632976328125 0.493540021875 0.9632976328125 0.45286794375 0.9430593640625 0.45286794375
2 0.9025828265625 0.43878914843750005 0.9025828265625 0.495104334375 0.9456991406249999 0.495104334375 0.9456991406249999 0.43878914843750005 0.9025828265625 0.43878914843750005
2 0.8656259859375 0.45130363124999995 0.8656259859375 0.499797265625 0.9131419234375 0.499797265625 0.9131419234375 0.45130363124999995 0.8656259859375 0.45130363124999995
2 0.820749821875 0.43409621718749997 0.820749821875 0.5029258859375 0.8726653843750001 0.5029258859375 0.8726653843750001 0.43409621718749997 0.820749821875 0.43409621718749997
2 0.7705941109375 0.446610703125 0.7705941109375 0.50918313125 0.83570854375 0.50918313125 0.83570854375 0.446610703125 0.7705941109375 0.446610703125
2 0.6456447953125 0.4434820796875 0.6456447953125 0.524826234375 0.7265978734375 0.524826234375 0.7265978734375 0.4434820796875 0.6456447953125 0.4434820796875
2 0.595489084375 0.42471035312499994 0.595489084375 0.5248262375 0.6526841921875 0.5248262375 0.6526841921875 0.42471035312499994 0.595489084375 0.42471035312499994
2 0.55941216875 0.4294032828125 0.55941216875 0.5467265859375 0.6333258484375001 0.5467265859375 0.6333258484375001 0.4294032828125 0.55941216875 0.4294032828125
2 0.2980745125 0.40750293437499996 0.2980745125 0.449739325 0.3746279671875 0.449739325 0.3746279671875 0.40750293437499996 0.2980745125 0.40750293437499996
2 0.25935782343749997 0.37152378750000004 0.25935782343749997 0.6405852265624999 0.5761307375 0.6405852265624999 0.5761307375 0.37152378750000004 0.25935782343749997 0.37152378750000004
2 0.0367368578125 0.40750293437499996 0.0367368578125 0.621813496875 0.3297518046875 0.621813496875 0.3297518046875 0.40750293437499996 0.0367368578125 0.40750293437499996
2 0.100091440625 0.36839516875 0.100091440625 0.449739321875 0.1713653484375 0.449739321875 0.1713653484375 0.36839516875 0.100091440625 0.36839516875
4 0.7675343796874999 0.4481261265625 0.7675343796874999 0.495055446875 0.7798533265625001 0.495055446875 0.7798533265625001 0.4481261265625 0.7675343796874999 0.4481261265625