4 0.098653821875 0.5269229703125 0.098653821875 0.6030767984375001 0.11163458906249998 0.6030767984375001 0.11163458906249998 0.5269229703125 0.098653821875 0.5269229703125
4 0.081778825 0.5269229703125 0.081778825 0.6123075671875 0.09995189843749999 0.6123075671875 0.09995189843749999 0.5269229703125 0.081778825 0.5269229703125
4 0.31543261562499997 0.5138460421875 0.31543261562499997 0.585384484375 0.331009534375 0.585384484375 0.331009534375 0.5138460421875 0.31543261562499997 0.5138460421875
4 0.33620184062499997 0.5107691296875 0.33620184062499997 0.570769109375 0.350480684375 0.570769109375 0.350480684375 0.5107691296875 0.33620184062499997 0.5107691296875
4 0.327115303125 0.51230756875 0.327115303125 0.5699998609375 0.337499915625 0.5699998609375 0.337499915625 0.51230756875 0.327115303125 0.51230756875
4 0.5144710406249999 0.496153721875 0.5144710406249999 0.537692178125 0.519663346875 0.537692178125 0.519663346875 0.496153721875 0.5144710406249999 0.496153721875
4 0.52874988125 0.496153721875 0.52874988125 0.523846025 0.5352402656249999 0.523846025 0.5352402656249999 0.496153721875 0.52874988125 0.496153721875
4 0.51706719375 0.48923065 0.51706719375 0.537692178125 0.5287498828125 0.537692178125 0.5287498828125 0.48923065 0.51706719375 0.48923065
4 0.7965863703125 0.47461527031250006 0.7965863703125 0.5369229468750001 0.8056729046875001 0.5369229468750001 0.8056729046875001 0.47461527031250006 0.7965863703125 0.47461527031250006
4 0.9432690234375001 0.477692190625 0.9432690234375001 0.565384475 0.9549517125 0.565384475 0.9549517125 0.477692190625 0.9432690234375001 0.477692190625
4 0.9523555609375001 0.46384604218750003 0.9523555609375001 0.5815383187500001 0.975720940625 0.5815383187500001 0.975720940625 0.46384604218750003 0.9523555609375001 0.46384604218750003
4 0.949517671875 0.46615373125000004 0.949517671875 0.5785710203125001 0.9731247875 0.5785710203125001 0.9731247875 0.46615373125000004 0.949517671875 0.46615373125000004
2 0.219374946875 0.5269229703125 0.219374946875 0.6099998734375001 0.2881730078125 0.6099998734375001 0.2881730078125 0.5269229703125 0.219374946875 0.5269229703125
2 0.5612017984375 0.489999903125 0.5612017984375 0.49923066718750003 0.5767787171875 0.49923066718750003 0.5767787171875 0.489999903125 0.5612017984375 0.489999903125
2 0.5741825640625 0.48538451875 0.5741825640625 0.5338460453125 0.6040383265625 0.5338460453125 0.6040383265625 0.48538451875 0.5741825640625 0.48538451875
2 0.596249865625 0.49230759375 0.596249865625 0.51769220625 0.6144229390625 0.51769220625 0.6144229390625 0.49230759375 0.596249865625 0.49230759375
4 0.92769210625 0.48307680781249995 0.92769210625 0.5823075546875 0.940672875 0.5823075546875 0.940672875 0.48307680781249995 0.92769210625 0.48307680781249995
2 0.797884446875 0.4653845109375 0.797884446875 0.6199998609375 0.9367786421875 0.6199998609375 0.9367786421875 0.4653845109375 0.797884446875 0.4653845109375
6 0.6512017890624999 0.389230684375 0.6512017890624999 0.65230754375 0.7952882953125 0.65230754375 0.7952882953125 0.389230684375 0.6512017890624999 0.389230684375
6 0.6109614156250001 0.37692299375 0.6109614156250001 0.593846015625 0.71999985 0.593846015625 0.71999985 0.37692299375 0.6109614156250001 0.37692299375
2 0.1129326640625 0.523846025 0.1129326640625 0.6369229187500001 0.22456725 0.6369229187500001 0.22456725 0.523846025 0.1129326640625 0.523846025
2 0.5252883390624999 0.50076910625 0.5252883390624999 0.5930767796875 0.5862979390625 0.5930767796875 0.5862979390625 0.50076910625 0.5252883390624999 0.50076910625
2 0.988809853125 0.5411537125 0.988809853125 0.6911536765624999 0.999194465625 0.6911536765624999 0.999194465625 0.5411537125 0.988809853125 0.5411537125