4 0.723307421875 0.6065471046875001 0.723307421875 0.717458575 0.7437783875 0.717458575 0.7437783875 0.6065471046875001 0.723307421875 0.6065471046875001
4 0.7700981984374999 0.6013481296875 0.7700981984374999 0.717458575 0.7905691640625 0.717458575 0.7905691640625 0.6013481296875 0.7700981984374999 0.6013481296875
4 0.7895943546875 0.5996151375000001 0.7895943546875 0.7053276328125 0.80519128125 0.7053276328125 0.80519128125 0.5996151375000001 0.7895943546875 0.5996151375000001
4 0.7993424328125001 0.5892171875 0.7993424328125001 0.6983956640625 0.8139645515625 0.6983956640625 0.8139645515625 0.5892171875 0.7993424328125001 0.5892171875
4 0.7554760796875 0.5996151375000001 0.7554760796875 0.7105266078125 0.7739974296875001 0.7105266078125 0.7739974296875001 0.5996151375000001 0.7554760796875 0.5996151375000001
4 0.7428035796875 0.596149153125 0.7428035796875 0.7105266078125 0.7584005046875 0.7105266078125 0.7584005046875 0.596149153125 0.7428035796875 0.596149153125
4 0.7125845359375 0.585751203125 0.7125845359375 0.6983956640625 0.7281814625 0.6983956640625 0.7281814625 0.585751203125 0.7125845359375 0.585751203125
4 0.6921135703125 0.5996151375000001 0.6921135703125 0.7070606234375 0.7155089578125 0.7070606234375 0.7155089578125 0.5996151375000001 0.6921135703125 0.5996151375000001
4 0.665793759375 0.580552228125 0.665793759375 0.6464059140625 0.6911387625 0.6464059140625 0.6911387625 0.580552228125 0.665793759375 0.580552228125
4 0.223230996875 0.596149153125 0.223230996875 0.707060621875 0.2437019625 0.707060621875 0.2437019625 0.596149153125 0.223230996875 0.596149153125
4 0.2963415859375 0.6134790703124999 0.2963415859375 0.703594640625 0.3216865875 0.703594640625 0.3216865875 0.6134790703124999 0.2963415859375 0.6134790703124999
2 0.3109637046875 0.6134790703124999 0.3109637046875 0.6412069375 0.3265606296875 0.6412069375 0.3265606296875 0.6134790703124999 0.3109637046875 0.6134790703124999
2 0.2797698515625 0.5996151375000001 0.2797698515625 0.639473946875 0.310963703125 0.639473946875 0.310963703125 0.5996151375000001 0.2797698515625 0.5996151375000001
2 0.26319811875 0.60828009375 0.26319811875 0.627343003125 0.2953667765625 0.627343003125 0.2953667765625 0.60828009375 0.26319811875 0.60828009375
2 0.32948505156249996 0.6065471046875001 0.32948505156249996 0.640312053125 0.3636033265625 0.640312053125 0.3636033265625 0.6065471046875001 0.32948505156249996 0.6065471046875001
2 0.46985738125000004 0.639473946875 0.46985738125000004 0.713992590625 0.5030008484375 0.713992590625 0.5030008484375 0.639473946875 0.46985738125000004 0.639473946875
2 0.25539965468750003 0.6204110359375 0.25539965468750003 0.6827987390625 0.300240815625 0.6827987390625 0.300240815625 0.6204110359375 0.25539965468750003 0.6204110359375
2 0.3879735234375 0.5926831703125 0.3879735234375 0.68973070625 0.44353756874999994 0.68973070625 0.44353756874999994 0.5926831703125 0.3879735234375 0.5926831703125
2 0.47668103593750005 0.5025676 0.47668103593750005 0.9046216796875 0.7077104953125 0.9046216796875 0.7077104953125 0.5025676 0.47668103593750005 0.5025676
2 0 0.7486524265625001 0.1949615703125 0.7486524265625001 0.1949615703125 0.6204110359375 0 0.6204110359375 0 0.7486524265625001
2 0.8081157046874999 0.4852376828125 0.8081157046874999 0.9808733171874999 0.9991780421875 0.9808733171874999 0.9991780421875 0.4852376828125 0.8081157046874999 0.4852376828125
4 0.3442728296875 0.6074995750000001 0.3442728296875 0.640312053125 0.3561380578125 0.640312053125 0.3561380578125 0.6074995750000001 0.3442728296875 0.6074995750000001
4 0.366684925 0.6074995750000001 0.366684925 0.640312053125 0.3759134328125 0.640312053125 0.3759134328125 0.6074995750000001 0.366684925 0.6074995750000001
4 0.374595075 0.6074995750000001 0.374595075 0.6426558015625 0.383823584375 0.6426558015625 0.383823584375 0.6074995750000001 0.374595075 0.6074995750000001
4 0.49965785937499996 0.59162904375 0.49965785937499996 0.6385040125 0.518114878125 0.6385040125 0.518114878125 0.59162904375 0.49965785937499996 0.59162904375
4 0.4917477078125 0.598660290625 0.4917477078125 0.633816515625 0.5022945765625 0.633816515625 0.5022945765625 0.598660290625 0.4917477078125 0.598660290625
4 0.4798824828125 0.5963165421875 0.4798824828125 0.6385040125 0.49042935 0.6385040125 0.49042935 0.5963165421875 0.4798824828125 0.5963165421875
4 0.4666988984375 0.6010040390625 0.4666988984375 0.652566503125 0.48120084218750003 0.652566503125 0.48120084218750003 0.6010040390625 0.4666988984375 0.6010040390625
4 0.4574703875 0.6033477859375 0.4574703875 0.643191509375 0.46801725625 0.643191509375 0.46801725625 0.6033477859375 0.4574703875 0.6033477859375
4 0.45087859531249996 0.605691534375 0.45087859531249996 0.64787900625 0.4614254640625 0.64787900625 0.4614254640625 0.605691534375 0.45087859531249996 0.605691534375
4 0.44296844531249996 0.6010040390625 0.44296844531249996 0.64787900625 0.4521969546875 0.64787900625 0.4521969546875 0.6010040390625 0.44296844531249996 0.6010040390625
4 0.43505829374999994 0.6080352828125 0.43505829374999994 0.6455352578125 0.4456051625 0.6455352578125 0.4456051625 0.6080352828125 0.43505829374999994 0.6080352828125