4 0.2228391984375 0.508941915625 0.2228391984375 0.58828698125 0.241967028125 0.58828698125 0.241967028125 0.508941915625 0.2228391984375 0.508941915625
4 0.1794827875 0.49647340624999997 0.1794827875 0.599621990625 0.20243618125 0.599621990625 0.20243618125 0.49647340624999997 0.1794827875 0.49647340624999997
4 0.10233388125000001 0.4885388984375 0.10233388125000001 0.613224003125 0.12464968125 0.613224003125 0.12464968125 0.4885388984375 0.10233388125000001 0.4885388984375
4 0.0628030375 0.4885388984375 0.0628030375 0.5735514687500001 0.0806556765625 0.5735514687500001 0.0806556765625 0.4885388984375 0.0628030375 0.4885388984375
4 0.0723669484375 0.474936890625 0.0723669484375 0.6392945234375 0.100421096875 0.6392945234375 0.100421096875 0.474936890625 0.0723669484375 0.474936890625
4 0.013070682812500001 0.474936890625 0.013070682812500001 0.6460955312500001 0.0538767171875 0.6460955312500001 0.0538767171875 0.474936890625 0.013070682812500001 0.474936890625
4 0.8642590359375 0.428463353125 0.8642590359375 0.668765546875 0.89842829375 0.668765546875 0.89842829375 0.428463353125 0.8642590359375 0.428463353125
2 0.40243791562500003 0.527506215625 0.40243791562500003 0.5660452453125 0.4260289046875 0.5660452453125 0.4260289046875 0.527506215625 0.40243791562500003 0.527506215625
2 0.44504080312500005 0.5071031984375 0.44504080312500005 0.6227202921874999 0.6038017765625 0.6227202921874999 0.6038017765625 0.5071031984375 0.44504080312500005 0.5071031984375
2 0.601946959375 0.48783368125 0.601946959375 0.7122668671875 0.8353064625 0.7122668671875 0.8353064625 0.48783368125 0.601946959375 0.48783368125
2 0.8754749000000001 0.56841529375 0.8754749000000001 0.9209340812500001 0.9985305953125 0.9209340812500001 0.9985305953125 0.56841529375 0.8754749000000001 0.56841529375
2 0.0001159296875 0.516068153125 0.0001159296875 0.607881728125 0.065788140625 0.607881728125 0.065788140625 0.516068153125 0.0001159296875 0.516068153125
2 0.2315626515625 0.424460675 0.2315626515625 0.7203044171874999 0.409451453125 0.7203044171874999 0.409451453125 0.424460675 0.2315626515625 0.424460675
2 0.42539130937499997 0.532143265625 0.42539130937499997 0.562747790625 0.440055978125 0.562747790625 0.440055978125 0.532143265625 0.42539130937499997 0.532143265625