2 0.43086506875 0.50603358125 0.43086506875 0.54935838125 0.4464619953125 0.54935838125 0.4464619953125 0.50603358125 0.43086506875 0.50603358125
2 0.3675025578125 0.516431534375 0.3675025578125 0.5718872687500001 0.41624295 0.5718872687500001 0.41624295 0.516431534375 0.3675025578125 0.516431534375
2 0.5722122046875 0.5424264109375 0.5722122046875 0.57708624375 0.6053556734375001 0.57708624375 0.6053556734375001 0.5424264109375 0.5722122046875 0.5424264109375
2 0.673592221875 0.5424264109375 0.673592221875 0.6862647234375 0.7447531953125 0.6862647234375 0.7447531953125 0.5424264109375 0.673592221875 0.5424264109375
2 0.45426045625 0.49563563593750004 0.45426045625 0.51989751875 0.5419931625000001 0.51989751875 0.5419931625000001 0.49563563593750004 0.45426045625 0.49563563593750004
2 0.3353338984375 0.5424264109375 0.3353338984375 0.6827987390625 0.42989025937500003 0.6827987390625 0.42989025937500003 0.5424264109375 0.3353338984375 0.5424264109375
2 0.4230666078125 0.549358378125 0.4230666078125 0.67933275625 0.4464619953125 0.67933275625 0.4464619953125 0.549358378125 0.4230666078125 0.549358378125
2 0.1501204078125 0.47137375 0.1501204078125 0.5822852187499999 0.2407775375 0.5822852187499999 0.2407775375 0.47137375 0.1501204078125 0.47137375
2 0.5507664343750001 0.5424264109375 0.5507664343750001 0.5978821437499999 0.5848847078125 0.5978821437499999 0.5848847078125 0.5424264109375 0.5507664343750001 0.5424264109375
2 0.0009748078125000001 0.3708602265625 0.0009748078125000001 0.6533378796875 0.1267250203125 0.6533378796875 0.1267250203125 0.3708602265625 0.0009748078125000001 0.3708602265625
2 0.5653885515625 0.559756328125 0.5653885515625 0.71572558125 0.7077104953125 0.71572558125 0.7077104953125 0.559756328125 0.5653885515625 0.559756328125
2 0.4347642984375 0.516431534375 0.4347642984375 0.6827987390625 0.5566152796875 0.6827987390625 0.5566152796875 0.516431534375 0.4347642984375 0.516431534375
2 0.8256622453125001 0.6308089906250001 0.8256622453125001 0.9982032359374999 0.9982032343749999 0.9982032359374999 0.9982032343749999 0.6308089906250001 0.8256622453125001 0.6308089906250001
2 0.0818838609375 0.5718872687500001 0.0818838609375 0.9496794656249999 0.45913449687499996 0.9496794656249999 0.45913449687499996 0.5718872687500001 0.0818838609375 0.5718872687500001
4 0.9572613046875 0.538960428125 0.9572613046875 0.6308089921875 0.991379578125 0.6308089921875 0.991379578125 0.538960428125 0.9572613046875 0.538960428125