2 0.497958790625 0.389055225 0.497958790625 0.4230709828125 0.5182885234375 0.4230709828125 0.5182885234375 0.389055225 0.497958790625 0.389055225
2 0.42022748749999994 0.3975591671875 0.42022748749999994 0.4103150765625 0.43338202031249995 0.4103150765625 0.43338202031249995 0.3975591671875 0.42022748749999994 0.3975591671875
2 0.39033082812500003 0.40393711874999993 0.39033082812500003 0.4166930296875 0.40228949218750004 0.4166930296875 0.40228949218750004 0.40393711874999993 0.39033082812500003 0.40393711874999993
2 0.3819597640625 0.408189090625 0.3819597640625 0.42519696875 0.393918428125 0.42519696875 0.393918428125 0.408189090625 0.3819597640625 0.408189090625
2 0.3676093640625 0.4018111375 0.3676093640625 0.41456704375 0.3831556296875 0.41456704375 0.3831556296875 0.4018111375 0.3676093640625 0.4018111375
2 0.371196965625 0.41881901250000003 0.371196965625 0.44220484843749996 0.39272256250000004 0.44220484843749996 0.39272256250000004 0.41881901250000003 0.371196965625 0.41881901250000003
2 0.356846565625 0.40393711874999993 0.356846565625 0.42094499687500003 0.36880523125 0.42094499687500003 0.36880523125 0.40393711874999993 0.356846565625 0.40393711874999993
2 0.3460837671875 0.40393711874999993 0.3460837671875 0.42094499687500003 0.3580424328125 0.42094499687500003 0.3580424328125 0.40393711874999993 0.3460837671875 0.40393711874999993
2 0.33292923750000003 0.4103150734375 0.33292923750000003 0.4273229515625 0.3460837671875 0.4273229515625 0.3460837671875 0.4103150734375 0.33292923750000003 0.4103150734375
2 0.3221664390625 0.41244106093750005 0.3221664390625 0.4273229515625 0.3353209703125 0.4273229515625 0.3353209703125 0.41244106093750005 0.3221664390625 0.41244106093750005
2 0.2432392515625 0.42732295468750003 0.2432392515625 0.44007886406249996 0.271940046875 0.44007886406249996 0.271940046875 0.42732295468750003 0.2432392515625 0.42732295468750003
2 0.2372599203125 0.43582689375 0.2372599203125 0.450708784375 0.2587855140625 0.450708784375 0.2587855140625 0.43582689375 0.2372599203125 0.43582689375
2 0.20975498906249998 0.43795287812500006 0.20975498906249998 0.45496075625000004 0.234868184375 0.45496075625000004 0.234868184375 0.43795287812500006 0.20975498906249998 0.43795287812500006
2 0.17746659375 0.44433083125 0.17746659375 0.4634646921875 0.2121467234375 0.4634646921875 0.2121467234375 0.44433083125 0.17746659375 0.44433083125
2 0.1559409890625 0.44220484843749996 0.1559409890625 0.46559068124999997 0.1858376515625 0.46559068124999997 0.1858376515625 0.44220484843749996 0.1559409890625 0.44220484843749996
2 0.411378065625 0.40393711874999993 0.411378065625 0.43582689375 0.43051192812499994 0.43582689375 0.43051192812499994 0.40393711874999993 0.411378065625 0.40393711874999993
2 0.2798327546875 0.41881901250000003 0.2798327546875 0.43795287812500006 0.2977707515625 0.43795287812500006 0.2977707515625 0.41881901250000003 0.2798327546875 0.41881901250000003
2 0.2882038203125 0.42519696875 0.2882038203125 0.46346469375000005 0.30135835 0.46346469375000005 0.30135835 0.42519696875 0.2882038203125 0.42519696875
2 0.13872051093749999 0.448582803125 0.13872051093749999 0.47196863593750005 0.17459650625 0.47196863593750005 0.17459650625 0.448582803125 0.13872051093749999 0.448582803125
2 0.392244203125 0.4060631 0.392244203125 0.45496075625000004 0.42094499843750005 0.45496075625000004 0.42094499843750005 0.4060631 0.392244203125 0.4060631
2 0.290595553125 0.41881901250000003 0.290595553125 0.48685053125 0.34680127656250004 0.48685053125 0.34680127656250004 0.41881901250000003 0.290595553125 0.41881901250000003
2 0.3444095453125 0.41456704218749996 0.3444095453125 0.457086740625 0.37789380625 0.457086740625 0.37789380625 0.41456704218749996 0.3444095453125 0.41456704218749996
2 0.41616153125000005 0.38267726875 0.41616153125000005 0.5336221937500001 0.5130267171875 0.5336221937500001 0.5130267171875 0.38267726875 0.41616153125000005 0.38267726875
2 0.251131959375 0.43582689375 0.251131959375 0.47409461875 0.2882038203125 0.47409461875 0.2882038203125 0.43582689375 0.251131959375 0.43582689375
2 0 0.4706930625 0.0263090625 0.4706930625 0.0263090625 0.44518124531250003 0 0.44518124531250003 0 0.4706930625
2 0 0.7194332875 0.20568903437500002 0.7194332875 0.20568903437500002 0.4494332140625 0 0.4494332140625 0 0.7194332875