2 0.4198357 0.560392721875 0.4198357 0.58282474375 0.43360080468750006 0.58282474375 0.43360080468750006 0.560392721875 0.4198357 0.560392721875
2 0.44736590937500004 0.5624319953125 0.44736590937500004 0.58282474375 0.46227810468749997 0.58282474375 0.46227810468749997 0.5624319953125 0.44736590937500004 0.5624319953125
2 0.408364778125 0.560392721875 0.408364778125 0.58282474375 0.42442406874999994 0.58282474375 0.42442406874999994 0.560392721875 0.408364778125 0.560392721875
2 0.3968938578125 0.560392721875 0.3968938578125 0.58078546875 0.4163944234375 0.58078546875 0.4163944234375 0.560392721875 0.3968938578125 0.560392721875
2 0.383128753125 0.5644712703125 0.383128753125 0.58486401875 0.4014822265625 0.58486401875 0.4014822265625 0.5644712703125 0.383128753125 0.5644712703125
2 0.3728049234375 0.56651054375 0.3728049234375 0.58690329375 0.387717121875 0.58690329375 0.387717121875 0.56651054375 0.3728049234375 0.56651054375
2 0.3624810953125 0.552235621875 0.3624810953125 0.57466764375 0.383128753125 0.57466764375 0.383128753125 0.552235621875 0.3624810953125 0.552235621875
2 0.3601869109375 0.56651054375 0.3601869109375 0.5889425687500001 0.37395201562499997 0.5889425687500001 0.37395201562499997 0.56651054375 0.3601869109375 0.56651054375
2 0.3418334375 0.5542748953125 0.3418334375 0.5889425687500001 0.35903981875 0.5889425687500001 0.35903981875 0.5542748953125 0.3418334375 0.5542748953125
2 0.3005381234375 0.5542748953125 0.3005381234375 0.5930211171875001 0.3211857796875 0.5930211171875001 0.3211857796875 0.5542748953125 0.3005381234375 0.5542748953125
2 0.2707137296875 0.5481570734375001 0.2707137296875 0.6072960421875 0.3051264921875 0.6072960421875 0.3051264921875 0.5481570734375001 0.2707137296875 0.5481570734375001
2 0.2558015328125 0.544078525 0.2558015328125 0.6154531421875 0.28218465 0.6154531421875 0.28218465 0.544078525 0.2558015328125 0.544078525
2 0.2007411140625 0.533882146875 0.2007411140625 0.6215709656249999 0.268419546875 0.6215709656249999 0.268419546875 0.533882146875 0.2007411140625 0.533882146875
2 0.3165974125 0.550196346875 0.3165974125 0.5950603937500001 0.348715990625 0.5950603937500001 0.348715990625 0.550196346875 0.3165974125 0.550196346875
2 0.4955437765625 0.550196346875 0.4955437765625 0.59709966875 0.5161914359375 0.59709966875 0.5161914359375 0.550196346875 0.4955437765625 0.550196346875
2 0.5024263296875 0.5481570734375001 0.5024263296875 0.60321749375 0.5276623546875 0.60321749375 0.5276623546875 0.5481570734375001 0.5024263296875 0.5481570734375001
2 0.5150443421875 0.5461177984375001 0.5150443421875 0.60525676875 0.5448687359375 0.60525676875 0.5448687359375 0.5461177984375001 0.5150443421875 0.5461177984375001
2 0.6132026500000001 0.5150625609375 0.6132026500000001 0.70471511875 0.77494263125 0.70471511875 0.77494263125 0.5150625609375 0.6132026500000001 0.5150625609375
2 0.1304673875 0.532658571875 0.1304673875 0.6468579609375 0.223381846875 0.6468579609375 0.223381846875 0.532658571875 0.1304673875 0.532658571875
2 0.5181845093749999 0.5469334953125 0.5181845093749999 0.6244259390625 0.58471585 0.6244259390625 0.58471585 0.5469334953125 0.5181845093749999 0.5469334953125
2 0.7154843468750001 0.5306193015625 0.7154843468750001 0.8418744140625 0.9994969890625001 0.8418744140625 0.9994969890625001 0.5306193015625 0.7154843468750001 0.5306193015625
2 0.4642434515625 0.5535933625 0.4642434515625 0.586405840625 0.487973903125 0.586405840625 0.487973903125 0.5535933625 0.4642434515625 0.5535933625
4 0.7832862015625001 0.494999653125 0.7832862015625001 0.5629683562500001 0.7951514265624999 0.5629683562500001 0.7951514265624999 0.494999653125 0.7832862015625001 0.494999653125