2 0.3928475609375 0.58748419375 0.3928475609375 0.8820927875000001 0.58780913125 0.8820927875000001 0.58780913125 0.58748419375 0.3928475609375 0.58748419375
4 0.71453415 0.5944161625 0.71453415 0.6620028390625 0.738904346875 0.6620028390625 0.738904346875 0.5944161625 0.71453415 0.5944161625
2 0.005848846875 0.634274971875 0.005848846875 0.8006421781249999 0.181314259375 0.8006421781249999 0.181314259375 0.634274971875 0.005848846875 0.634274971875
2 0.16766695 0.6273430046875 0.16766695 0.750385415625 0.25539965625 0.750385415625 0.25539965625 0.6273430046875 0.16766695 0.6273430046875
2 0.25539965625 0.6169450546874999 0.25539965625 0.7209245578125001 0.31583774375 0.7209245578125001 0.31583774375 0.6169450546874999 0.25539965625 0.6169450546874999
2 0.3275354359375 0.6238770203125 0.3275354359375 0.6862647234375 0.376275828125 0.6862647234375 0.376275828125 0.6238770203125 0.3275354359375 0.6238770203125
2 0.3782254453125 0.6273430046875 0.3782254453125 0.6758667734375 0.3957719859375 0.6758667734375 0.3957719859375 0.6273430046875 0.3782254453125 0.6273430046875
2 0.8500324421875 0.5753532546875 0.8500324421875 0.9358155312499999 0.9982032343749999 0.9358155312499999 0.9982032343749999 0.5753532546875 0.8500324421875 0.5753532546875
2 0.6258266359375 0.6065471046875001 0.6258266359375 0.655070871875 0.711609728125 0.655070871875 0.711609728125 0.6065471046875001 0.6258266359375 0.6065471046875001
2 0.5800106671874999 0.6100130874999999 0.5800106671874999 0.64813890625 0.60633048125 0.64813890625 0.60633048125 0.6100130874999999 0.5800106671874999 0.6100130874999999
2 0.61412894375 0.6013481296875 0.61412894375 0.639473946875 0.6365495234375 0.639473946875 0.6365495234375 0.6013481296875 0.61412894375 0.6013481296875
2 0.5468672015625 0.5978821453125 0.5468672015625 0.6325419812499999 0.5722122046875 0.6325419812499999 0.5722122046875 0.5978821453125 0.5468672015625 0.5978821453125