4 0.4701262296875 0.358983434375 0.4701262296875 0.3867041625 0.47714303906250005 0.3867041625 0.47714303906250005 0.358983434375 0.4701262296875 0.358983434375
4 0.47636339375 0.358983434375 0.47636339375 0.3867041625 0.48338020468750004 0.3867041625 0.48338020468750004 0.358983434375 0.47636339375 0.358983434375
4 0.6424278828125 0.3340347796875 0.6424278828125 0.42274110781249996 0.6611393750000001 0.42274110781249996 0.6611393750000001 0.3340347796875 0.6424278828125 0.3340347796875
4 0.6642532796875 0.3303947390625 0.6642532796875 0.4878848203125 0.6952277875 0.4878848203125 0.6952277875 0.3303947390625 0.6642532796875 0.3303947390625
4 0.51300673125 0.1982032078125 0.51300673125 0.7886547265625 0.6743933484375 0.7886547265625 0.6743933484375 0.1982032078125 0.51300673125 0.1982032078125
4 0.8537118109374999 0.018018473437499998 0.8537118109374999 0.8413241109375 0.9987258718750001 0.8413241109375 0.9987258718750001 0.018018473437499998 0.8537118109374999 0.018018473437499998
4 0.7765269078125 0.0817761484375 0.7765269078125 0.8246916734375 0.8887958593749999 0.8246916734375 0.8887958593749999 0.0817761484375 0.7765269078125 0.0817761484375
4 0.6229367453125 0.11226894843749999 0.6229367453125 0.810831309375 0.8194074078125 0.810831309375 0.8194074078125 0.11226894843749999 0.6229367453125 0.11226894843749999
2 0.10525214218750001 0.261960884375 0.10525214218750001 0.63480468125 0.4210085640625 0.63480468125 0.4210085640625 0.261960884375 0.10525214218750001 0.261960884375
2 0.4233475015625 0.36591361718750004 0.4233475015625 0.4379875109375 0.4755837484375 0.4379875109375 0.4755837484375 0.36591361718750004 0.4233475015625 0.36591361718750004
2 0.0007796453125 0.3714577609375 0.0007796453125 0.5322379859375 0.1255229234375 0.5322379859375 0.1255229234375 0.3714577609375 0.0007796453125 0.3714577609375
2 0.055354829687499996 0.29799783281250003 0.055354829687499996 0.3686856890625 0.1839963359375 0.3686856890625 0.1839963359375 0.29799783281250003 0.055354829687499996 0.29799783281250003
2 0.11070965937499999 0.3714577609375 0.11070965937499999 0.4047226359375 0.1684034265625 0.4047226359375 0.1684034265625 0.3714577609375 0.11070965937499999 0.3714577609375
2 0.371111253125 0.367299653125 0.371111253125 0.40610867187500005 0.3952802625 0.40610867187500005 0.3952802625 0.367299653125 0.371111253125 0.367299653125
2 0.3898227453125 0.36452758125 0.3898227453125 0.390862271875 0.4061953 0.390862271875 0.4061953 0.36452758125 0.3898227453125 0.36452758125
2 0.401517428125 0.36591361718750004 0.401517428125 0.3894762359375 0.41165281875000004 0.3894762359375 0.41165281875000004 0.36591361718750004 0.401517428125 0.36591361718750004
2 0.41866962812499997 0.36314154374999996 0.41866962812499997 0.41165281875000004 0.4342625375 0.41165281875000004 0.4342625375 0.36314154374999996 0.41866962812499997 0.36314154374999996