2 0 0.5424022546875 0.0839499484375 0.5424022546875 0.0839499484375 0.42736123125000003 0 0.42736123125000003 0 0.5424022546875
2 0.079272075 0.448151778125 0.079272075 0.518839634375 0.1587959140625 0.518839634375 0.1587959140625 0.448151778125 0.079272075 0.448151778125
2 0.1442425375 0.43059531250000005 0.1442425375 0.49573902500000006 0.204795 0.49573902500000006 0.204795 0.43059531250000005 0.1442425375 0.43059531250000005
2 0.2014165390625 0.427823240625 0.2014165390625 0.4971250609375 0.2536527875 0.4971250609375 0.2536527875 0.427823240625 0.2014165390625 0.427823240625
2 0.24377727343750002 0.435677453125 0.24377727343750002 0.482802690625 0.2944542296875 0.482802690625 0.2944542296875 0.435677453125 0.24377727343750002 0.435677453125
2 0.288217065625 0.4315193421875 0.288217065625 0.4703283625 0.33499579687500003 0.4703283625 0.33499579687500003 0.4315193421875 0.288217065625 0.4315193421875
2 0.3381143796875 0.4315193421875 0.3381143796875 0.45924007031249997 0.363063034375 0.45924007031249997 0.363063034375 0.4315193421875 0.3381143796875 0.4315193421875
2 0.3981470796875 0.4342914140625 0.3981470796875 0.504979271875 0.44310664062500005 0.504979271875 0.44310664062500005 0.4342914140625 0.3981470796875 0.4342914140625
2 0.4898853703125 0.4259751953125 0.4898853703125 0.45092385312500005 0.5039189890625 0.45092385312500005 0.5039189890625 0.4259751953125 0.4898853703125 0.4259751953125
2 0.4984614703125 0.4259751953125 0.4984614703125 0.4550819625 0.5171729625 0.4550819625 0.5171729625 0.4259751953125 0.4984614703125 0.4259751953125
2 0.515613671875 0.42736123125000003 0.515613671875 0.46755628906249996 0.5467994921875 0.46755628906249996 0.5467994921875 0.42736123125000003 0.515613671875 0.42736123125000003
2 0.5405623265624999 0.44537970624999995 0.5405623265624999 0.4841887265625 0.5584941734375 0.4841887265625 0.5584941734375 0.44537970624999995 0.5405623265624999 0.44537970624999995
2 0.549138428125 0.42874726875 0.549138428125 0.5035932359374999 0.59825609375 0.5035932359374999 0.59825609375 0.42874726875 0.549138428125 0.42874726875
2 0.5881207015625 0.4513858578125 0.5881207015625 0.5248457890625 0.6465941140625 0.5248457890625 0.6465941140625 0.4513858578125 0.5881207015625 0.4513858578125
2 0.622425103125 0.47633451562499995 0.622425103125 0.5705849921875 0.7323551171875 0.5705849921875 0.7323551171875 0.47633451562499995 0.622425103125 0.47633451562499995
2 0.7152029171875001 0.498511096875 0.7152029171875001 0.64958906875 0.8672337875 0.64958906875 0.8672337875 0.498511096875 0.7152029171875001 0.498511096875
2 0.8524205234375 0.44815178125 0.8524205234375 0.7272071078125 0.999773521875 0.7272071078125 0.999773521875 0.44815178125 0.8524205234375 0.44815178125
2 0.3755373609375 0.42135507499999997 0.3755373609375 0.44768976718750003 0.3973674359375 0.44768976718750003 0.3973674359375 0.42135507499999997 0.3755373609375 0.42135507499999997