2 0.062387701562499995 0.441912890625 0.062387701562499995 0.5094995703125 0.1384227140625 0.5094995703125 0.1384227140625 0.441912890625 0.062387701562499995 0.441912890625
2 0.25539965625 0.43324793125000005 0.25539965625 0.5372274359375 0.3216865890625 0.5372274359375 0.3216865890625 0.43324793125000005 0.25539965625 0.43324793125000005
2 0.2203065734375 0.42458297187499994 0.2203065734375 0.45231084062500004 0.2407775390625 0.45231084062500004 0.2407775390625 0.42458297187499994 0.2203065734375 0.42458297187499994
2 0.1520700234375 0.42111698906250006 0.1520700234375 0.4540438328125 0.17936464375 0.4540438328125 0.17936464375 0.42111698906250006 0.1520700234375 0.42111698906250006
2 0.043866353125 0.398588096875 0.043866353125 0.419383996875 0.0701861640625 0.419383996875 0.0701861640625 0.398588096875 0.043866353125 0.398588096875
2 0.0068236546875 0.398588096875 0.0068236546875 0.42111698906250006 0.0214457734375 0.42111698906250006 0.0214457734375 0.398588096875 0.0068236546875 0.398588096875
2 0.181314259375 0.42284998125 0.181314259375 0.454043834375 0.203734840625 0.454043834375 0.203734840625 0.42284998125 0.181314259375 0.42284998125
6 0.170591371875 0.398588096875 0.170591371875 0.41765100468750005 0.1920371453125 0.41765100468750005 0.1920371453125 0.398588096875 0.170591371875 0.398588096875
6 0.012672503125000002 0.39165613125 0.012672503125000002 0.40032108906249997 0.03021904375 0.40032108906249997 0.03021904375 0.39165613125 0.012672503125000002 0.39165613125
2 0.0994304 0.398588096875 0.0994304 0.419383996875 0.11405251875 0.419383996875 0.11405251875 0.398588096875 0.0994304 0.398588096875
2 0.0792566078125 0.3808609125 0.0792566078125 0.404105946875 0.09333773281249999 0.404105946875 0.09333773281249999 0.3808609125 0.0792566078125 0.3808609125
2 0.0279610796875 0.38801323125 0.0279610796875 0.405894025 0.0420422046875 0.405894025 0.0420422046875 0.38801323125 0.0279610796875 0.38801323125