2 0.4088723953125 0.4645309234375 0.4088723953125 0.4832809125 0.4194192640625 0.4832809125 0.4194192640625 0.4645309234375 0.4088723953125 0.4645309234375
2 0.4009622453125 0.4645309234375 0.4009622453125 0.485624659375 0.4115091125 0.485624659375 0.4115091125 0.4645309234375 0.4009622453125 0.4645309234375
2 0.39041537656249997 0.4645309234375 0.39041537656249997 0.48796840625 0.40359896093750003 0.48796840625 0.40359896093750003 0.4645309234375 0.39041537656249997 0.4645309234375
2 0.3811868671875 0.466874671875 0.3811868671875 0.494999653125 0.39700716875 0.494999653125 0.39700716875 0.466874671875 0.3811868671875 0.466874671875
2 0.3600931328125 0.46921842031249994 0.3600931328125 0.5137496390625 0.3732767171875 0.5137496390625 0.3732767171875 0.46921842031249994 0.3600931328125 0.46921842031249994
2 0.35218298125 0.45515593125000003 0.35218298125 0.5020308984375 0.387778659375 0.5020308984375 0.387778659375 0.45515593125000003 0.35218298125 0.45515593125000003
2 0.3403177546875 0.4645309234375 0.3403177546875 0.5160933875 0.36404820625 0.5160933875 0.36404820625 0.4645309234375 0.3403177546875 0.4645309234375
2 0.2941752078125 0.45515593125000003 0.2941752078125 0.52546838125 0.34559118906249997 0.52546838125 0.34559118906249997 0.45515593125000003 0.2941752078125 0.45515593125000003
2 0.27044475625 0.46921842031249994 0.27044475625 0.5465621171875 0.3258158125 0.5465621171875 0.3258158125 0.46921842031249994 0.27044475625 0.46921842031249994
2 0.21507369999999998 0.4645309234375 0.21507369999999998 0.5723433515624999 0.2836283421875 0.5723433515624999 0.2836283421875 0.4645309234375 0.21507369999999998 0.4645309234375
2 0.1109233828125 0.466874671875 0.1109233828125 0.6074995750000001 0.2414408703125 0.6074995750000001 0.2414408703125 0.466874671875 0.1109233828125 0.466874671875
2 0.4866555453125 0.4645309234375 0.4866555453125 0.5020308984375 0.5090676390625 0.5020308984375 0.5090676390625 0.4645309234375 0.4866555453125 0.4645309234375
2 0.49720241249999997 0.46921842031249994 0.49720241249999997 0.5114058921875 0.5262063 0.5114058921875 0.5262063 0.46921842031249994 0.49720241249999997 0.46921842031249994
2 0.5090676390625 0.48093716249999996 0.5090676390625 0.5160933875 0.5235695828125 0.5160933875 0.5235695828125 0.48093716249999996 0.5090676390625 0.48093716249999996
2 0.5196145078125001 0.4645309234375 0.5196145078125001 0.5207808859374999 0.5486183921875 0.5207808859374999 0.5486183921875 0.4645309234375 0.5196145078125001 0.4645309234375
2 0.5314797328124999 0.476249665625 0.5314797328124999 0.5301558796875 0.5591652609375 0.5301558796875 0.5591652609375 0.476249665625 0.5314797328124999 0.476249665625
2 0.5420266 0.466874671875 0.5420266 0.539530871875 0.576303921875 0.539530871875 0.576303921875 0.466874671875 0.5420266 0.466874671875
2 0.55652854375 0.4645309234375 0.55652854375 0.5442183703125 0.602671090625 0.5442183703125 0.602671090625 0.4645309234375 0.55652854375 0.4645309234375
2 0.6316749765624999 0.47390591718749997 0.6316749765624999 0.6074995750000001 0.7490088796875 0.6074995750000001 0.7490088796875 0.47390591718749997 0.6316749765624999 0.47390591718749997
2 0.6962745406249999 0.49031215625 0.6962745406249999 0.6731245312499999 0.8993017453125001 0.6731245312499999 0.8993017453125001 0.49031215625 0.6962745406249999 0.49031215625
2 0.453696584375 0.47390591718749997 0.453696584375 0.5184371359375 0.487973903125 0.5184371359375 0.487973903125 0.47390591718749997 0.453696584375 0.47390591718749997
2 0.5631203375 0.48093716249999996 0.5631203375 0.56062460625 0.6198097515625001 0.56062460625 0.6198097515625001 0.48093716249999996 0.5631203375 0.48093716249999996
6 0 0.6848432718749999 0.11487845625 0.6848432718749999 0.11487845625 0.3590622453125 0 0.3590622453125 0 0.6848432718749999
2 0.857114275 0.49968715 0.857114275 0.750468225 0.9994969906250001 0.750468225 0.9994969906250001 0.49968715 0.857114275 0.49968715