2 0 0.5753532531250001 0.028269426562499998 0.5753532531250001 0.028269426562499998 0.414185021875 0 0.414185021875 0 0.5753532531250001
2 0.02242058125 0.37952518749999997 0.02242058125 0.542426409375 0.1764402203125 0.542426409375 0.1764402203125 0.37952518749999997 0.02242058125 0.37952518749999997
2 0.1744906046875 0.40898604687500006 0.1744906046875 0.5043005921875 0.22225618906250003 0.5043005921875 0.22225618906250003 0.40898604687500006 0.1744906046875 0.40898604687500006
2 0.2242058046875 0.39165613125 0.2242058046875 0.4852376828125 0.2797698515625 0.4852376828125 0.2797698515625 0.39165613125 0.2242058046875 0.39165613125
2 0.28659350781250004 0.40725305624999997 0.28659350781250004 0.46097579843750003 0.3333842828125 0.46097579843750003 0.3333842828125 0.40725305624999997 0.28659350781250004 0.40725305624999997
2 0.3333842828125 0.4107190390625 0.3333842828125 0.44884485625000003 0.3528804390625 0.44884485625000003 0.3528804390625 0.4107190390625 0.3333842828125 0.4107190390625
2 0.3519056328125 0.42111698906250006 0.3519056328125 0.447111865625 0.3694521734375 0.447111865625 0.3694521734375 0.42111698906250006 0.3519056328125 0.42111698906250006
2 0.37042698125 0.42804895624999995 0.37042698125 0.447111865625 0.3850490984375 0.447111865625 0.3850490984375 0.42804895624999995 0.37042698125 0.42804895624999995
2 0.386998715625 0.426315965625 0.386998715625 0.44537887343750004 0.400646025 0.44537887343750004 0.400646025 0.426315965625 0.386998715625 0.426315965625
2 0.402595640625 0.426315965625 0.402595640625 0.441912890625 0.4152681421875 0.441912890625 0.4152681421875 0.426315965625 0.402595640625 0.426315965625
2 0.41429333437500004 0.426315965625 0.41429333437500004 0.44017989843749994 0.42501622031249997 0.44017989843749994 0.42501622031249997 0.426315965625 0.41429333437500004 0.426315965625
2 0.4269658359375 0.43151494062499995 0.4269658359375 0.44537887343750004 0.4347642984375 0.44537887343750004 0.4347642984375 0.43151494062499995 0.4269658359375 0.43151494062499995
2 0.6102297109375 0.3899231390625 0.6102297109375 0.693196690625 0.883175909375 0.693196690625 0.883175909375 0.3899231390625 0.6102297109375 0.3899231390625
2 0.5575900875 0.40378707187499996 0.5575900875 0.56148931875 0.6706677984375 0.56148931875 0.6706677984375 0.40378707187499996 0.5575900875 0.40378707187499996
2 0.5429679703125 0.41765100625 0.5429679703125 0.5112325609374999 0.5848847078125 0.5112325609374999 0.5848847078125 0.41765100625 0.5429679703125 0.41765100625
2 0.5283458515625 0.43324793125000005 0.5283458515625 0.49563563281249995 0.5507664328125 0.49563563281249995 0.5507664328125 0.43324793125000005 0.5283458515625 0.43324793125000005
2 0.5166481593750001 0.40205408125000003 0.5166481593750001 0.4835046921875 0.5585648953125 0.4835046921875 0.5585648953125 0.40205408125000003 0.5166481593750001 0.40205408125000003
2 0.50397565625 0.40725305624999997 0.50397565625 0.462708790625 0.5234718125 0.462708790625 0.5234718125 0.40725305624999997 0.50397565625 0.40725305624999997
2 0.49325277031250003 0.41765100625 0.49325277031250003 0.46097579843750003 0.5088496953125 0.46097579843750003 0.5088496953125 0.41765100625 0.49325277031250003 0.41765100625
2 0.48545430781250004 0.419383996875 0.48545430781250004 0.45231084062500004 0.49617719375 0.45231084062500004 0.49617719375 0.419383996875 0.48545430781250004 0.419383996875
2 0.4737566125 0.42458297187499994 0.4737566125 0.447111865625 0.4893535375 0.447111865625 0.4893535375 0.42458297187499994 0.4737566125 0.42458297187499994
2 0.46595814999999996 0.426315965625 0.46595814999999996 0.447111865625 0.47375661406249997 0.447111865625 0.47375661406249997 0.426315965625 0.46595814999999996 0.426315965625
2 0.45523526406250003 0.43151494062499995 0.45523526406250003 0.44537887343750004 0.46595814999999996 0.44537887343750004 0.46595814999999996 0.43151494062499995 0.45523526406250003 0.43151494062499995