2 0.8697301875000001 0.46776170156249997 0.8697301875000001 0.5122671828125 0.893572409375 0.5122671828125 0.893572409375 0.46776170156249997 0.8697301875000001 0.46776170156249997
2 0.836351078125 0.48047755312499996 0.836351078125 0.5143864890625001 0.8792670749999999 0.5143864890625001 0.8792670749999999 0.48047755312499996 0.836351078125 0.48047755312499996
2 0.8423116328125 0.46564239374999994 0.8423116328125 0.4931934046875 0.8697301875000001 0.4931934046875 0.8697301875000001 0.46564239374999994 0.8423116328125 0.46564239374999994
2 0.8101246328125 0.4614037765625 0.8101246328125 0.5143864890625001 0.84350374375 0.5143864890625001 0.84350374375 0.4614037765625 0.8101246328125 0.4614037765625
2 0.6873371921875 0.4486879234375 0.6873371921875 0.582204365625 0.8280062984375001 0.582204365625 0.8280062984375001 0.4486879234375 0.6873371921875 0.4486879234375
2 0.49540730625 0.450504459375 0.49540730625 0.48017477968750005 0.5156731953125 0.48017477968750005 0.5156731953125 0.450504459375 0.49540730625 0.450504459375
2 0.4787177515625 0.4441465328125 0.4787177515625 0.501367865625 0.5025599734374999 0.501367865625 0.5025599734374999 0.4441465328125 0.4787177515625 0.4441465328125
2 0.2832115328125 0.45292654218750006 0.2832115328125 0.501670640625 0.3177827546875 0.501670640625 0.3177827546875 0.45292654218750006 0.2832115328125 0.45292654218750006
2 0.340432865625 0.416595521875 0.340432865625 0.6730318625 0.5120968609375 0.6730318625 0.5120968609375 0.416595521875 0.340432865625 0.416595521875
1 0.349969753125 0.4399079171875 0.349969753125 0.47593616250000004 0.3666593078125 0.47593616250000004 0.3666593078125 0.4399079171875 0.349969753125 0.4399079171875
2 0.9208206656250001 0.4762389359375 0.9208206656250001 0.59280090625 0.9983078859375001 0.59280090625 0.9983078859375001 0.4762389359375 0.9208206656250001 0.4762389359375
2 0.9327417765625 0.4359720734375 0.9327417765625 0.5122671828125 0.9983078859375001 0.5122671828125 0.9983078859375001 0.4359720734375 0.9327417765625 0.4359720734375