2 0.4161671375 0.45554731875 0.4161671375 0.47218831874999995 0.42552769843749993 0.47218831874999995 0.42552769843749993 0.45554731875 0.4161671375 0.45554731875
2 0.4231875578125 0.4534671921875 0.4231875578125 0.47842869062500004 0.4348882609375 0.47842869062500004 0.4348882609375 0.4534671921875 0.4231875578125 0.4534671921875
2 0.430207978125 0.46594794375 0.430207978125 0.48882931406249996 0.4489291015625 0.48882931406249996 0.4489291015625 0.46594794375 0.430207978125 0.46594794375
2 0.4407386125 0.47426843906249994 0.4407386125 0.5013100625 0.45360938281249996 0.5013100625 0.45360938281249996 0.47426843906249994 0.4407386125 0.47426843906249994
2 0.45126924375 0.484669065625 0.45126924375 0.5033901890625 0.4629699453125 0.5033901890625 0.4629699453125 0.484669065625 0.45126924375 0.484669065625
2 0.45945973437500004 0.46178769375 0.45945973437500004 0.5366721828125 0.5074326109375 0.5366721828125 0.5074326109375 0.46178769375 0.45945973437500004 0.46178769375
2 0.4875414203125 0.4763485671875 0.4875414203125 0.5637138046875 0.541364646875 0.5637138046875 0.541364646875 0.4763485671875 0.4875414203125 0.4763485671875
2 0.5261537328125 0.43266594375 0.5261537328125 0.628197671875 0.6595417328125001 0.628197671875 0.6595417328125001 0.43266594375 0.5261537328125 0.43266594375
2 0.5752966828125 0.47842869062500004 0.5752966828125 0.7114026609375 0.81750120625 0.7114026609375 0.81750120625 0.47842869062500004 0.5752966828125 0.47842869062500004
2 0.3880854546875 0.43890631874999997 0.3880854546875 0.45762744375000003 0.403296365625 0.45762744375000003 0.403296365625 0.43890631874999997 0.3880854546875 0.43890631874999997
2 0.38457524374999996 0.4534671921875 0.38457524374999996 0.47426843906249994 0.39744601562500004 0.47426843906249994 0.39744601562500004 0.4534671921875 0.38457524374999996 0.4534671921875
2 0.36936433125 0.45762744375000003 0.36936433125 0.48050881562500003 0.383405175 0.48050881562500003 0.383405175 0.45762744375000003 0.36936433125 0.45762744375000003
2 0.35298335000000003 0.46178769375 0.35298335000000003 0.48674918749999996 0.36936433125 0.48674918749999996 0.36936433125 0.46178769375 0.35298335000000003 0.46178769375
2 0.32724180625 0.46594794375 0.32724180625 0.490909440625 0.35181327812499996 0.490909440625 0.35181327812499996 0.46594794375 0.32724180625 0.46594794375
2 0.2909696296875 0.4701081921875 0.2909696296875 0.49506968906250004 0.321391453125 0.49506968906250004 0.321391453125 0.4701081921875 0.2909696296875 0.4701081921875
2 0.26054780625 0.4701081921875 0.26054780625 0.513790809375 0.28394921093750003 0.513790809375 0.28394921093750003 0.4701081921875 0.26054780625 0.4701081921875
2 0.2394865421875 0.4701081921875 0.2394865421875 0.5241914328124999 0.26639815625 0.5241914328124999 0.26639815625 0.4701081921875 0.2394865421875 0.4701081921875
2 0.1868333875 0.463867815625 0.1868333875 0.5408324343750001 0.24767703437500002 0.5408324343750001 0.24767703437500002 0.463867815625 0.1868333875 0.463867815625
2 0.04876510625 0.48882931406249996 0.04876510625 0.594915678125 0.144710859375 0.594915678125 0.144710859375 0.48882931406249996 0.04876510625 0.48882931406249996
2 0.0007922296875 0.486749190625 0.0007922296875 0.615716925 0.0534453859375 0.615716925 0.0534453859375 0.486749190625 0.0007922296875 0.486749190625
2 0.402126296875 0.44098644374999996 0.402126296875 0.4534671921875 0.41382699843750004 0.4534671921875 0.41382699843750004 0.44098644374999996 0.402126296875 0.44098644374999996
4 0.7110248203125 0.43890631874999997 0.7110248203125 0.4825889390625 0.7309160125 0.4825889390625 0.7309160125 0.43890631874999997 0.7110248203125 0.43890631874999997