2 0.6550708734375 0.24781781718749998 0.6550708734375 0.6810657484375 0.9989777890625 0.6810657484375 0.9989777890625 0.24781781718749998 0.6550708734375 0.24781781718749998
2 0 0.717458575 0.071160971875 0.717458575 0.071160971875 0.4939026421875 0 0.4939026421875 0 0.717458575
2 0.310963703125 0.39685510625 0.310963703125 0.5233635015625 0.39772160156249997 0.5233635015625 0.39772160156249997 0.39685510625 0.310963703125 0.39685510625
2 0.013647309375 0.45231083906249997 0.013647309375 0.6412069406249999 0.1696165640625 0.6412069406249999 0.1696165640625 0.45231083906249997 0.013647309375 0.45231083906249997
2 0.116976940625 0.441912890625 0.116976940625 0.5753532531250001 0.23102945937500002 0.5753532531250001 0.23102945937500002 0.441912890625 0.116976940625 0.441912890625
2 0.165717334375 0.41245203124999996 0.165717334375 0.533761453125 0.273921003125 0.533761453125 0.273921003125 0.41245203124999996 0.165717334375 0.41245203124999996
2 0.24760119375 0.414185021875 0.24760119375 0.5025676 0.3041400484375 0.5025676 0.3041400484375 0.414185021875 0.24760119375 0.414185021875
2 0.2895179296875 0.4193839953125 0.2895179296875 0.4765727234375 0.3099888921875 0.4765727234375 0.3099888921875 0.4193839953125 0.2895179296875 0.4193839953125
2 0.56928778125 0.3465983453125 0.56928778125 0.570154278125 0.711609728125 0.570154278125 0.711609728125 0.3465983453125 0.56928778125 0.3465983453125
2 0.5234718140625 0.37779219531249997 0.5234718140625 0.5181645296874999 0.5985320187500001 0.5181645296874999 0.5985320187500001 0.37779219531249997 0.5234718140625 0.37779219531249997
2 0.49227796250000005 0.3812581796875 0.49227796250000005 0.4904366578125 0.54881681875 0.4904366578125 0.54881681875 0.3812581796875 0.49227796250000005 0.3812581796875
2 0.4796054609375 0.39165613125 0.4796054609375 0.46790776875000006 0.5010512328125001 0.46790776875000006 0.5010512328125001 0.39165613125 0.4796054609375 0.39165613125
2 0.4669329578125 0.40378707187499996 0.4669329578125 0.46097579843750003 0.4825298828125 0.46097579843750003 0.4825298828125 0.40378707187499996 0.4669329578125 0.40378707187499996
2 0.4474368015625 0.40032108906249997 0.4474368015625 0.46097579843750003 0.4669329578125 0.46097579843750003 0.4669329578125 0.40032108906249997 0.4474368015625 0.40032108906249997
2 0.38894833125 0.398588096875 0.38894833125 0.43324793125000005 0.41039410312499996 0.43324793125000005 0.41039410312499996 0.398588096875 0.38894833125 0.398588096875