2 0.400470384375 0.42098684531249997 0.400470384375 0.442302634375 0.409462984375 0.442302634375 0.409462984375 0.42098684531249997 0.400470384375 0.42098684531249997
2 0.3854827203125 0.422763159375 0.3854827203125 0.44407895000000003 0.3974728515625 0.44407895000000003 0.3974728515625 0.422763159375 0.3854827203125 0.422763159375
2 0.3784884765625 0.4263157921875 0.3784884765625 0.44763158125 0.3854827203125 0.44763158125 0.3854827203125 0.4263157921875 0.3784884765625 0.4263157921875
2 0.3165394640625 0.429868425 0.3165394640625 0.46539473750000004 0.336523015625 0.46539473750000004 0.336523015625 0.429868425 0.3165394640625 0.429868425
2 0.284565778125 0.422763159375 0.284565778125 0.47605263437499995 0.317538640625 0.47605263437499995 0.317538640625 0.422763159375 0.284565778125 0.422763159375
2 0.258587159375 0.42098684531249997 0.258587159375 0.48671053124999997 0.2875633109375 0.48671053124999997 0.2875633109375 0.42098684531249997 0.258587159375 0.42098684531249997
2 0.20762909999999998 0.415657896875 0.20762909999999998 0.4938157921875 0.260585515625 0.4938157921875 0.260585515625 0.415657896875 0.20762909999999998 0.415657896875
2 0.5453511421874999 0.4192105296875 0.5453511421874999 0.47605263437499995 0.5833198921875 0.47605263437499995 0.5833198921875 0.4192105296875 0.5453511421874999 0.4192105296875
2 0.624286175 0.4316447390625 0.624286175 0.51157895 0.7272014718750001 0.51157895 0.7272014718750001 0.4316447390625 0.624286175 0.4316447390625
2 0.49838979375000003 0.429868425 0.49838979375000003 0.47250000156249994 0.5283651218750001 0.47250000156249994 0.5283651218750001 0.429868425 0.49838979375000003 0.429868425
2 0.5003881484375 0.42809210625 0.5003881484375 0.4440789515625 0.5103799234374999 0.4440789515625 0.5103799234374999 0.42809210625 0.5003881484375 0.42809210625
2 0.357505746875 0.422763159375 0.357505746875 0.4529605296875 0.3774892984375 0.4529605296875 0.3774892984375 0.422763159375 0.357505746875 0.422763159375
2 0.44043749062500004 0.4245394765625 0.44043749062500004 0.4458552671875 0.45642433281250006 0.4458552671875 0.45642433281250006 0.4245394765625 0.44043749062500004 0.4245394765625
2 0.45942186406249996 0.42098684531249997 0.45942186406249996 0.4582894765625 0.48540048437500005 0.4582894765625 0.48540048437500005 0.42098684531249997 0.45942186406249996 0.42098684531249997
2 0.46441775312500005 0.3978947390625 0.46441775312500005 0.41210526718749996 0.47241117343749994 0.41210526718749996 0.47241117343749994 0.3978947390625 0.46441775312500005 0.3978947390625
2 0.4963914375 0.4369736875 0.4963914375 0.48671053124999997 0.547349496875 0.48671053124999997 0.547349496875 0.4369736875 0.4963914375 0.4369736875
2 0.5673330484375 0.4263157921875 0.5673330484375 0.5009210562499999 0.6292820625 0.5009210562499999 0.6292820625 0.4263157921875 0.5673330484375 0.4263157921875
2 0.6232869984375 0.44052631875000003 0.6232869984375 0.6643421078125 0.88007565 0.6643421078125 0.88007565 0.44052631875000003 0.6232869984375 0.44052631875000003
2 0.111708046875 0.415657896875 0.111708046875 0.5222368453125 0.215622521875 0.5222368453125 0.215622521875 0.415657896875 0.111708046875 0.415657896875
2 0.9231430296875001 0.44537887343750004 0.9231430296875001 0.68921053125 0.9999769671875001 0.68921053125 0.9999769671875001 0.44537887343750004 0.9231430296875001 0.44537887343750004
4 0.006794396875 0.3978947390625 0.006794396875 0.49559210781249996 0.0327730140625 0.49559210781249996 0.0327730140625 0.3978947390625 0.006794396875 0.3978947390625
2 0.7983676265625 0.42284998125 0.7983676265625 0.5822852187499999 0.9689589984375001 0.5822852187499999 0.9689589984375001 0.42284998125 0.7983676265625 0.42284998125