4 0.9046216812500001 0.47137375 0.9046216812500001 0.54069341875 0.9241178375000001 0.54069341875 0.9241178375000001 0.47137375 0.9046216812500001 0.47137375
2 0.3996712171875 0.5164315359375 0.3996712171875 0.731322509375 0.549791625 0.731322509375 0.549791625 0.5164315359375 0.3996712171875 0.5164315359375
2 0.649222025 0.4575098171875 0.649222025 0.74345345 0.922168221875 0.74345345 0.922168221875 0.4575098171875 0.649222025 0.4575098171875
2 0.5624641265625 0.462708790625 0.5624641265625 0.6221440312500001 0.6531212578125001 0.6221440312500001 0.6531212578125001 0.462708790625 0.5624641265625 0.462708790625
2 0.5410183546875 0.48697067499999996 0.5410183546875 0.5736202609375 0.5936579765625 0.5736202609375 0.5936579765625 0.48697067499999996 0.5410183546875 0.48697067499999996
2 0.6375243312500001 0.49390264375 0.6375243312500001 0.5545573546875 0.6677433734375 0.5545573546875 0.6677433734375 0.49390264375 0.6375243312500001 0.49390264375
2 0.2787950453125 0.4887036671875 0.2787950453125 0.5302954671875 0.3177873578125 0.5302954671875 0.3177873578125 0.4887036671875 0.2787950453125 0.4887036671875
2 0.3177873578125 0.4817717 0.3177873578125 0.5233635015625 0.3431323609375 0.5233635015625 0.3431323609375 0.4817717 0.3177873578125 0.4817717
2 0.4747314203125 0.49910161718749996 0.4747314203125 0.511232559375 0.5146985421875 0.511232559375 0.5146985421875 0.49910161718749996 0.4747314203125 0.49910161718749996
4 0.24760119375 0.4887036671875 0.24760119375 0.537227434375 0.2563744640625 0.537227434375 0.2563744640625 0.4887036671875 0.24760119375 0.4887036671875
2 0.5167931734375 0.5117106859375 0.5167931734375 0.5699541796875 0.5460449265625 0.5699541796875 0.5460449265625 0.5117106859375 0.5167931734375 0.5117106859375