2 0.3807394484375 0.3533935203125 0.3807394484375 0.392659465625 0.41334420625 0.392659465625 0.41334420625 0.3533935203125 0.3807394484375 0.3533935203125
2 0.35339351875 0.3758312046875 0.35339351875 0.42257638125 0.3817912125 0.42257638125 0.3817912125 0.3758312046875 0.35339351875 0.3758312046875
2 0.32499582656250003 0.355263328125 0.32499582656250003 0.435665028125 0.36496295 0.435665028125 0.36496295 0.355263328125 0.32499582656250003 0.355263328125
2 0.2555792421875 0.3590029421875 0.2555792421875 0.4562329046875 0.332358190625 0.4562329046875 0.332358190625 0.3590029421875 0.2555792421875 0.3590029421875
2 0.09150367968749999 0.3702217828125 0.09150367968749999 0.5553326765625 0.24506157812499998 0.5553326765625 0.24506157812499998 0.3702217828125 0.09150367968749999 0.3702217828125
2 0.000701175 0.31163449375 0.000701175 0.63324129375 0.09325662031250001 0.63324129375 0.09325662031250001 0.31163449375 0.000701175 0.31163449375
2 0.429821878125 0.35775640468750003 0.429821878125 0.37832428125 0.4477019078125 0.37832428125 0.4477019078125 0.35775640468750003 0.429821878125 0.35775640468750003
2 0.4466501390625 0.36149601875 0.4466501390625 0.39515254375 0.4592713375 0.39515254375 0.4592713375 0.36149601875 0.4466501390625 0.36149601875
2 0.45927133906249995 0.36149601875 0.45927133906249995 0.4101110015625 0.4824101984375 0.4101110015625 0.4824101984375 0.36149601875 0.45927133906249995 0.36149601875
2 0.47504783437500003 0.38393370312499997 0.47504783437500003 0.43628829687500004 0.515014959375 0.43628829687500004 0.515014959375 0.38393370312499997 0.47504783437500003 0.38393370312499997
2 0.523429090625 0.36149601875 0.523429090625 0.49986173593750005 0.6201916015625 0.49986173593750005 0.6201916015625 0.36149601875 0.523429090625 0.36149601875
2 0.4992384625 0.38393370312499997 0.4992384625 0.4680750171875 0.5318432203125 0.4680750171875 0.5318432203125 0.38393370312499997 0.4992384625 0.38393370312499997
2 0.578120946875 0.39702234999999997 0.578120946875 0.5802634359375001 0.6990740859375 0.5802634359375001 0.6990740859375 0.39702234999999997 0.578120946875 0.39702234999999997
2 0.6365099265625 0.41019422812500006 0.6365099265625 0.7448896828125 0.9972658093750001 0.7448896828125 0.9972658093750001 0.41019422812500006 0.6365099265625 0.41019422812500006