2 0.5586465984375 0.5161134015625 0.5586465984375 0.5545020015625 0.5994344859375 0.5545020015625 0.5994344859375 0.5161134015625 0.5586465984375 0.5161134015625
2 0.8153703609375 0.49691910000000006 0.8153703609375 0.5779617015625 0.8921475624999999 0.5779617015625 0.8921475624999999 0.49691910000000006 0.8153703609375 0.49691910000000006
4 0.7745824734375 0.49905180156249995 0.7745824734375 0.644075403125 0.80697285625 0.644075403125 0.80697285625 0.49905180156249995 0.7745824734375 0.49905180156249995
2 0.68340955 0.47985749999999994 0.68340955 0.5886252015625 0.7865789125 0.5886252015625 0.7865789125 0.47985749999999994 0.68340955 0.47985749999999994
2 0.49866441093749997 0.5118480015625 0.49866441093749997 0.575829003125 0.5586465984375 0.575829003125 0.5586465984375 0.5118480015625 0.49866441093749997 0.5118480015625
2 0.371502171875 0.5054499015625 0.371502171875 0.575829003125 0.40269290937499996 0.575829003125 0.40269290937499996 0.5054499015625 0.371502171875 0.5054499015625
2 0.187956678125 0.5075826 0.187956678125 0.5481039 0.2215467046875 0.5481039 0.2215467046875 0.5075826 0.187956678125 0.5075826
2 0.155566296875 0.49052100000000004 0.155566296875 0.5374404015625001 0.193954896875 0.5374404015625001 0.193954896875 0.49052100000000004 0.155566296875 0.49052100000000004
2 0.081188384375 0.5075826 0.081188384375 0.5395730999999999 0.107580546875 0.5395730999999999 0.107580546875 0.5075826 0.081188384375 0.5075826
2 0.0967837546875 0.5118480015625 0.0967837546875 0.5438385015625 0.138771284375 0.5438385015625 0.138771284375 0.5118480015625 0.0967837546875 0.5118480015625
2 0.26593352187499997 0.4883883015625 0.26593352187499997 0.6248811015625 0.3631046671875 0.6248811015625 0.3631046671875 0.4883883015625 0.26593352187499997 0.4883883015625
2 0.37750039062499996 0.4862556015625 0.37750039062499996 0.7101891015625 0.5130601359375 0.7101891015625 0.5130601359375 0.4862556015625 0.37750039062499996 0.4862556015625
0 1 0.552369303125 0.9389336671875 0.552369303125 0.9389336671875 0.656871603125 1 0.656871603125 1 0.552369303125
0 0.87415290625 0.5310423 0.87415290625 0.6547389 0.9509301046875 0.6547389 0.9509301046875 0.5310423 0.87415290625 0.5310423