4 0.755631759375 0.4990756625 0.755631759375 0.7835487875 0.8012503921875 0.7835487875 0.8012503921875 0.4990756625 0.755631759375 0.4990756625
4 0.7149258984375 0.539001715625 0.7149258984375 0.763585759375 0.7514208046874999 0.763585759375 0.7514208046874999 0.539001715625 0.7149258984375 0.539001715625
5 0.193001915625 0.5244453546875001 0.193001915625 0.63619071875 0.2211675546875 0.63619071875 0.2211675546875 0.5244453546875001 0.193001915625 0.5244453546875001
2 0.15159423125 0.5169592203125 0.15159423125 0.6431209015625 0.24377727343750002 0.6431209015625 0.24377727343750002 0.5169592203125 0.15159423125 0.5169592203125
2 0.28704648593750004 0.54482426875 0.28704648593750004 0.5922364578125 0.3270505171875 0.5922364578125 0.3270505171875 0.54482426875 0.28704648593750004 0.54482426875
2 0.3686921515625 0.40799435468749995 0.3686921515625 0.6779111203125 0.48519512656249997 0.6779111203125 0.48519512656249997 0.40799435468749995 0.3686921515625 0.40799435468749995
2 0.5266028125 0.5356745562499999 0.5266028125 0.621765109375 0.5862579484375 0.621765109375 0.5862579484375 0.5356745562499999 0.5266028125 0.5356745562499999
2 0.30529394062500004 0.5319314890625 0.30529394062500004 0.585582121875 0.345297971875 0.585582121875 0.345297971875 0.5319314890625 0.30529394062500004 0.5319314890625
2 0.50835535625 0.53442686875 0.50835535625 0.6030497687499999 0.5455520890625001 0.6030497687499999 0.5455520890625001 0.53442686875 0.50835535625 0.53442686875
2 0.48519512656249997 0.53442686875 0.48519512656249997 0.5893251890625 0.5167772578125 0.5893251890625 0.5167772578125 0.53442686875 0.48519512656249997 0.53442686875
2 0.4816860015625 0.538169934375 0.4816860015625 0.5830867453125 0.49151155468749996 0.5830867453125 0.49151155468749996 0.538169934375 0.4816860015625 0.538169934375
5 0.34950892499999997 0.5265248234375 0.34950892499999997 0.5801754546875 0.35863265312500003 0.5801754546875 0.35863265312500003 0.5265248234375 0.34950892499999997 0.5265248234375
5 0.361439953125 0.5227817546875 0.361439953125 0.5789277671875 0.37126550625 0.5789277671875 0.37126550625 0.5227817546875 0.361439953125 0.5227817546875
2 0.2414278515625 0.5227817546875 0.2414278515625 0.6026338625000001 0.28845013750000004 0.6026338625000001 0.28845013750000004 0.5227817546875 0.2414278515625 0.5227817546875
0 0.1931003171875 0.5668888984375 0.1931003171875 0.6431209015625 0.21960826249999998 0.6431209015625 0.21960826249999998 0.5668888984375 0.1931003171875 0.5668888984375