2 0.1551871265625 0.41381069843749996 0.1551871265625 0.5109330796875 0.23030521875 0.5109330796875 0.23030521875 0.41381069843749996 0.1551871265625 0.41381069843749996
2 0.32423699687499996 0.4224823546875 0.32423699687499996 0.47451219062499994 0.3395678953125 0.47451219062499994 0.3395678953125 0.4224823546875 0.32423699687499996 0.4224823546875
2 0.4649126953125 0.42005429375 0.4649126953125 0.473471603125 0.5004230640625 0.473471603125 0.5004230640625 0.42005429375 0.4649126953125 0.42005429375
2 0.5482254859375 0.41277011718749995 0.5482254859375 0.48561189843749997 0.5769069390625 0.48561189843749997 0.5769069390625 0.41277011718749995 0.5482254859375 0.41277011718749995
2 0.650659246875 0.40791399687499996 0.650659246875 0.5560256296875 0.8022612125 0.5560256296875 0.8022612125 0.40791399687499996 0.650659246875 0.40791399687499996
2 0.5618833203125 0.3860614625 0.5618833203125 0.5244608546875 0.6615855140625 0.5244608546875 0.6615855140625 0.3860614625 0.5618833203125 0.3860614625
2 0.5168124656249999 0.42005429375 0.5168124656249999 0.473471603125 0.546859703125 0.473471603125 0.546859703125 0.42005429375 0.5168124656249999 0.42005429375
2 0.3775025515625 0.40062982031249994 0.3775025515625 0.5317450328125 0.47447317812499995 0.5317450328125 0.47447317812499995 0.40062982031249994 0.3775025515625 0.40062982031249994
2 0.2163401015625 0.3860614625 0.2163401015625 0.5244608546875 0.33379748125 0.5244608546875 0.33379748125 0.3860614625 0.2163401015625 0.3860614625
2 0.0221939796875 0.4030578796875 0.0221939796875 0.5438853296875 0.162869678125 0.5438853296875 0.162869678125 0.4030578796875 0.0221939796875 0.4030578796875
2 0.7446934390625 0.40062982031249994 0.7446934390625 0.658004128125 0.9973633812499999 0.658004128125 0.9973633812499999 0.40062982031249994 0.7446934390625 0.40062982031249994
2 0.3991502203125 0.39213161093750004 0.3991502203125 0.40184384843750004 0.42373432187500004 0.40184384843750004 0.42373432187500004 0.39213161093750004 0.3991502203125 0.39213161093750004
2 0.3759319015625 0.372707134375 0.3759319015625 0.3897035515625 0.388223953125 0.3897035515625 0.388223953125 0.372707134375 0.3759319015625 0.372707134375
2 0.3609082828125 0.3605668390625 0.3609082828125 0.387275490625 0.37456611875 0.387275490625 0.37456611875 0.3605668390625 0.3609082828125 0.3605668390625
2 0.4840336625 0.3933456421875 0.4840336625 0.4054859390625 0.5031546312499999 0.4054859390625 0.5031546312499999 0.3933456421875 0.4840336625 0.3933456421875
2 0.5086177671875001 0.40791399687499996 0.5086177671875001 0.41762623593750003 0.5222756000000001 0.41762623593750003 0.5222756000000001 0.40791399687499996 0.5086177671875001 0.40791399687499996