4 0.6711377921875 0.67363864375 0.6711377921875 0.737759334375 0.6886843328125 0.737759334375 0.6886843328125 0.67363864375 0.6711377921875 0.67363864375
2 0.3628722203125 0.6602698453125 0.3628722203125 0.67933275625 0.36969587656249997 0.67933275625 0.36969587656249997 0.6602698453125 0.3628722203125 0.6602698453125
2 0.367746259375 0.6654688203125 0.367746259375 0.67933275625 0.379443953125 0.67933275625 0.379443953125 0.6654688203125 0.367746259375 0.6654688203125
2 0.3687210671875 0.6775997625 0.3687210671875 0.6931966890625 0.378469146875 0.6931966890625 0.378469146875 0.6775997625 0.3687210671875 0.6775997625
2 0.355073759375 0.66373583125 0.355073759375 0.677599765625 0.363847028125 0.677599765625 0.363847028125 0.66373583125 0.355073759375 0.66373583125
2 0.341426446875 0.667201815625 0.341426446875 0.682798740625 0.34922491093749997 0.682798740625 0.34922491093749997 0.667201815625 0.341426446875 0.667201815625
2 0.34630048593749996 0.66980130625 0.34630048593749996 0.68539823125 0.356048565625 0.68539823125 0.356048565625 0.66980130625 0.34630048593749996 0.66980130625
2 0.355073759375 0.668068309375 0.355073759375 0.68713121875 0.3657966453125 0.68713121875 0.3657966453125 0.668068309375 0.355073759375 0.668068309375
2 0.331678371875 0.666335315625 0.331678371875 0.6888642078125 0.343376065625 0.6888642078125 0.343376065625 0.666335315625 0.331678371875 0.666335315625
2 0.3170562515625 0.66980130625 0.3170562515625 0.6905972046875 0.3307035625 0.6905972046875 0.3307035625 0.66980130625 0.3170562515625 0.66980130625
2 0.49008464687500003 0.6784662625 0.49008464687500003 0.7096601109375 0.5095808015625 0.7096601109375 0.5095808015625 0.6784662625 0.49008464687500003 0.6784662625
2 0.5047067625 0.680199253125 0.5047067625 0.7131260984375001 0.525177728125 0.7131260984375001 0.525177728125 0.680199253125 0.5047067625 0.680199253125
2 0.515429646875 0.680199253125 0.515429646875 0.721791053125 0.5485731140625 0.721791053125 0.5485731140625 0.680199253125 0.515429646875 0.680199253125
2 0.5709936953125 0.666335315625 0.5709936953125 0.7096601078125 0.6324065875 0.7096601078125 0.6324065875 0.666335315625 0.5709936953125 0.666335315625
2 0.088951215625 0.6576703609375001 0.088951215625 0.7217910562500001 0.1796083453125 0.7217910562500001 0.1796083453125 0.6576703609375001 0.088951215625 0.6576703609375001
2 0.5359006140625 0.681932246875 0.5359006140625 0.733921996875 0.5885402359375 0.733921996875 0.5885402359375 0.681932246875 0.5359006140625 0.681932246875
2 0.36433443125 0.6594033515625 0.36433443125 0.7443199453125 0.5017823375 0.7443199453125 0.5017823375 0.6594033515625 0.36433443125 0.6594033515625
6 0.69966833125 0.65593736875 0.69966833125 0.7685818281250001 0.8848818203125 0.7685818281250001 0.8848818203125 0.65593736875 0.69966833125 0.65593736875
2 0.000243703125 0.63514146875 0.000243703125 0.72699003125 0.0977244875 0.72699003125 0.0977244875 0.63514146875 0.000243703125 0.63514146875