2 0.437265828125 0.19814518750000001 0.437265828125 0.21338712499999998 0.4470642171875 0.21338712499999998 0.4470642171875 0.19814518750000001 0.437265828125 0.19814518750000001
2 0.356429125 0.2242742234375 0.356429125 0.2438709984375 0.368677109375 0.2438709984375 0.368677109375 0.2242742234375 0.356429125 0.2242742234375
2 0.3294835546875 0.23080648125 0.3294835546875 0.280887134375 0.3539795265625 0.280887134375 0.3539795265625 0.23080648125 0.3294835546875 0.23080648125
2 0.48135857499999996 0.21120970468750003 0.48135857499999996 0.2395161609375 0.49115696406250003 0.2395161609375 0.49115696406250003 0.21120970468750003 0.48135857499999996 0.21120970468750003
6 0.49850575468749997 0.189435509375 0.49850575468749997 0.24604841875 0.526676121875 0.24604841875 0.526676121875 0.189435509375 0.49850575468749997 0.189435509375
6 0.4593122 0.191612928125 0.4593122 0.25693551875 0.4838081703125 0.25693551875 0.4838081703125 0.191612928125 0.4593122 0.191612928125
2 0.439715421875 0.237338740625 0.439715421875 0.283064553125 0.4715601859375 0.283064553125 0.4715601859375 0.237338740625 0.439715421875 0.237338740625
2 0.425017840625 0.2286290609375 0.425017840625 0.252580678125 0.43726582656249996 0.252580678125 0.43726582656249996 0.2286290609375 0.425017840625 0.2286290609375
2 0.3441811359375 0.23516132031249998 0.3441811359375 0.30483874843750003 0.3907234828125 0.30483874843750003 0.3907234828125 0.23516132031249998 0.3441811359375 0.23516132031249998
2 0.3833746921875 0.2286290609375 0.3833746921875 0.3179032671875 0.44583941562499996 0.3179032671875 0.44583941562499996 0.2286290609375 0.3833746921875 0.2286290609375
2 0.49850575468749997 0.22645164218749997 0.49850575468749997 0.33750004375 0.5646448765625001 0.33750004375 0.5646448765625001 0.22645164218749997 0.49850575468749997 0.22645164218749997
2 0.1996549078125 0.20903228437500002 0.1996549078125 0.4050000546875 0.36132831875 0.4050000546875 0.36132831875 0.20903228437500002 0.1996549078125 0.20903228437500002
2 0.093097434375 0.24169358124999998 0.093097434375 0.38322585625 0.2045541015625 0.38322585625 0.2045541015625 0.24169358124999998 0.093097434375 0.24169358124999998
2 0.0710510625 0.2482258390625 0.0710510625 0.29177423125 0.1090198171875 0.29177423125 0.1090198171875 0.2482258390625 0.0710510625 0.2482258390625
2 0.000012745312499999999 0.23516132031249998 0.000012745312499999999 0.30048390937499997 0.0722758625 0.30048390937499997 0.0722758625 0.23516132031249998 0.000012745312499999999 0.23516132031249998