2 0 0.5562903453125 0.203734840625 0.5562903453125 0.203734840625 0.301540559375 0 0.301540559375 0 0.5562903453125
2 0.2641729265625 0.30500654531250004 0.2641729265625 0.41591801406249995 0.3675025578125 0.41591801406249995 0.3675025578125 0.30500654531250004 0.2641729265625 0.30500654531250004
2 0.3528804390625 0.301540559375 0.3528804390625 0.3795251890625 0.41234371875000003 0.3795251890625 0.41234371875000003 0.301540559375 0.3528804390625 0.301540559375
2 0.40357044843749995 0.301540559375 0.40357044843749995 0.3587292890625 0.43476429687499996 0.3587292890625 0.43476429687499996 0.301540559375 0.40357044843749995 0.301540559375
2 0.4318398765625 0.29460859375 0.4318398765625 0.35006433124999997 0.45913449531249995 0.35006433124999997 0.45913449531249995 0.29460859375 0.4318398765625 0.29460859375
2 0.44548718593750003 0.2772786765625 0.44548718593750003 0.34139936875 0.481555075 0.34139936875 0.481555075 0.2772786765625 0.44548718593750003 0.2772786765625
2 0.4796054609375 0.2824776515625 0.4796054609375 0.33620039375 0.494227578125 0.33620039375 0.494227578125 0.2824776515625 0.4796054609375 0.2824776515625
2 0.4971520015625 0.2824776515625 0.4971520015625 0.31540449375 0.513723734375 0.31540449375 0.513723734375 0.2824776515625 0.4971520015625 0.2824776515625
2 0.643373178125 0.2824776515625 0.643373178125 0.3656612546875 0.717458575 0.3656612546875 0.717458575 0.2824776515625 0.643373178125 0.2824776515625
2 0.5595397046875 0.27381269375 0.5595397046875 0.32060347031249997 0.5887839390625 0.32060347031249997 0.5887839390625 0.27381269375 0.5595397046875 0.27381269375
2 0.62972586875 0.256482775 0.62972586875 0.35006433124999997 0.6833402984375 0.35006433124999997 0.6833402984375 0.256482775 0.62972586875 0.256482775
2 0.6151037515625 0.280744659375 0.6151037515625 0.3240694546875 0.6365495234375 0.3240694546875 0.6365495234375 0.280744659375 0.6151037515625 0.280744659375
2 0.6102297109375 0.2824776515625 0.6102297109375 0.308472528125 0.62192740625 0.308472528125 0.62192740625 0.2824776515625 0.6102297109375 0.2824776515625
2 0.6043808640624999 0.2755456859375 0.6043808640624999 0.3015405578125 0.61900298125 0.3015405578125 0.61900298125 0.2755456859375 0.6043808640624999 0.2755456859375
2 0.5985320171875 0.272079703125 0.5985320171875 0.29460859375 0.615103753125 0.29460859375 0.615103753125 0.272079703125 0.5985320171875 0.272079703125
2 0.529320659375 0.27381269375 0.529320659375 0.2998075671875 0.5410183546875 0.2998075671875 0.5410183546875 0.27381269375 0.529320659375 0.27381269375
2 0.5429679703125 0.27901166875 0.5429679703125 0.29980756875000003 0.5497916265625 0.29980756875000003 0.5497916265625 0.27901166875 0.5429679703125 0.27901166875
2 0.551741240625 0.2824776515625 0.551741240625 0.2963415859375 0.55953970625 0.2963415859375 0.55953970625 0.2824776515625 0.551741240625 0.2824776515625