2 0.538541065625 0.5452237296875 0.538541065625 0.5729746328124999 0.5798613515625 0.5729746328124999 0.5798613515625 0.5452237296875 0.538541065625 0.5452237296875
2 0.548641578125 0.569709825 0.548641578125 0.6056227671875 0.6101628953125 0.6056227671875 0.6101628953125 0.569709825 0.548641578125 0.569709825
2 0.6285274671875001 0.5795042625 0.6285274671875001 0.621946828125 0.67719358125 0.621946828125 0.67719358125 0.5795042625 0.6285274671875001 0.5795042625
2 0.5679899671875 0.57460704375 0.5679899671875 0.6431681140625 0.667093065625 0.6431681140625 0.667093065625 0.57460704375 0.5679899671875 0.57460704375
2 0.681981496875 0.5606150203125 0.681981496875 0.591630740625 0.694836696875 0.591630740625 0.694836696875 0.5606150203125 0.681981496875 0.5606150203125
2 0.689327325 0.56387983125 0.689327325 0.5899983328125 0.722383553125 0.5899983328125 0.722383553125 0.56387983125 0.689327325 0.56387983125
2 0.7012642953125 0.5687770484375 0.7012642953125 0.6046899906250001 0.75819446875 0.6046899906250001 0.75819446875 0.5687770484375 0.7012642953125 0.5687770484375
2 0.7269746953125 0.5753066718750001 0.7269746953125 0.617749240625 0.7848230968750001 0.617749240625 0.7848230968750001 0.5753066718750001 0.7269746953125 0.5753066718750001
2 0.8828112125 0.5736742671874999 0.8828112125 0.599792771875 0.9121945296874999 0.599792771875 0.9121945296874999 0.5736742671874999 0.8828112125 0.5736742671874999
2 0.7908571859375 0.5720418625 0.7908571859375 0.58999833125 0.8303410140624999 0.58999833125 0.8303410140624999 0.5720418625 0.7908571859375 0.5720418625
2 0.78718426875 0.5851011140625 0.78718426875 0.6291760875 0.8073852984375 0.6291760875 0.8073852984375 0.5851011140625 0.78718426875 0.5851011140625
2 0.8275863265625001 0.5655122390625 0.8275863265625001 0.5851011125000001 0.8716613000000001 0.5851011125000001 0.8716613000000001 0.5655122390625 0.8275863265625001 0.5655122390625
2 0.794530096875 0.5948955515625001 0.794530096875 0.634073303125 0.8349321562500001 0.634073303125 0.8349321562500001 0.5948955515625001 0.794530096875 0.5948955515625001
2 0.81564935625 0.5818362984375 0.81564935625 0.642235334375 0.8744159843749999 0.642235334375 0.8744159843749999 0.5818362984375 0.81564935625 0.5818362984375
2 0.8459508984375 0.5965279609375 0.8459508984375 0.658559403125 0.9411843015624999 0.658559403125 0.9411843015624999 0.5965279609375 0.8459508984375 0.5965279609375
2 0.9431519578125 0.5785714890625 0.9431519578125 0.599792771875 0.9560071578124999 0.599792771875 0.9560071578124999 0.5785714890625 0.9431519578125 0.5785714890625
2 0.9578436140625 0.57693908125 0.9578436140625 0.6046899875 0.9964092140625 0.6046899875 0.9964092140625 0.57693908125 0.9578436140625 0.57693908125
2 0.932002015625 0.6023579546875 0.932002015625 0.6350060796875 0.9990327046875 0.6350060796875 0.9990327046875 0.6023579546875 0.932002015625 0.6023579546875
2 0.9283290984375 0.62847645625 0.9283290984375 0.66112458125 0.9990327000000001 0.66112458125 0.9990327000000001 0.62847645625 0.9283290984375 0.62847645625
2 0.86864424375 0.5713422312499999 0.86864424375 0.5925635125000001 0.8888452734375001 0.5925635125000001 0.8888452734375001 0.5713422312499999 0.86864424375 0.5713422312499999