2 0.3282746484375 0.430163175 0.3282746484375 0.4522039875 0.34273892968749997 0.4522039875 0.34273892968749997 0.430163175 0.3282746484375 0.430163175
2 0.286948125 0.43934684687500003 0.286948125 0.45771419062499996 0.305545059375 0.45771419062499996 0.305545059375 0.43934684687500003 0.286948125 0.43934684687500003
2 0.20429508125 0.43934684687500003 0.20429508125 0.46689785937500006 0.2383894609375 0.46689785937500006 0.2383894609375 0.43934684687500003 0.20429508125 0.43934684687500003
2 0.1691675375 0.44118358124999996 0.1691675375 0.47791826718749997 0.20532824375 0.47791826718749997 0.20532824375 0.44118358124999996 0.1691675375 0.44118358124999996
2 0.11234356875 0.46506112968749996 0.11234356875 0.488938675 0.13300683124999998 0.488938675 0.13300683124999998 0.46506112968749996 0.11234356875 0.46506112968749996
2 0 0.50914275 0.0761828640625 0.50914275 0.0761828640625 0.4522039875 0 0.4522039875 0 0.50914275
2 0.60826183125 0.4117958265625 0.60826183125 0.43199990312500003 0.6206597875 0.43199990312500003 0.6206597875 0.4117958265625 0.60826183125 0.4117958265625
2 0.45562490312500004 0.42208154999999997 0.45562490312500004 0.4331019546875 0.4659565328125 0.4331019546875 0.4659565328125 0.42208154999999997 0.45562490312500004 0.42208154999999997
2 0.43702796875 0.42759175312500003 0.43702796875 0.4367754234375 0.44735959999999997 0.4367754234375 0.44735959999999997 0.42759175312500003 0.43702796875 0.42759175312500003
2 0.4700891859375 0.412897878125 0.4700891859375 0.4239182828125 0.48042081718749996 0.4239182828125 0.48042081718749996 0.412897878125 0.4700891859375 0.412897878125
2 0.4814539796875 0.41840808125000006 0.4814539796875 0.4331019546875 0.4917856109375 0.4331019546875 0.4917856109375 0.41840808125000006 0.4814539796875 0.41840808125000006
2 0.5279463171875001 0.41804073906249994 0.5279463171875001 0.4474284875 0.5496427390624999 0.4474284875 0.5496427390624999 0.41804073906249994 0.5279463171875001 0.41804073906249994
2 0.5930355890625 0.411428484375 0.5930355890625 0.43346929375 0.6074998703125 0.43346929375 0.6074998703125 0.411428484375 0.5930355890625 0.411428484375
2 0.562557278125 0.407755015625 0.562557278125 0.44632643437499997 0.5863200296875 0.44632643437499997 0.5863200296875 0.407755015625 0.562557278125 0.407755015625
2 0.7660904000000001 0.3673468609375 0.7660904000000001 0.5344896828125 0.8993684312499999 0.5344896828125 0.8993684312499999 0.3673468609375 0.7660904000000001 0.3673468609375
2 0.882837821875 0.39383695625000004 0.882837821875 0.45000032343749996 0.9520470984375 0.45000032343749996 0.9520470984375 0.39383695625000004 0.882837821875 0.39383695625000004
2 0.621447571875 0.35632645625000003 0.621447571875 0.5730611031249999 0.7898531484375 0.5730611031249999 0.7898531484375 0.35632645625000003 0.621447571875 0.35632645625000003
2 0.4921299921875 0.410203996875 0.4921299921875 0.4763264328125 0.530357025 0.4763264328125 0.530357025 0.410203996875 0.4921299921875 0.410203996875
2 0.41533154375 0.421530521875 0.41533154375 0.44357133437499996 0.4308289890625 0.44357133437499996 0.4308289890625 0.421530521875 0.41533154375 0.421530521875
6 0.22917435937500003 0.41064056718749997 0.22917435937500003 0.46023239218749995 0.27256720625 0.46023239218749995 0.27256720625 0.41064056718749997 0.22917435937500003 0.41064056718749997