2 0.4440232828125 0.42812484062499995 0.4440232828125 0.44874983281249997 0.456679528125 0.44874983281249997 0.456679528125 0.42812484062499995 0.4440232828125 0.42812484062499995
2 0.35648425 0.41687484374999995 0.35648425 0.4806248203125 0.39128892656250003 0.4806248203125 0.39128892656250003 0.41687484374999995 0.35648425 0.41687484374999995
2 0.2910936484375 0.42249984218750003 0.2910936484375 0.5312498046874999 0.362812371875 0.5312498046874999 0.362812371875 0.42249984218750003 0.2910936484375 0.42249984218750003
2 0.470390459375 0.426249840625 0.470390459375 0.44687483281249996 0.48832014218750003 0.44687483281249996 0.48832014218750003 0.426249840625 0.470390459375 0.426249840625
2 0.49359357656249997 0.42812484062499995 0.49359357656249997 0.463749828125 0.5136326328124999 0.463749828125 0.5136326328124999 0.42812484062499995 0.49359357656249997 0.42812484062499995
2 0.5051951359375 0.4356248375 0.5051951359375 0.5012498125 0.5294529390625 0.5012498125 0.5294529390625 0.4356248375 0.5051951359375 0.4356248375
2 0.5136326328124999 0.43937483437499997 0.5136326328124999 0.52937480625 0.58957010625 0.52937480625 0.58957010625 0.43937483437499997 0.5136326328124999 0.43937483437499997
2 0.5654573187499999 0.46162483906249996 0.5654573187499999 0.59662479375 0.74264475625 0.59662479375 0.74264475625 0.46162483906249996 0.5654573187499999 0.46162483906249996
2 0.13409028125 0.4166248546875 0.13409028125 0.48412483125000005 0.183660578125 0.48412483125000005 0.183660578125 0.4166248546875 0.13409028125 0.4166248546875
2 0.4414075515625 0.4440818765625 0.4414075515625 0.5228318484375001 0.5067981515625 0.5228318484375001 0.5067981515625 0.4440818765625 0.4414075515625 0.4440818765625
2 0.10601704062499999 0.41970688437500003 0.10601704062499999 0.6315818109375 0.303243534375 0.6315818109375 0.303243534375 0.41970688437500003 0.10601704062499999 0.41970688437500003
2 0.000548328125 0.39158189375 0.000548328125 0.577206828125 0.13554828125 0.577206828125 0.13554828125 0.39158189375 0.000548328125 0.39158189375
2 0.41136891093749994 0.426315965625 0.41136891093749994 0.447111865625 0.43086506875 0.447111865625 0.43086506875 0.426315965625 0.41136891093749994 0.426315965625