6 0.6429440515625 0.00033283281250000003 0.6429440515625 0.6113213046875 0.9983955296874999 0.6113213046875 0.9983955296874999 0.00033283281250000003 0.6429440515625 0.00033283281250000003
2 0.0052480828125 0.41804719375 0.0052480828125 0.45599096718750004 0.039509812500000005 0.45599096718750004 0.039509812500000005 0.41804719375 0.0052480828125 0.41804719375
2 0.11364994843750001 0.41704867031250004 0.11364994843750001 0.44900131875 0.147911678125 0.44900131875 0.147911678125 0.41704867031250004 0.11364994843750001 0.41704867031250004
2 0.16588504375 0.414053109375 0.16588504375 0.43801759999999995 0.18610508125 0.43801759999999995 0.18610508125 0.414053109375 0.16588504375 0.414053109375
2 0.18610508125 0.41505163125 0.18610508125 0.436020559375 0.2018317765625 0.436020559375 0.2018317765625 0.41505163125 0.18610508125 0.41505163125
2 0.31191864687500004 0.3987424609375 0.31191864687500004 0.4227069484375 0.32933034375000003 0.4227069484375 0.32933034375000003 0.3987424609375 0.31191864687500004 0.3987424609375
2 0.25912188125 0.4047335828125 0.25912188125 0.43468919375 0.28889026875 0.43468919375 0.28889026875 0.4047335828125 0.25912188125 0.4047335828125
2 0.2276684921875 0.40273654375 0.2276684921875 0.43668623437500004 0.2574368796875 0.43668623437500004 0.2574368796875 0.40273654375 0.2276684921875 0.40273654375
2 0.3664004125 0.3937498578125 0.3664004125 0.4217084265625 0.3871821171875 0.4217084265625 0.3871821171875 0.3937498578125 0.3664004125 0.3937498578125
2 0.32933034375000003 0.39674541875 0.32933034375000003 0.42470398749999994 0.351797053125 0.42470398749999994 0.351797053125 0.39674541875 0.32933034375000003 0.39674541875
2 0.3534820546875 0.39674541875 0.3534820546875 0.4227069484375 0.3686470828125 0.4227069484375 0.3686470828125 0.39674541875 0.3534820546875 0.39674541875
6 0.43005609062500005 0.19471146875 0.43005609062500005 0.5342083890625 0.5985564 0.5342083890625 0.5985564 0.19471146875 0.43005609062500005 0.19471146875
2 0.0385643515625 0.4176795390625 0.0385643515625 0.45603786562500004 0.0655350484375 0.45603786562500004 0.0655350484375 0.4176795390625 0.0385643515625 0.4176795390625