6 0.6346838625 0.00071481875 0.6346838625 0.7356037296875 0.9996329390625001 0.7356037296875 0.9996329390625001 0.00071481875 0.6346838625 0.00071481875
2 0.00023392656250000003 0.422433753125 0.00023392656250000003 0.5384688421875 0.08304929375 0.5384688421875 0.08304929375 0.422433753125 0.00023392656250000003 0.422433753125
2 0.06433731718749999 0.4055200640625 0.06433731718749999 0.51296555 0.181314259375 0.51296555 0.181314259375 0.4055200640625 0.06433731718749999 0.4055200640625
5 0.23492869062500002 0.41245203124999996 0.23492869062500002 0.49563563125 0.251500425 0.49563563125 0.251500425 0.41245203124999996 0.23492869062500002 0.41245203124999996
0 0.2320042671875 0.44884485625000003 0.2320042671875 0.497368625 0.25247523125 0.497368625 0.25247523125 0.44884485625000003 0.2320042671875 0.44884485625000003
4 0.2881775546875 0.4186412828125 0.2881775546875 0.46889804062499996 0.2940264015625 0.46889804062499996 0.2940264015625 0.4186412828125 0.2881775546875 0.4186412828125
6 0.483139125 0.39239883125 0.483139125 0.44785456718749994 0.5055597015625 0.44785456718749994 0.5055597015625 0.39239883125 0.483139125 0.39239883125
2 0.3242454453125 0.4149277234375 0.3242454453125 0.475582434375 0.3681118 0.475582434375 0.3681118 0.4149277234375 0.3242454453125 0.4149277234375
2 0.37980949218750004 0.42532567343750005 0.37980949218750004 0.4530535390625 0.39540641718749997 0.4530535390625 0.39540641718749997 0.42532567343750005 0.37980949218750004 0.42532567343750005
2 0.3924819953125 0.421859690625 0.3924819953125 0.44958755625 0.41002853593750005 0.44958755625 0.41002853593750005 0.421859690625 0.3924819953125 0.421859690625
2 0.40905372656249994 0.42012669843749995 0.40905372656249994 0.446121578125 0.42562546250000005 0.446121578125 0.42562546250000005 0.42012669843749995 0.40905372656249994 0.42012669843749995
2 0.4227010375 0.41839370625 0.4227010375 0.44438858281250004 0.440247578125 0.44438858281250004 0.440247578125 0.41839370625 0.4227010375 0.41839370625
2 0.440247578125 0.42012669843749995 0.440247578125 0.446121578125 0.4538948875 0.446121578125 0.4538948875 0.42012669843749995 0.440247578125 0.42012669843749995
2 0.4519452734375 0.42012669843749995 0.4519452734375 0.44265559374999996 0.4616933515625 0.44265559374999996 0.4616933515625 0.42012669843749995 0.4519452734375 0.42012669843749995
2 0.4675421984375 0.41839370625 0.4675421984375 0.4426555921875 0.47631546875 0.4426555921875 0.47631546875 0.41839370625 0.4675421984375 0.41839370625
2 0.51823220625 0.42359268125 0.51823220625 0.44438858437500006 0.5309047078125 0.44438858437500006 0.5309047078125 0.42359268125 0.51823220625 0.42359268125
4 0.228494959375 0.4193839953125 0.228494959375 0.4557768203125 0.23726823125 0.4557768203125 0.23726823125 0.4193839953125 0.228494959375 0.4193839953125
4 0.2518903484375 0.42284998125 0.2518903484375 0.4575098171875 0.2567643859375 0.4575098171875 0.2567643859375 0.42284998125 0.2518903484375 0.42284998125
4 0.2567643859375 0.42111698906250006 0.2567643859375 0.45577682499999994 0.261638425 0.45577682499999994 0.261638425 0.42111698906250006 0.2567643859375 0.42111698906250006