2 0.4248064328125 0.5574017796875 0.4248064328125 0.580513559375 0.4370420796875 0.580513559375 0.4370420796875 0.5574017796875 0.4248064328125 0.5574017796875
2 0.4385715375 0.5682779109375 0.4385715375 0.59682775625 0.4515719140625 0.59682775625 0.4515719140625 0.5682779109375 0.4385715375 0.5682779109375
2 0.45386609843750003 0.554682746875 0.45386609843750003 0.5900301781249999 0.46916065781249994 0.5900301781249999 0.46916065781249994 0.554682746875 0.45386609843750003 0.554682746875
2 0.466101746875 0.5560422609375 0.466101746875 0.594108725 0.49363195624999995 0.594108725 0.49363195624999995 0.5560422609375 0.466101746875 0.5560422609375
2 0.7429333015624999 0.5574017796875 0.7429333015624999 0.63897276875 0.8698781562500001 0.63897276875 0.8698781562500001 0.5574017796875 0.7429333015624999 0.5574017796875
2 0.87905489375 0.5655588796875 0.87905489375 0.6580060046875 0.9975877437499999 0.6580060046875 0.9975877437499999 0.5655588796875 0.87905489375 0.5655588796875
2 0.054923390625 0.5451661296875 0.054923390625 0.6571704015625001 0.128856675 0.6571704015625001 0.128856675 0.5451661296875 0.054923390625 0.5451661296875
2 0.22903605 0.5492446796875 0.22903605 0.6104229234375 0.2756844625 0.6104229234375 0.2756844625 0.5492446796875 0.22903605 0.5492446796875
2 0.28562592656249997 0.5356495156250001 0.28562592656249997 0.624018090625 0.3590398203125 0.624018090625 0.3590398203125 0.5356495156250001 0.28562592656249997 0.5356495156250001
2 0.5685753046875 0.530211446875 0.5685753046875 0.7164652140625 0.746756940625 0.7164652140625 0.746756940625 0.530211446875 0.5685753046875 0.530211446875
2 0 0.66481191875 0.062087312500000005 0.66481191875 0.062087312500000005 0.5501891734375 0 0.5501891734375 0 0.66481191875