2 0.4532856484375 0.462708790625 0.4532856484375 0.474839734375 0.4610841109375 0.474839734375 0.4610841109375 0.462708790625 0.4532856484375 0.462708790625
2 0.4493864171875 0.4661747734375 0.4493864171875 0.4817717015625 0.4571848796875 0.4817717015625 0.4571848796875 0.4661747734375 0.4493864171875 0.4661747734375
2 0.44353756874999994 0.46790776718749993 0.44353756874999994 0.48697067499999996 0.45231084218750006 0.48697067499999996 0.45231084218750006 0.46790776718749993 0.44353756874999994 0.46790776718749993
2 0.5107993109375 0.47483973125 0.5107993109375 0.53376145 0.540043546875 0.53376145 0.540043546875 0.47483973125 0.5107993109375 0.47483973125
2 0.47083219062500004 0.46097579843750003 0.47083219062500004 0.47657272656250005 0.47473142187499995 0.47657272656250005 0.47473142187499995 0.46097579843750003 0.47083219062500004 0.46097579843750003
2 0.4747314203125 0.462708790625 0.4747314203125 0.47830571875 0.4796054609375 0.47830571875 0.4796054609375 0.462708790625 0.4747314203125 0.462708790625
2 0.478630653125 0.46444178125 0.478630653125 0.48003870937500004 0.48447950000000006 0.48003870937500004 0.48447950000000006 0.46444178125 0.478630653125 0.46444178125
2 0.4825298828125 0.4661747734375 0.4825298828125 0.48523768125 0.49032834531249997 0.48523768125 0.49032834531249997 0.4661747734375 0.4825298828125 0.4661747734375
2 0.4825298828125 0.46790776718749993 0.4825298828125 0.49563563281249995 0.508849696875 0.49563563281249995 0.508849696875 0.46790776718749993 0.4825298828125 0.46790776718749993
2 0.5000764249999999 0.48003870937500004 0.5000764249999999 0.512965553125 0.5176229671875 0.512965553125 0.5176229671875 0.48003870937500004 0.5000764249999999 0.48003870937500004
2 0.5127489265625 0.4817717 0.5127489265625 0.51469854375 0.5293206578125 0.51469854375 0.5293206578125 0.4817717 0.5127489265625 0.4817717
2 0.53029546875 0.47830571875 0.53029546875 0.54589239375 0.5839099015625 0.54589239375 0.5839099015625 0.47830571875 0.53029546875 0.47830571875
2 0.542967971875 0.462708790625 0.542967971875 0.476572728125 0.5644137437500001 0.476572728125 0.5644137437500001 0.462708790625 0.542967971875 0.462708790625
2 0.566363359375 0.4817717 0.566363359375 0.5701542796875 0.6384991390625 0.5701542796875 0.6384991390625 0.4817717 0.566363359375 0.4817717
2 0.4234565359375 0.46097579843750003 0.4234565359375 0.5008346078125 0.4507511578125 0.5008346078125 0.4507511578125 0.46097579843750003 0.4234565359375 0.46097579843750003
2 0.38641383125 0.46097579843750003 0.38641383125 0.5233635015625 0.427355759375 0.5233635015625 0.427355759375 0.46097579843750003 0.38641383125 0.46097579843750003
2 0.6324553500000001 0.4349809234375 0.6324553500000001 0.6516048890625 0.810845184375 0.6516048890625 0.810845184375 0.4349809234375 0.6324553500000001 0.4349809234375
2 0.4622538921875 0.46825435937500004 0.4622538921875 0.478652309375 0.47200197031249996 0.478652309375 0.47200197031249996 0.46825435937500004 0.4622538921875 0.46825435937500004