2 0.4249638359375 0.34641540625 0.4249638359375 0.3769814734375 0.4464556 0.3769814734375 0.4464556 0.34641540625 0.4249638359375 0.34641540625
2 0.10573948281250001 0.34386823125 0.10573948281250001 0.43811360156249995 0.1988704609375 0.43811360156249995 0.1988704609375 0.34386823125 0.10573948281250001 0.34386823125
2 0.26449199375 0.333679546875 0.26449199375 0.4253777453125 0.30890830468749997 0.4253777453125 0.30890830468749997 0.333679546875 0.26449199375 0.333679546875
2 0.410635990625 0.34132105625000003 0.410635990625 0.38462298125 0.43069497187500005 0.38462298125 0.43069497187500005 0.34132105625000003 0.410635990625 0.34132105625000003
2 0.57254061875 0.35660409375 0.57254061875 0.3897173296875 0.5983307328125 0.3897173296875 0.5983307328125 0.35660409375 0.57254061875 0.35660409375
2 0.542452146875 0.34386823125 0.542452146875 0.37698146875 0.558212775 0.37698146875 0.558212775 0.34386823125 0.542452146875 0.34386823125
2 0.32008402812500003 0.35660409375 0.32008402812500003 0.43301925625 0.358769203125 0.43301925625 0.358769203125 0.35660409375 0.32008402812500003 0.35660409375
2 0.489152575 0.34386823125 0.489152575 0.3667927796875 0.5063459890625001 0.3667927796875 0.5063459890625001 0.34386823125 0.489152575 0.34386823125
2 0.16935510625 0.32349085624999996 0.16935510625 0.44320794531249996 0.28111228125 0.44320794531249996 0.28111228125 0.32349085624999996 0.16935510625 0.32349085624999996
2 0.355903634375 0.3209436875 0.355903634375 0.4202833984375 0.41608057656249997 0.4202833984375 0.41608057656249997 0.3209436875 0.355903634375 0.3209436875
2 0.6083602265625 0.3387738859375 0.6083602265625 0.43556642968750003 0.682865009375 0.43556642968750003 0.682865009375 0.3387738859375 0.6083602265625 0.3387738859375
2 0.668537165625 0.35660409375 0.668537165625 0.46613249687499997 0.7731304203125 0.46613249687499997 0.7731304203125 0.35660409375 0.668537165625 0.35660409375
5 0.44760181875000005 0.33622671875 0.44760181875000005 0.364245609375 0.4762575046875 0.364245609375 0.4762575046875 0.33622671875 0.44760181875000005 0.33622671875
5 0.28798964374999997 0.315849340625 0.28798964374999997 0.45339663124999996 0.326674821875 0.45339663124999996 0.326674821875 0.315849340625 0.28798964374999997 0.315849340625
2 0.5845759968750001 0.3540569234375 0.5845759968750001 0.4151890546875 0.6289923078124999 0.4151890546875 0.6289923078124999 0.3540569234375 0.5845759968750001 0.3540569234375
2 0.50935481875 0.3470522015625 0.50935481875 0.3878069546875 0.5466072109375 0.3878069546875 0.5466072109375 0.3470522015625 0.50935481875 0.3470522015625
3 0.28798964374999997 0.3776182671875 0.28798964374999997 0.46167494531250003 0.32954039218750003 0.46167494531250003 0.32954039218750003 0.3776182671875 0.28798964374999997 0.3776182671875