2 0.1584184375 0.5488778078125 0.1584184375 0.6024492609375 0.18941334999999998 0.6024492609375 0.18941334999999998 0.5488778078125 0.1584184375 0.5488778078125
2 0.0895408578125 0.5595920984375 0.0895408578125 0.6146941609375001 0.117091890625 0.6146941609375001 0.117091890625 0.5595920984375 0.0895408578125 0.5595920984375
2 0.034438790625 0.5611227109375 0.034438790625 0.6269390671874999 0.0972895828125 0.6269390671874999 0.0972895828125 0.5611227109375 0.034438790625 0.5611227109375
2 0.41498743125 0.5116073703125 0.41498743125 0.5406890171875001 0.42273615937500003 0.5406890171875001 0.42273615937500003 0.5116073703125 0.41498743125 0.5116073703125
2 0.41929228125 0.5100767578125 0.41929228125 0.54221963125 0.43134585625 0.54221963125 0.43134585625 0.5100767578125 0.41929228125 0.5100767578125
2 0.4270410078125 0.5085461453125 0.4270410078125 0.5422196265625 0.4468433125 0.5422196265625 0.4468433125 0.5085461453125 0.4270410078125 0.5085461453125
2 0.4442604046875 0.4993624703125 0.4442604046875 0.552933921875 0.4718114375 0.552933921875 0.4718114375 0.4993624703125 0.4442604046875 0.4993624703125
2 0.46147980000000005 0.49170940312500006 0.46147980000000005 0.559056371875 0.4993624703125 0.559056371875 0.4993624703125 0.49170940312500006 0.46147980000000005 0.49170940312500006
2 0 0.6423737968750001 0.0419005203125 0.6423737968750001 0.0419005203125 0.5673737625 0 0.5673737625 0 0.6423737968750001
2 0.20232789687500002 0.5428573937500001 0.20232789687500002 0.58724516875 0.24107153750000002 0.58724516875 0.24107153750000002 0.5428573937500001 0.20232789687500002 0.5428573937500001
2 0.3725129265625 0.5122451359375 0.3725129265625 0.552041071875 0.3983420203125 0.552041071875 0.3983420203125 0.5122451359375 0.3725129265625 0.5122451359375
2 0.488743859375 0.44030632968749994 0.488743859375 0.57806149375 0.5748408375 0.57806149375 0.5748408375 0.44030632968749994 0.488743859375 0.44030632968749994