2 0.033803675 0.3884739734375 0.033803675 0.49578722500000005 0.15090926093749998 0.49578722500000005 0.15090926093749998 0.3884739734375 0.033803675 0.3884739734375
2 0.23300389843749997 0.39491276875 0.23300389843749997 0.450715659375 0.2921603296875 0.450715659375 0.2921603296875 0.39491276875 0.23300389843749997 0.39491276875
2 0.40685136718750003 0.40564409375 0.40685136718750003 0.45286192343750004 0.4442768640625 0.45286192343750004 0.4442768640625 0.40564409375 0.40685136718750003 0.40564409375
2 0.4648005234375 0.41637541875000006 0.4648005234375 0.44213060000000004 0.49860419843750003 0.44213060000000004 0.49860419843750003 0.41637541875000006 0.4648005234375 0.41637541875000006
2 0.5396515171875 0.41422915312499997 0.5396515171875 0.482909634375 0.58673520625 0.482909634375 0.58673520625 0.41422915312499997 0.5396515171875 0.41422915312499997
2 0.6507207328125 0.43139927343749995 0.6507207328125 0.538712525 0.7424735640625 0.538712525 0.7424735640625 0.43139927343749995 0.6507207328125 0.43139927343749995
2 0.6217461546874999 0.42496047968750006 0.6217461546874999 0.47861710312500005 0.674866215625 0.47861710312500005 0.674866215625 0.42496047968750006 0.6217461546874999 0.42496047968750006
2 0.6120879625 0.40993662343750004 0.6120879625 0.4378380703125 0.631404346875 0.4378380703125 0.631404346875 0.40993662343750004 0.6120879625 0.40993662343750004
2 0.5275787765625 0.40993662343750004 0.5275787765625 0.4356918046875 0.5384442421875 0.4356918046875 0.5384442421875 0.40993662343750004 0.5275787765625 0.40993662343750004
2 0.5384442421875 0.41422915312499997 0.5384442421875 0.4378380703125 0.549309709375 0.4378380703125 0.549309709375 0.41422915312499997 0.5384442421875 0.41422915312499997
2 0.0106929953125 0.393686303125 0.0106929953125 0.43017280625 0.0408748484375 0.43017280625 0.0408748484375 0.393686303125 0.0106929953125 0.393686303125
2 0.1664313515625 0.40227136249999995 0.1664313515625 0.4215877484375 0.1869550109375 0.4215877484375 0.1869550109375 0.40227136249999995 0.1664313515625 0.40227136249999995
2 0.149529515625 0.3979788328125 0.149529515625 0.42588028125 0.16280953125 0.42588028125 0.16280953125 0.3979788328125 0.149529515625 0.3979788328125
6 0.19299138124999998 0.3925657921875 0.19299138124999998 0.42373401250000003 0.215622521875 0.42373401250000003 0.215622521875 0.3925657921875 0.19299138124999998 0.3925657921875
2 0.5793231828125001 0.41032894999999997 0.5793231828125001 0.4582894765625 0.5963092015625 0.4582894765625 0.5963092015625 0.41032894999999997 0.5793231828125001 0.41032894999999997