4 0.7276050765625001 0.2557652515625 0.7276050765625001 0.3163774828125 0.7400030328125 0.3163774828125 0.7400030328125 0.2557652515625 0.7276050765625001 0.2557652515625
4 0.7503346625 0.2520917828125 0.7503346625 0.33658156093749997 0.7658321078125 0.33658156093749997 0.7658321078125 0.2520917828125 0.7503346625 0.2520917828125
4 0.7678984328125 0.2502550484375 0.7678984328125 0.3310713578125 0.7844290421875 0.3310713578125 0.7844290421875 0.2502550484375 0.7678984328125 0.2502550484375
4 0.78649536875 0.2447448453125 0.78649536875 0.329234621875 0.804059140625 0.329234621875 0.804059140625 0.2447448453125 0.78649536875 0.2447448453125
4 0.8071586312499999 0.2392346421875 0.8071586312499999 0.28882646875 0.8247224031249999 0.28882646875 0.8247224031249999 0.2392346421875 0.8071586312499999 0.2392346421875
5 0.5824456671875 0.26494892187499997 0.5824456671875 0.32005095156249996 0.5979431109375 0.32005095156249996 0.5979431109375 0.26494892187499997 0.5824456671875 0.26494892187499997
0 0.580379340625 0.20984689374999999 0.580379340625 0.33841829375 0.5958767875000001 0.33841829375 0.5958767875000001 0.20984689374999999 0.580379340625 0.20984689374999999
4 0.40035068125000006 0.27964279687500004 0.40035068125000006 0.312704015625 0.40758282343749996 0.312704015625 0.40758282343749996 0.27964279687500004 0.40035068125000006 0.27964279687500004
2 0.2730133359375 0.3035203421875 0.2730133359375 0.3255611546875 0.2957429234375 0.3255611546875 0.2957429234375 0.3035203421875 0.2730133359375 0.3035203421875
2 0.252350075 0.2998468734375 0.252350075 0.32372441875 0.276112825 0.32372441875 0.276112825 0.2998468734375 0.252350075 0.2998468734375
2 0.226520996875 0.2980101421875 0.226520996875 0.32556115625 0.2533832359375 0.32556115625 0.2533832359375 0.2980101421875 0.226520996875 0.2980101421875
2 0.2161893671875 0.2943366703125 0.2161893671875 0.3182142171875 0.23788579062499998 0.3182142171875 0.23788579062499998 0.2943366703125 0.2161893671875 0.2943366703125
2 0.12785392812500002 0.2998468734375 0.12785392812500002 0.321887684375 0.1619483078125 0.321887684375 0.1619483078125 0.2998468734375 0.12785392812500002 0.2998468734375
2 0.46079071875000005 0.2778060640625 0.46079071875000005 0.301683609375 0.4700891859375 0.301683609375 0.4700891859375 0.2778060640625 0.46079071875000005 0.2778060640625
2 0.4525254140625 0.28331626718749997 0.4525254140625 0.30352034375 0.468022859375 0.30352034375 0.468022859375 0.28331626718749997 0.4525254140625 0.28331626718749997
2 0.44426011093750006 0.28147953124999997 0.44426011093750006 0.3200509546875 0.4659565328125 0.3200509546875 0.4659565328125 0.28147953124999997 0.44426011093750006 0.28147953124999997
2 0.5535171015625 0.2576019859375 0.5535171015625 0.28147953124999997 0.5731472 0.28147953124999997 0.5731472 0.2576019859375 0.5535171015625 0.2576019859375
2 0.5235553734375 0.259438721875 0.5235553734375 0.270459128125 0.5359533296875 0.270459128125 0.5359533296875 0.259438721875 0.5235553734375 0.259438721875
2 0.5266548640625001 0.26678565781249997 0.5266548640625001 0.2778060640625 0.5442186359375001 0.2778060640625 0.5442186359375001 0.26678565781249997 0.5266548640625001 0.26678565781249997
2 0.5214890484375 0.27964279687500004 0.5214890484375 0.3310713578125 0.543185471875 0.3310713578125 0.543185471875 0.27964279687500004 0.5214890484375 0.27964279687500004
2 0.5442186359375001 0.27964279687500004 0.5442186359375001 0.32005095156249996 0.569014546875 0.32005095156249996 0.569014546875 0.27964279687500004 0.5442186359375001 0.27964279687500004
2 0.590710971875 0.26494892187499997 0.590710971875 0.3145407484375 0.616540046875 0.3145407484375 0.616540046875 0.26494892187499997 0.590710971875 0.26494892187499997
2 0 0.441275415625 0.1673724140625 0.441275415625 0.1673724140625 0.27964279687500004 0 0.27964279687500004 0 0.441275415625
4 0.98744558125 0.2337244421875 0.98744558125 0.3586223734375 0.9998435375 0.3586223734375 0.9998435375 0.2337244421875 0.98744558125 0.2337244421875
2 0.42023906875000006 0.28515300312499997 0.42023906875000006 0.334744828125 0.45743293749999997 0.334744828125 0.45743293749999997 0.28515300312499997 0.42023906875000006 0.28515300312499997
2 0.4563997765625 0.27964279687500004 0.4563997765625 0.3843366515625 0.53698649375 0.3843366515625 0.53698649375 0.27964279687500004 0.4563997765625 0.27964279687500004
1 0.600526021875 0.16025506875 0.600526021875 0.35311216875 0.7307045640625 0.35311216875 0.7307045640625 0.16025506875 0.600526021875 0.16025506875
1 0.485328340625 0.237397909375 0.485328340625 0.2741325953125 0.5225222109375001 0.2741325953125 0.5225222109375001 0.237397909375 0.485328340625 0.237397909375