2 0.7817011609375 0.61580765625 0.7817011609375 0.99106545 0.9985826390625 0.99106545 0.9985826390625 0.61580765625 0.7817011609375 0.61580765625
2 0.5802836124999999 0.5580757046875 0.5802836124999999 0.712714903125 0.7032217765625 0.712714903125 0.7032217765625 0.5580757046875 0.5802836124999999 0.5580757046875
2 0.5364047265624999 0.48865987187500004 0.5364047265624999 0.6350516484375001 0.6141109250000001 0.6350516484375001 0.6141109250000001 0.48865987187500004 0.5364047265624999 0.48865987187500004
2 0.5166882296875001 0.5175258609375 0.5166882296875001 0.59793824375 0.5468428734375 0.59793824375 0.5468428734375 0.5175258609375 0.5166882296875001 0.5175258609375
2 0.44594079531249997 0.55876298125 0.44594079531249997 0.5917526750000001 0.4668170890625 0.5917526750000001 0.4668170890625 0.55876298125 0.44594079531249997 0.55876298125
2 0.43654645781249996 0.5525774125 0.43654645781249996 0.583505253125 0.4458248078125 0.583505253125 0.4458248078125 0.5525774125 0.43654645781249996 0.5525774125
2 0.4063918109375 0.544329984375 0.4063918109375 0.5938145296874999 0.43654645625 0.5938145296874999 0.43654645625 0.544329984375 0.4063918109375 0.544329984375
2 0.40755160625000003 0.5505155562499999 0.40755160625000003 0.6000001 0.43074748593749995 0.6000001 0.43074748593749995 0.5505155562499999 0.40755160625000003 0.5505155562499999
2 0.4017526359375 0.5546392671875 0.4017526359375 0.60206195625 0.4237887234375 0.60206195625 0.4237887234375 0.5546392671875 0.4017526359375 0.5546392671875
2 0.35768048124999996 0.4989691546875 0.35768048124999996 0.626804225 0.388994921875 0.626804225 0.388994921875 0.4989691546875 0.35768048124999996 0.4989691546875
2 0.30085056718750003 0.48041245000000005 0.30085056718750003 0.643299075 0.368118628125 0.643299075 0.368118628125 0.48041245000000005 0.30085056718750003 0.48041245000000005
2 0.1976289 0.4412371859375 0.1976289 0.6907217625000001 0.3066495375 0.6907217625000001 0.3066495375 0.4412371859375 0.1976289 0.4412371859375
2 0 0.846735546875 0.2168814796875 0.846735546875 0.2168814796875 0.3539519453125 0 0.3539519453125 0 0.846735546875