4 0.5855324296875 0.830155671875 0.5855324296875 0.9215618624999999 0.6145363171875 0.9215618624999999 0.6145363171875 0.830155671875 0.5855324296875 0.830155671875
4 0.4998391296875 0.848905659375 0.4998391296875 0.92390560625 0.5143410734375 0.92390560625 0.5143410734375 0.848905659375 0.4998391296875 0.848905659375
4 0.4616067359375 0.8559369046875 0.4616067359375 0.895780628125 0.47083524531250004 0.895780628125 0.47083524531250004 0.8559369046875 0.4616067359375 0.8559369046875
4 0.522251225 0.858280653125 0.522251225 0.895780628125 0.538071525 0.895780628125 0.538071525 0.858280653125 0.522251225 0.858280653125
4 0.487973903125 0.85359315625 0.487973903125 0.9145306140624999 0.5011574875 0.9145306140624999 0.5011574875 0.85359315625 0.487973903125 0.85359315625
4 0.47874539531250004 0.851249409375 0.47874539531250004 0.9098431187499999 0.49061061875 0.9098431187499999 0.49061061875 0.851249409375 0.47874539531250004 0.851249409375
4 0.2625346046875 0.8676556453125001 0.2625346046875 0.9262493562499999 0.2743998328125 0.9262493562499999 0.2743998328125 0.8676556453125001 0.2625346046875 0.8676556453125001
2 0.357456415625 0.860624403125 0.357456415625 0.8981243765625001 0.3785501515625 0.8981243765625001 0.3785501515625 0.860624403125 0.357456415625 0.860624403125
2 0.346909546875 0.87234314375 0.346909546875 0.9145306140624999 0.36404820625 0.9145306140624999 0.36404820625 0.87234314375 0.346909546875 0.87234314375
2 0.3231790953125 0.8699993953125 0.3231790953125 0.9192181125 0.3495462640625 0.9192181125 0.3495462640625 0.8699993953125 0.3231790953125 0.8699993953125
2 0.3996438859375 0.85359315625 0.3996438859375 0.8957806296875 0.4246926984375 0.8957806296875 0.4246926984375 0.85359315625 0.3996438859375 0.85359315625
2 0.39305209375 0.8699993953125 0.39305209375 0.9074993703124999 0.4194192640625 0.9074993703124999 0.4194192640625 0.8699993953125 0.39305209375 0.8699993953125
2 0.2743998328125 0.8746868921875001 0.2743998328125 0.94265559375 0.3258158125 0.94265559375 0.3258158125 0.8746868921875001 0.2743998328125 0.8746868921875001
2 0.1662944375 0.8817181359375 0.1662944375 0.9824993203125001 0.2453959453125 0.9824993203125001 0.2453959453125 0.8817181359375 0.1662944375 0.8817181359375
2 0.9309423499999999 0.7692182140625 0.9309423499999999 0.94265559375 0.9902684796875001 0.94265559375 0.9902684796875001 0.7692182140625 0.9309423499999999 0.7692182140625
2 0 0.9989055562500001 0.1689311546875 0.9989055562500001 0.1689311546875 0.848905659375 0 0.848905659375 0 0.9989055562500001