2 0.31320096249999996 0.4666413078125 0.31320096249999996 0.4832823046875 0.3260717359375 0.4832823046875 0.3260717359375 0.4666413078125 0.31320096249999996 0.4666413078125
2 0.30150026093750004 0.4666413078125 0.30150026093750004 0.48744255625 0.314371034375 0.48744255625 0.314371034375 0.4666413078125 0.30150026093750004 0.4666413078125
2 0.2160851390625 0.44584005781249997 0.2160851390625 0.493682928125 0.25469745312500003 0.493682928125 0.25469745312500003 0.44584005781249997 0.2160851390625 0.44584005781249997
2 0.43722840312500005 0.46248105625 0.43722840312500005 0.5207245484375 0.47584071562499997 0.5207245484375 0.47584071562499997 0.46248105625 0.43722840312500005 0.46248105625
2 0.33309215625 0.47288168124999996 0.33309215625 0.4832823046875 0.3447928578125 0.4832823046875 0.3447928578125 0.47288168124999996 0.33309215625 0.47288168124999996
2 0.3436227890625 0.4666413078125 0.3436227890625 0.4791220546875 0.35766362812499997 0.4791220546875 0.35766362812499997 0.4666413078125 0.3436227890625 0.4666413078125
2 0.7531473453124999 0.4832823046875 0.7531473453124999 0.506163678125 0.7812290296875 0.506163678125 0.7812290296875 0.4832823046875 0.7531473453124999 0.4832823046875
2 0.6607118015625 0.4791220546875 0.6607118015625 0.49576305468750004 0.68060299375 0.49576305468750004 0.68060299375 0.4791220546875 0.6607118015625 0.4791220546875
2 0.7730385390625 0.47496180312499997 0.7730385390625 0.5082437984375 0.8128209249999999 0.5082437984375 0.8128209249999999 0.47496180312499997 0.7730385390625 0.47496180312499997
2 0.811650853125 0.4874425546875 0.811650853125 0.512404046875 0.8479230281250001 0.512404046875 0.8479230281250001 0.4874425546875 0.811650853125 0.4874425546875
2 0.9368483624999999 0.495763053125 0.9368483624999999 0.5228046749999999 0.9813110281249999 0.5228046749999999 0.9813110281249999 0.495763053125 0.9368483624999999 0.495763053125
2 0.9707803984375 0.51240405 0.9707803984375 0.52904505 0.9988620812500001 0.52904505 0.9988620812500001 0.51240405 0.9707803984375 0.51240405
6 0.41499706875 0.42919906250000006 0.41499706875 0.49992330156250003 0.4465889640625 0.49992330156250003 0.4465889640625 0.42919906250000006 0.41499706875 0.42919906250000006
2 0.2640580171875 0.4416798078125 0.2640580171875 0.491602803125 0.303840403125 0.491602803125 0.303840403125 0.4416798078125 0.2640580171875 0.4416798078125
6 0.18215310468749998 0.3896766921875 0.18215310468749998 0.491602803125 0.228955909375 0.491602803125 0.228955909375 0.3896766921875 0.18215310468749998 0.3896766921875
6 0.054615459374999994 0.3293530734375 0.054615459374999994 0.5144841765625 0.189173528125 0.5144841765625 0.189173528125 0.3293530734375 0.054615459374999994 0.3293530734375
6 0 0.5311251718750001 0.0745066484375 0.5311251718750001 0.0745066484375 0.2794300796875 0 0.2794300796875 0 0.5311251718750001
2 0.3623439125 0.45832080781249995 0.3623439125 0.5373655484375 0.41850727968749996 0.5373655484375 0.41850727968749996 0.45832080781249995 0.3623439125 0.45832080781249995
2 0.46765022500000003 0.4666413078125 0.46765022500000003 0.5623270437500001 0.5437047875000001 0.5623270437500001 0.5437047875000001 0.4666413078125 0.46765022500000003 0.4666413078125
2 0.5612558375 0.4832823046875 0.5612558375 0.5373655484375 0.6045484359375 0.5373655484375 0.6045484359375 0.4832823046875 0.5612558375 0.4832823046875