2 0.4194968671875 0.4516598453125 0.4194968671875 0.46588535468750003 0.42589834531250004 0.46588535468750003 0.42589834531250004 0.4516598453125 0.4194968671875 0.4516598453125
2 0.413895575 0.45023730000000006 0.413895575 0.46730790625 0.42349779062500004 0.46730790625 0.42349779062500004 0.45023730000000006 0.413895575 0.45023730000000006
2 0.395491325 0.44596964375 0.395491325 0.4644628046875 0.4050935421875 0.4644628046875 0.4050935421875 0.44596964375 0.395491325 0.44596964375
2 0.38908984687500003 0.45023730000000006 0.38908984687500003 0.46730790625 0.3978918796875 0.46730790625 0.3978918796875 0.45023730000000006 0.38908984687500003 0.45023730000000006
2 0.37388633437499996 0.44596964375 0.37388633437499996 0.46730790625 0.3922905859375 0.46730790625 0.3922905859375 0.44596964375 0.37388633437499996 0.44596964375
2 0.40189280156249996 0.4473921953125 0.40189280156249996 0.4729981109375 0.4170963125 0.4729981109375 0.4170963125 0.4473921953125 0.40189280156249996 0.4473921953125
2 0.424297975 0.4473921953125 0.424297975 0.45592750000000004 0.4363007484375 0.45592750000000004 0.4363007484375 0.4473921953125 0.424297975 0.4473921953125
2 0.4218974203125 0.45592750000000004 0.4218974203125 0.48153341562499996 0.440301671875 0.48153341562499996 0.440301671875 0.45592750000000004 0.4218974203125 0.45592750000000004
2 0.2546588015625 0.41325098281250006 0.2546588015625 0.53559034375 0.3530815296875 0.53559034375 0.3530815296875 0.41325098281250006 0.2546588015625 0.41325098281250006
2 0.07381704375 0.396180371875 0.07381704375 0.42605393906250005 0.12262831562500001 0.42605393906250005 0.12262831562500001 0.396180371875 0.07381704375 0.396180371875
2 0.036208359375 0.40898332656249997 0.036208359375 0.4303215890625 0.0650150125 0.4303215890625 0.0650150125 0.40898332656249997 0.036208359375 0.40898332656249997
4 0.47390943124999996 0.4545049484375 0.47390943124999996 0.4729981109375 0.483511646875 0.4729981109375 0.483511646875 0.4545049484375 0.47390943124999996 0.4545049484375
5 0.6887990671875001 0.46944173281249996 0.6887990671875001 0.5704428328125 0.722406828125 0.5704428328125 0.722406828125 0.46944173281249996 0.6887990671875001 0.46944173281249996
5 0.7416112625 0.453793675 0.7416112625 0.581823240625 0.7760192078125 0.581823240625 0.7760192078125 0.453793675 0.7416112625 0.453793675
0 0.6879588578125 0.5135408046875 0.6879588578125 0.588935990625 0.7247673578125 0.588935990625 0.7247673578125 0.5135408046875 0.6879588578125 0.5135408046875
0 0.7399708671874999 0.5106957046875 0.7399708671874999 0.6017389484375 0.777579553125 0.6017389484375 0.777579553125 0.5106957046875 0.7399708671874999 0.5106957046875