2 0.555047665625 0.260189403125 0.555047665625 0.2772510015625 0.5634451734375 0.2772510015625 0.5634451734375 0.260189403125 0.555047665625 0.260189403125
6 0.53345408125 0.2559240015625 0.53345408125 0.270852903125 0.55024909375 0.270852903125 0.55024909375 0.2559240015625 0.53345408125 0.2559240015625
2 0.53105479375 0.27298560156249996 0.53105479375 0.3049761015625 0.5478498046875 0.3049761015625 0.5478498046875 0.27298560156249996 0.53105479375 0.27298560156249996
2 0.51066085 0.2665875015625 0.51066085 0.29644530156250004 0.5322544375 0.29644530156250004 0.5322544375 0.2665875015625 0.51066085 0.2665875015625
2 0.498664409375 0.2772510015625 0.498664409375 0.31990500312500003 0.52985515 0.31990500312500003 0.52985515 0.2772510015625 0.498664409375 0.2772510015625
2 0.432684003125 0.2623221015625 0.432684003125 0.3582936015625 0.49266619062499994 0.3582936015625 0.49266619062499994 0.2623221015625 0.432684003125 0.2623221015625
2 0.319917490625 0.2452605015625 0.319917490625 0.398814903125 0.448279371875 0.398814903125 0.448279371875 0.2452605015625 0.319917490625 0.2452605015625
4 0.28272853593749997 0.2473932015625 0.28272853593749997 0.3774879 0.3127196296875 0.3774879 0.3127196296875 0.2473932015625 0.28272853593749997 0.2473932015625
4 0.24793886562499998 0.2473932015625 0.24793886562499998 0.3668244 0.2719317421875 0.3668244 0.2719317421875 0.2473932015625 0.24793886562499998 0.2473932015625
4 0.023605484375 0.21327 0.023605484375 0.40947839999999996 0.0763898109375 0.40947839999999996 0.0763898109375 0.21327 0.023605484375 0.21327
2 0.5466501609375001 0.2751183015625 0.5466501609375001 0.32630309999999996 0.5610458859375 0.32630309999999996 0.5610458859375 0.2751183015625 0.5466501609375001 0.2751183015625
6 0.601833771875 0.2580567015625 0.601833771875 0.29644530156250004 0.6186287859374999 0.29644530156250004 0.6186287859374999 0.2580567015625 0.601833771875 0.2580567015625
2 0.6114309234374999 0.27298560156249996 0.6114309234374999 0.315639603125 0.6330245109375 0.315639603125 0.6330245109375 0.27298560156249996 0.6114309234374999 0.27298560156249996
2 0.6258266484375 0.2793837015625 0.6258266484375 0.3284358015625 0.6666145359375 0.3284358015625 0.6666145359375 0.2793837015625 0.6258266484375 0.2793837015625
2 0.551448734375 0.2665875015625 0.551448734375 0.364691703125 0.6126305671875001 0.364691703125 0.6126305671875001 0.2665875015625 0.551448734375 0.2665875015625
2 0.6210280734375 0.2943126015625 0.6210280734375 0.5459712015625 0.8081724984375 0.5459712015625 0.8081724984375 0.2943126015625 0.6210280734375 0.2943126015625
4 0.7721831875 0.2921799015625 0.7721831875 0.3305685015625 0.7841796249999999 0.3305685015625 0.7841796249999999 0.2921799015625 0.7721831875 0.2921799015625
4 0.7505895984375 0.2836491015625 0.7505895984375 0.3049761015625 0.75898710625 0.3049761015625 0.75898710625 0.2836491015625 0.7505895984375 0.2836491015625
4 0.7433917359375 0.2793837015625 0.7433917359375 0.3028434015625 0.7493899546875 0.3028434015625 0.7493899546875 0.2793837015625 0.7433917359375 0.2793837015625
4 0.7625860375 0.287914503125 0.7625860375 0.3071088015625 0.76858425625 0.3071088015625 0.76858425625 0.287914503125 0.7625860375 0.287914503125
4 0.9089425734375001 0.2900472015625 0.9089425734375001 0.3966822015625 0.9401333109375001 0.3966822015625 0.9401333109375001 0.2900472015625 0.9089425734375001 0.2900472015625