2 0.4530993796875 0.44064402343750003 0.4530993796875 0.48472564843750005 0.46962998906250003 0.48472564843750005 0.46962998906250003 0.44064402343750003 0.4530993796875 0.44064402343750003
2 0.4252039765625 0.4326848515625 0.4252039765625 0.4969705515625 0.45619886875000004 0.4969705515625 0.45619886875000004 0.4326848515625 0.4252039765625 0.4326848515625
2 0.3218876734375 0.4400317921875 0.3218876734375 0.4583991328125 0.345650421875 0.4583991328125 0.345650421875 0.4400317921875 0.3218876734375 0.4400317921875
2 0.2227040203125 0.4326848515625 0.2227040203125 0.44554199062500005 0.25163258593750004 0.44554199062500005 0.25163258593750004 0.4326848515625 0.2227040203125 0.4326848515625
2 0.162780565625 0.41615424375 0.162780565625 0.45105219375 0.22063769375 0.45105219375 0.22063769375 0.41615424375 0.162780565625 0.41615424375
2 0.0863264984375 0.4326848515625 0.0863264984375 0.447378725 0.1286861828125 0.447378725 0.1286861828125 0.4326848515625 0.0863264984375 0.4326848515625
2 0.0016071265625 0.41982771406249997 0.0016071265625 0.447378728125 0.03260201875 0.447378728125 0.03260201875 0.41982771406249997 0.0016071265625 0.41982771406249997
2 0.64423454375 0.45288892656249996 0.64423454375 0.482276678125 0.653533009375 0.482276678125 0.653533009375 0.45288892656249996 0.64423454375 0.45288892656249996
2 0.651466684375 0.45288892656249996 0.651466684375 0.491460346875 0.698992184375 0.491460346875 0.698992184375 0.45288892656249996 0.651466684375 0.45288892656249996
2 0.47066315156250005 0.43819505625 0.47066315156250005 0.5796235984375 0.5729462937500001 0.5796235984375 0.5729462937500001 0.43819505625 0.47066315156250005 0.43819505625
2 0.36321419375 0.4216644484375 0.36321419375 0.528195034375 0.435535609375 0.528195034375 0.435535609375 0.4216644484375 0.36321419375 0.4216644484375
1 0.7916422265625 0.229278178125 0.7916422265625 0.6493324734375 0.9992413140625 0.6493324734375 0.9992413140625 0.229278178125 0.7916422265625 0.229278178125