4 0.7077558109375001 0.49894256875 0.7077558109375001 0.5546827453125001 0.7291681953125 0.5546827453125001 0.7291681953125 0.49894256875 0.7077558109375001 0.49894256875
4 0.08297299375 0.6362537390624999 0.08297299375 0.6580060046875 0.09291445781249999 0.6580060046875 0.09291445781249999 0.6362537390624999 0.08297299375 0.6362537390624999
4 0.0745609859375 0.6335347062500001 0.0745609859375 0.67567971875 0.0845024484375 0.67567971875 0.0845024484375 0.6335347062500001 0.0745609859375 0.6335347062500001
4 0.0676784328125 0.6335347062500001 0.0676784328125 0.6906344 0.0745609859375 0.6906344 0.0745609859375 0.6335347062500001 0.0676784328125 0.6335347062500001
4 0.0053530953125 0.6342955625 0.0053530953125 0.6859571921875001 0.0183534734375 0.6859571921875001 0.0183534734375 0.6342955625 0.0053530953125 0.6342955625
4 0.0325009421875 0.6280966390625 0.0325009421875 0.766767325 0.05926642343750001 0.766767325 0.05926642343750001 0.6280966390625 0.0325009421875 0.6280966390625
4 0.885937446875 0.5641993609375 0.885937446875 0.6036253421875 0.9027614640625 0.6036253421875 0.9027614640625 0.5641993609375 0.885937446875 0.5641993609375
4 0.8431126750000001 0.56691839375 0.8431126750000001 0.6593655187499999 0.8629956046875 0.6593655187499999 0.8629956046875 0.56691839375 0.8431126750000001 0.56691839375
2 0.35297661874999997 0.6246007421875001 0.35297661874999997 0.6572291375 0.365976996875 0.6572291375 0.365976996875 0.6246007421875001 0.35297661874999997 0.6246007421875001
2 0.338446784375 0.6341173578125 0.338446784375 0.6653862375 0.3560355296875 0.6653862375 0.3560355296875 0.6341173578125 0.338446784375 0.6341173578125
2 0.41415486250000005 0.61644364375 0.41415486250000005 0.659948171875 0.424096328125 0.659948171875 0.424096328125 0.61644364375 0.41415486250000005 0.61644364375
2 0.41874322968750005 0.61644364375 0.41874322968750005 0.6762623703124999 0.46003854375 0.6762623703124999 0.46003854375 0.61644364375 0.41874322968750005 0.61644364375
2 0.570597653125 0.58634170625 0.570597653125 0.7182148109375001 0.65523290625 0.7182148109375001 0.65523290625 0.58634170625 0.570597653125 0.58634170625
2 0.07486269375 0.6281231921875 0.07486269375 0.7450416125 0.135276209375 0.7450416125 0.135276209375 0.6281231921875 0.07486269375 0.6281231921875
2 0.2744567140625 0.6335612578125 0.2744567140625 0.6661896546875 0.3050458359375 0.6661896546875 0.3050458359375 0.6335612578125 0.2744567140625 0.6335612578125
2 0.301986925 0.6213256109375 0.301986925 0.67350450625 0.34147974375 0.67350450625 0.34147974375 0.6213256109375 0.301986925 0.6213256109375
2 0.369009953125 0.617764325 0.369009953125 0.661268853125 0.3973048921875 0.661268853125 0.3973048921875 0.617764325 0.369009953125 0.617764325
2 0.454264378125 0.59057399375 0.454264378125 0.7346827453125 0.5525446859375001 0.7346827453125 0.5525446859375001 0.59057399375 0.454264378125 0.59057399375
2 0.1288853453125 0.576978828125 0.1288853453125 0.7768277593749999 0.2806711109375 0.7768277593749999 0.2806711109375 0.576978828125 0.1288853453125 0.576978828125
2 0.63590005625 0.544350434375 0.63590005625 0.7605135609375 0.8484944531249999 0.7605135609375 0.8484944531249999 0.544350434375 0.63590005625 0.544350434375
2 0.8805418656249999 0.53159751875 0.8805418656249999 0.842926803125 0.9994189078125 0.842926803125 0.9994189078125 0.53159751875 0.8805418656249999 0.53159751875
2 0.0005257515625 0.6761328828125001 0.0005257515625 0.76858000625 0.0278010203125 0.76858000625 0.0278010203125 0.6761328828125001 0.0005257515625 0.6761328828125001