2 0.32054237812499997 0.39421847187500003 0.32054237812499997 0.422343453125 0.33899939687499997 0.422343453125 0.33899939687499997 0.39421847187500003 0.32054237812499997 0.39421847187500003
2 0.30735879375 0.39421847187500003 0.30735879375 0.42468720312499997 0.3271341703125 0.42468720312499997 0.3271341703125 0.39421847187500003 0.30735879375 0.39421847187500003
2 0.3600931328125 0.389530975 0.3600931328125 0.41531220625 0.374595075 0.41531220625 0.374595075 0.389530975 0.3600931328125 0.389530975
2 0.39700716875 0.387187225 0.39700716875 0.41296845781249997 0.4088723953125 0.41296845781249997 0.4088723953125 0.387187225 0.39700716875 0.387187225
2 0.451059865625 0.38249973125 0.451059865625 0.4082809625 0.46688016718750003 0.4082809625 0.46688016718750003 0.38249973125 0.451059865625 0.38249973125
2 0.592124221875 0.38015598125 0.592124221875 0.41296846093750006 0.6198097515625001 0.41296846093750006 0.6198097515625001 0.38015598125 0.592124221875 0.38015598125
2 0.7331885796875001 0.36140599375 0.7331885796875001 0.42937469687499996 0.8307471062499999 0.42937469687499996 0.8307471062499999 0.36140599375 0.7331885796875001 0.36140599375
2 0.1966166828125 0.38015598125 0.1966166828125 0.4434371875 0.2440775859375 0.4434371875 0.2440775859375 0.38015598125 0.1966166828125 0.38015598125
2 0.1306987578125 0.36609349375 0.1306987578125 0.45046843281250004 0.201890115625 0.45046843281250004 0.201890115625 0.36609349375 0.1306987578125 0.36609349375
2 0.05818904375 0.387187225 0.05818904375 0.45984342500000003 0.1425639859375 0.45984342500000003 0.1425639859375 0.387187225 0.05818904375 0.387187225
2 0.6237648265625 0.38015598125 0.6237648265625 0.41531220625 0.6501319953125 0.41531220625 0.6501319953125 0.38015598125 0.6237648265625 0.38015598125
2 0.6527687125 0.3731247359375 0.6527687125 0.4199997046875 0.6962745406249999 0.4199997046875 0.6962745406249999 0.3731247359375 0.6527687125 0.3731247359375
2 0.46688016875000005 0.38015598125 0.46688016875000005 0.42468720312499997 0.4945656953125 0.42468720312499997 0.4945656953125 0.38015598125 0.46688016875000005 0.38015598125
2 0.406235678125 0.389530975 0.406235678125 0.41999970624999994 0.42732941249999995 0.41999970624999994 0.42732941249999995 0.389530975 0.406235678125 0.389530975
2 0.37063999999999997 0.38249973125 0.37063999999999997 0.42468720312499997 0.4009622453125 0.42468720312499997 0.4009622453125 0.38249973125 0.37063999999999997 0.38249973125
2 0.275718190625 0.38249973125 0.275718190625 0.4317184453125 0.308677153125 0.4317184453125 0.308677153125 0.38249973125 0.275718190625 0.38249973125
2 0 0.47624966406249997 0.060825759374999996 0.47624966406249997 0.060825759374999996 0.387187225 0 0.387187225 0 0.47624966406249997
2 0.7832862015625001 0.27234355625 0.7832862015625001 0.6074995750000001 0.9994969890625001 0.6074995750000001 0.9994969890625001 0.27234355625 0.7832862015625001 0.27234355625
6 0.502475846875 0.38015598125 0.502475846875 0.42468720312499997 0.5433449593749999 0.42468720312499997 0.5433449593749999 0.38015598125 0.502475846875 0.38015598125
4 0.5670754109375 0.38015598125 0.5670754109375 0.41765595624999996 0.5776222796875 0.41765595624999996 0.5776222796875 0.38015598125 0.5670754109375 0.38015598125
4 0.5538918265625 0.38015598125 0.5538918265625 0.41531220625 0.561801978125 0.41531220625 0.561801978125 0.38015598125 0.5538918265625 0.38015598125