4 0 0.8592206265625 0.1608371390625 0.8592206265625 0.1608371390625 0.4096946015625 0 0.4096946015625 0 0.8592206265625
4 0.21204896562500003 0.422497559375 0.21204896562500003 0.6629086296875 0.2816650390625 0.6629086296875 0.2816650390625 0.422497559375 0.21204896562500003 0.422497559375
4 0.3456798203125 0.46801918125 0.3456798203125 0.5405692671875 0.36728480937499997 0.5405692671875 0.36728480937499997 0.46801918125 0.3456798203125 0.46801918125
4 0.4272986703125 0.45094857343749994 0.4272986703125 0.5604849781250001 0.45290458125 0.5604849781250001 0.45290458125 0.45094857343749994 0.4272986703125 0.45094857343749994
4 0.41609608124999997 0.4708642828125 0.41609608124999997 0.533456515625 0.435300515625 0.533456515625 0.435300515625 0.4708642828125 0.41609608124999997 0.4708642828125
4 0.450504028125 0.459483878125 0.450504028125 0.5021604 0.4713088328125 0.5021604 0.4713088328125 0.459483878125 0.450504028125 0.459483878125
4 0.6713550234375 0.49077999375000003 0.6713550234375 0.628767409375 0.7001616765625001 0.628767409375 0.7001616765625001 0.49077999375000003 0.6713550234375 0.49077999375000003
1 0.7449720234375 0.09246579375 0.7449720234375 0.8805588875 0.9994307812500001 0.8805588875 0.9994307812500001 0.09246579375 0.7449720234375 0.09246579375
2 0.40089257187499994 0.45806132968749996 0.40089257187499994 0.8762912343749999 0.675355946875 0.8762912343749999 0.675355946875 0.45806132968749996 0.40089257187499994 0.45806132968749996
2 0.5553282328125 0.45521622656250005 0.5553282328125 0.6629086296875 0.6769563187500001 0.6629086296875 0.6769563187500001 0.45521622656250005 0.5553282328125 0.45521622656250005
6 0.6625529921875 0.47513193437499995 0.6625529921875 0.5277663125000001 0.69456038125 0.5277663125000001 0.69456038125 0.47513193437499995 0.6625529921875 0.47513193437499995
6 0.693917025 0.504118284375 0.693917025 0.6042005921875 0.7552174390624999 0.6042005921875 0.7552174390624999 0.504118284375 0.693917025 0.504118284375