6 0.0009748078125000001 0.19756105625 0.0009748078125000001 0.5441594015625 0.1384227140625 0.5441594015625 0.1384227140625 0.19756105625 0.0009748078125000001 0.19756105625
2 0.51469854375 0.414185021875 0.51469854375 0.559756328125 0.6365495250000001 0.559756328125 0.6365495250000001 0.414185021875 0.51469854375 0.414185021875
2 0.3177873578125 0.4107190390625 0.3177873578125 0.45231084062500004 0.34898120781249997 0.45231084062500004 0.34898120781249997 0.4107190390625 0.3177873578125 0.4107190390625
2 0.3538552484375 0.41245203124999996 0.3538552484375 0.447111865625 0.376275828125 0.447111865625 0.376275828125 0.41245203124999996 0.3538552484375 0.41245203124999996
6 0.450361225 0.280744659375 0.450361225 0.47137375 0.54101835625 0.47137375 0.54101835625 0.280744659375 0.450361225 0.280744659375
6 0.3528804390625 0.3899231390625 0.3528804390625 0.4332479328125 0.380175059375 0.4332479328125 0.380175059375 0.3899231390625 0.3528804390625 0.3899231390625
2 0.433789490625 0.398588096875 0.433789490625 0.447111865625 0.45133603281249995 0.447111865625 0.45133603281249995 0.398588096875 0.433789490625 0.398588096875
2 0.40357044843749995 0.42111698906250006 0.40357044843749995 0.43671391562500006 0.41234371875000003 0.43671391562500006 0.41234371875000003 0.42111698906250006 0.40357044843749995 0.42111698906250006
4 0.27879504375 0.41591801406249995 0.27879504375 0.4557768234375 0.28659350625 0.4557768234375 0.28659350625 0.41591801406249995 0.27879504375 0.41591801406249995
2 0.49364400937499997 0.402317865625 0.49364400937499997 0.51496686875 0.5600264562499999 0.51496686875 0.5600264562499999 0.402317865625 0.49364400937499997 0.402317865625
2 0.387029775 0.4255628984375 0.387029775 0.4434436921875 0.3990993109375 0.4434436921875 0.3990993109375 0.4255628984375 0.387029775 0.4255628984375