2 0.41871079062499994 0.49901768593750007 0.41871079062499994 0.5533926671875 0.43031235 0.5533926671875 0.43031235 0.49901768593750007 0.41871079062499994 0.49901768593750007
2 0.42292954062500004 0.4952676828125 0.42292954062500004 0.5533926640625 0.4440232828125 0.5533926640625 0.4440232828125 0.4952676828125 0.42292954062500004 0.4952676828125
2 0.4324217234375 0.4896426890625 0.4324217234375 0.5608926640624999 0.4608982765625 0.5608926640624999 0.4608982765625 0.4896426890625 0.4324217234375 0.4896426890625
2 0.45351546562499995 0.4915176859375 0.45351546562499995 0.5740176609375001 0.5220701296875 0.5740176609375001 0.5220701296875 0.4915176859375 0.45351546562499995 0.4915176859375
2 0.5157420078125 0.47651769374999997 0.5157420078125 0.5721426578125001 0.5980076046875 0.5721426578125001 0.5980076046875 0.47651769374999997 0.5157420078125 0.47651769374999997
2 0.2879295859375 0.4971426859375 0.2879295859375 0.5327676734375 0.30480457968749997 0.5327676734375 0.30480457968749997 0.4971426859375 0.2879295859375 0.4971426859375
2 0.257343659375 0.4971426859375 0.257343659375 0.5402676734375 0.2910936484375 0.5402676734375 0.2910936484375 0.4971426859375 0.257343659375 0.4971426859375
2 0.2151561734375 0.49162482656249995 0.2151561734375 0.5441248078124999 0.2606527375 0.5441248078124999 0.2606527375 0.49162482656249995 0.2151561734375 0.49162482656249995
2 0.1286718296875 0.496874828125 0.1286718296875 0.55874980625 0.2077733640625 0.55874980625 0.2077733640625 0.496874828125 0.1286718296875 0.496874828125
2 0.017929681250000003 0.48187483125 0.017929681250000003 0.5737497968749999 0.1265624546875 0.5737497968749999 0.1265624546875 0.48187483125 0.017929681250000003 0.48187483125
2 0.5463279328125 0.453749840625 0.5463279328125 0.648749771875 0.8247653375 0.648749771875 0.8247653375 0.453749840625 0.5463279328125 0.453749840625
2 0.722460684375 0.487499828125 0.722460684375 0.7668747312499999 0.9987887125 0.7668747312499999 0.9987887125 0.487499828125 0.722460684375 0.487499828125
2 0.3069139546875 0.494999828125 0.3069139546875 0.5456248109375 0.342773315625 0.5456248109375 0.342773315625 0.494999828125 0.3069139546875 0.494999828125