2 0.5579800109375 0.4221567828125 0.5579800109375 0.4706805515625 0.5911234796875 0.4706805515625 0.5911234796875 0.4221567828125 0.5579800109375 0.4221567828125
2 0.4643984578125 0.41695780625 0.4643984578125 0.43948670156249997 0.48584423125000004 0.43948670156249997 0.48584423125000004 0.41695780625 0.4643984578125 0.41695780625
2 0.2850338140625 0.42388977499999997 0.2850338140625 0.45335063125 0.31037881875 0.45335063125 0.31037881875 0.42388977499999997 0.2850338140625 0.42388977499999997
2 0.22654534375000002 0.4186907984375 0.22654534375000002 0.455083625 0.2791849671875 0.455083625 0.2791849671875 0.4186907984375 0.22654534375000002 0.4186907984375
2 0.071550896875 0.39661009375 0.071550896875 0.468947559375 0.1700064890625 0.468947559375 0.1700064890625 0.39661009375 0.071550896875 0.39661009375
2 0.5891738703125 0.434287725 0.5891738703125 0.4793455125 0.6242669515625 0.4793455125 0.6242669515625 0.434287725 0.5891738703125 0.434287725
2 0.6792461234375 0.39789491093749996 0.6792461234375 0.5735592125 0.8529023796875 0.5735592125 0.8529023796875 0.39789491093749996 0.6792461234375 0.39789491093749996
2 0.8508123062499999 0.40655985625 0.8508123062499999 0.5330682515625 0.9132000078125 0.5330682515625 0.9132000078125 0.40655985625 0.8508123062499999 0.40655985625
2 0.9005275062500001 0.4360207140625 0.9005275062500001 0.585058 0.9989831 0.585058 0.9989831 0.4360207140625 0.9005275062500001 0.4360207140625
6 0.48486942343750006 0.36115547812500004 0.48486942343750006 0.48593088125 0.541408278125 0.48593088125 0.541408278125 0.36115547812500004 0.48486942343750006 0.36115547812500004
2 0.306333365625 0.411585534375 0.306333365625 0.44624536875 0.3433760640625 0.44624536875 0.3433760640625 0.411585534375 0.306333365625 0.411585534375