2 0.487973903125 0.48796840625 0.487973903125 0.539530871875 0.5130227140625 0.539530871875 0.5130227140625 0.48796840625 0.487973903125 0.48796840625
2 0.4616067359375 0.492655903125 0.4616067359375 0.56062460625 0.49456569687499996 0.56062460625 0.49456569687499996 0.492655903125 0.4616067359375 0.492655903125
2 0.540708240625 0.483280909375 0.540708240625 0.5207808843749999 0.5763039203125 0.5207808843749999 0.5763039203125 0.483280909375 0.540708240625 0.483280909375
2 0.5683937703125 0.48796840625 0.5683937703125 0.532499625 0.5934425796875 0.532499625 0.5934425796875 0.48796840625 0.5683937703125 0.48796840625
2 0.580258996875 0.492655903125 0.580258996875 0.537187121875 0.607944525 0.537187121875 0.607944525 0.492655903125 0.580258996875 0.492655903125
2 0.5855324296875 0.49031215625 0.5855324296875 0.5629683562500001 0.6395851265625 0.5629683562500001 0.6395851265625 0.49031215625 0.5855324296875 0.49031215625
2 0.412827471875 0.492655903125 0.412827471875 0.57703084375 0.4695168859375 0.57703084375 0.4695168859375 0.492655903125 0.412827471875 0.492655903125
2 0.6053078078125 0.5137496390625 0.6053078078125 0.5910933359375 0.658042146875 0.5910933359375 0.658042146875 0.5137496390625 0.6053078078125 0.5137496390625
2 0.034458590625 0.49968715 0.034458590625 0.7926556953125 0.3244974546875 0.7926556953125 0.3244974546875 0.49968715 0.034458590625 0.49968715
2 0.7384620125 0.45281218125 0.7384620125 0.8254681749999999 0.9994969890625001 0.8254681749999999 0.9994969890625001 0.45281218125 0.7384620125 0.45281218125
2 0.95335444375 0.6637495359375001 0.95335444375 0.96140558125 0.9994969906250001 0.96140558125 0.9994969906250001 0.6637495359375001 0.95335444375 0.6637495359375001