2 0.4013260359375 0.4135929296875 0.4013260359375 0.43555604218750005 0.41450390625000005 0.43555604218750005 0.41450390625000005 0.4135929296875 0.4013260359375 0.4135929296875
2 0.410385821875 0.40627189062499997 0.410385821875 0.45166232500000003 0.43921241093749996 0.45166232500000003 0.43921241093749996 0.40627189062499997 0.410385821875 0.40627189062499997
2 0.3593215765625 0.4135929296875 0.3593215765625 0.42677079687499997 0.37661753125 0.42677079687499997 0.37661753125 0.4135929296875 0.3593215765625 0.4135929296875
2 0.349438175 0.41652134375000005 0.349438175 0.43555604375 0.3593215765625 0.43555604375 0.3593215765625 0.41652134375000005 0.349438175 0.41652134375000005
2 0.43427070937499995 0.40627189062499997 0.43427070937499995 0.457519159375 0.4482721953125 0.457519159375 0.4482721953125 0.40627189062499997 0.43427070937499995 0.40627189062499997
2 0.44497772968750005 0.3930940203125 0.44497772968750005 0.44726970625 0.48780580625000003 0.44726970625 0.48780580625000003 0.3930940203125 0.44497772968750005 0.3930940203125
2 0.45486113125000005 0.41212872031250003 0.45486113125000005 0.46630440625 0.5001600578125001 0.46630440625 0.5001600578125001 0.41212872031250003 0.45486113125000005 0.41212872031250003
2 0.328847753125 0.4135929296875 0.328847753125 0.43702025312500004 0.35108540781249997 0.43702025312500004 0.35108540781249997 0.4135929296875 0.328847753125 0.4135929296875
2 0.312375415625 0.41798555156250006 0.312375415625 0.4340918359375 0.328847753125 0.4340918359375 0.328847753125 0.41798555156250006 0.312375415625 0.41798555156250006
2 0.29425584531250004 0.4135929296875 0.29425584531250004 0.43555604375 0.314846265625 0.43555604375 0.314846265625 0.4135929296875 0.29425584531250004 0.4135929296875
2 0.2654292546875 0.4150571375 0.2654292546875 0.4501981234375 0.29755031249999997 0.4501981234375 0.29755031249999997 0.4150571375 0.2654292546875 0.4150571375
2 0.2275428796875 0.40041505781250003 0.2275428796875 0.4648401984375 0.264605640625 0.4648401984375 0.264605640625 0.40041505781250003 0.2275428796875 0.40041505781250003
2 0.20695246093750003 0.40480768125 0.20695246093750003 0.47508965312500007 0.24072075 0.47508965312500007 0.24072075 0.40480768125 0.20695246093750003 0.40480768125
2 0.14929928125 0.401879265625 0.14929928125 0.47948227499999996 0.21930671249999997 0.47948227499999996 0.21930671249999997 0.401879265625 0.14929928125 0.401879265625
2 0.068584828125 0.40334347656249997 0.068584828125 0.49412435468749993 0.147652046875 0.49412435468749993 0.147652046875 0.40334347656249997 0.068584828125 0.40334347656249997
2 0.0002246296875 0.4238423828125 0.0002246296875 0.525578184375 0.08503728125 0.525578184375 0.08503728125 0.4238423828125 0.0002246296875 0.4238423828125
2 0.6928864 0.39748664375 0.6928864 0.75475333125 0.99927186875 0.75475333125 0.99927186875 0.39748664375 0.6928864 0.39748664375
2 0.4952183578125 0.38723718906250004 0.4952183578125 0.545371625 0.6022885484375 0.545371625 0.6022885484375 0.38723718906250004 0.4952183578125 0.38723718906250004