2 0.3433447953125 0.5461212140625 0.3433447953125 0.59372829375 0.3720365609375 0.59372829375 0.3720365609375 0.5461212140625 0.3433447953125 0.5461212140625
2 0.464806603125 0.5597232359375 0.464806603125 0.5818265203124999 0.47532691875 0.5818265203124999 0.47532691875 0.5597232359375 0.464806603125 0.5597232359375
2 0.47532691875 0.55632273125 0.47532691875 0.5835267749999999 0.487760015625 0.5835267749999999 0.487760015625 0.55632273125 0.47532691875 0.55632273125
2 0.4781960953125 0.5614234875 0.4781960953125 0.590327784375 0.48967280156250004 0.590327784375 0.48967280156250004 0.5614234875 0.4781960953125 0.5614234875
2 0.4820216640625 0.5648239937499999 0.4820216640625 0.5920280390625 0.49445476250000003 0.5920280390625 0.49445476250000003 0.5648239937499999 0.4820216640625 0.5648239937499999
2 0.4915855859375 0.5648239937499999 0.4915855859375 0.5920280390625 0.5021059 0.5920280390625 0.5021059 0.5648239937499999 0.4915855859375 0.5648239937499999
2 0.49541115312499995 0.566524246875 0.49541115312499995 0.59372829375 0.50880064375 0.59372829375 0.50880064375 0.566524246875 0.49541115312499995 0.566524246875
2 0.503062290625 0.5580229828125 0.503062290625 0.6056300625000001 0.5260157046875 0.6056300625000001 0.5260157046875 0.5580229828125 0.503062290625 0.5580229828125
2 0.4255945234375 0.552922225 0.4255945234375 0.6294336 0.464806603125 0.6294336 0.464806603125 0.552922225 0.4255945234375 0.552922225
6 0.40168471875 0.5423806359375 0.40168471875 0.5984889796874999 0.423681740625 0.5984889796874999 0.423681740625 0.5423806359375 0.40168471875 0.5423806359375
6 0.36055985625 0.5277584656250001 0.36055985625 0.6246728859374999 0.41411781875000003 0.6246728859374999 0.41411781875000003 0.5277584656250001 0.36055985625 0.5277584656250001
2 0.41029225 0.576045646875 0.41029225 0.654257275 0.4619374265625 0.654257275 0.4619374265625 0.576045646875 0.41029225 0.576045646875
2 0.27926651874999997 0.5743453953125 0.27926651874999997 0.64915651875 0.3423884046875 0.64915651875 0.3423884046875 0.5743453953125 0.27926651874999997 0.5743453953125
2 0.517408175 0.5573428671875 0.517408175 0.6236527234375 0.5633149984375 0.6236527234375 0.5633149984375 0.5573428671875 0.517408175 0.5573428671875
2 0.6082654484375001 0.5200344640625 0.6082654484375001 0.8158784484374999 0.8693605140624999 0.8158784484374999 0.8693605140624999 0.5200344640625 0.6082654484375001 0.5200344640625
2 0.0424911359375 0.54553825625 0.0424911359375 0.8736870421875 0.29115310625 0.8736870421875 0.29115310625 0.54553825625 0.0424911359375 0.54553825625
4 0.0688602375 0.5529221984375 0.0688602375 0.5852270015625 0.085118903125 0.5852270015625 0.085118903125 0.5529221984375 0.0688602375 0.5529221984375
4 0.047819609375 0.5648239687500001 0.047819609375 0.64983660625 0.070773021875 0.64983660625 0.070773021875 0.5648239687500001 0.047819609375 0.5648239687500001
4 0.2381416546875 0.5529221984375 0.2381416546875 0.59542851875 0.2505747515625 0.59542851875 0.2505747515625 0.5529221984375 0.2381416546875 0.5529221984375
4 0.32039138437500003 0.55802295625 0.32039138437500003 0.5767257375 0.3270861296875 0.5767257375 0.3270861296875 0.55802295625 0.32039138437500003 0.55802295625
4 0.2610950671875 0.5512219453125 0.2610950671875 0.609030540625 0.27352816562500004 0.609030540625 0.27352816562500004 0.5512219453125 0.2610950671875 0.5512219453125