2 0.458016859375 0.2939174046875 0.458016859375 0.3109252828125 0.4663879234375 0.3109252828125 0.4663879234375 0.2939174046875 0.458016859375 0.2939174046875
2 0.4484499265625 0.29179141875000003 0.4484499265625 0.3173032375 0.462800325 0.3173032375 0.462800325 0.29179141875000003 0.4484499265625 0.29179141875000003
2 0.46040859218749997 0.2939174046875 0.46040859218749997 0.3385630859375 0.4903052546875 0.3385630859375 0.4903052546875 0.2939174046875 0.46040859218749997 0.2939174046875
2 0.42572846562500005 0.28753945000000003 0.42572846562500005 0.32793316093749997 0.4532333921875 0.32793316093749997 0.4532333921875 0.28753945000000003 0.42572846562500005 0.28753945000000003
2 0.3838731390625 0.285413465625 0.3838731390625 0.34494104062500003 0.42692433125000007 0.34494104062500003 0.42692433125000007 0.285413465625 0.3838731390625 0.285413465625
2 0.0011958671875 0.24927172187500002 0.0011958671875 0.4278544484375 0.14469984375 0.4278544484375 0.14469984375 0.24927172187500002 0.0011958671875 0.24927172187500002
2 0.5572737765625 0.29551189375 0.5572737765625 0.32527568125 0.5787993734375 0.32527568125 0.5787993734375 0.29551189375 0.5572737765625 0.29551189375
2 0.58119110625 0.28488196875 0.58119110625 0.31889772656250004 0.6206546984375 0.31889772656250004 0.6206546984375 0.28488196875 0.58119110625 0.28488196875
4 0.5931497703125 0.28913393906249996 0.5931497703125 0.31889772656250004 0.602716703125 0.31889772656250004 0.602716703125 0.28913393906249996 0.5931497703125 0.28913393906249996
4 0.568036575 0.30401583125 0.568036575 0.32952765 0.5740159078125 0.32952765 0.5740159078125 0.30401583125 0.568036575 0.30401583125
4 0.5584696421875 0.30401583125 0.5584696421875 0.32527568125 0.5668407078125 0.32527568125 0.5668407078125 0.30401583125 0.5584696421875 0.30401583125
4 0.5536861765625 0.301889846875 0.5536861765625 0.327401665625 0.559665509375 0.327401665625 0.559665509375 0.301889846875 0.5536861765625 0.301889846875