2 0.2359424265625 0.574407190625 0.2359424265625 0.6234592937500001 0.2635342359375 0.6234592937500001 0.2635342359375 0.574407190625 0.2359424265625 0.574407190625
2 0.191555609375 0.58080529375 0.191555609375 0.61919389375 0.228744565625 0.61919389375 0.228744565625 0.58080529375 0.191555609375 0.58080529375
2 0.103981615625 0.5872033937500001 0.103981615625 0.63199009375 0.14117057187499998 0.63199009375 0.14117057187499998 0.5872033937500001 0.103981615625 0.5872033937500001
2 0.0739905203125 0.5765398937499999 0.0739905203125 0.63838819375 0.11237912187500002 0.63838819375 0.11237912187500002 0.5765398937499999 0.0739905203125 0.5765398937499999
2 0.033202634375 0.5765398937499999 0.033202634375 0.64478629375 0.0763898109375 0.64478629375 0.0763898109375 0.5765398937499999 0.033202634375 0.5765398937499999
2 0 0.65544979375 0.0416001421875 0.65544979375 0.0416001421875 0.57867259375 0 0.57867259375 0 0.65544979375
2 0.2803292484375 0.57867259375 0.2803292484375 0.6021322921875 0.297124259375 0.6021322921875 0.297124259375 0.57867259375 0.2803292484375 0.57867259375
2 0.297124259375 0.58293799375 0.297124259375 0.60639769375 0.318717846875 0.60639769375 0.318717846875 0.58293799375 0.297124259375 0.58293799375
2 0.318717846875 0.5872033937500001 0.318717846875 0.6127957937499999 0.347509296875 0.6127957937499999 0.347509296875 0.5872033937500001 0.318717846875 0.5872033937500001
2 0.395495046875 0.542416690625 0.395495046875 0.695971090625 0.4878676171875 0.695971090625 0.4878676171875 0.542416690625 0.395495046875 0.542416690625
2 0.6714131109375 0.548814790625 0.6714131109375 0.61066309375 0.7529888859375 0.61066309375 0.7529888859375 0.548814790625 0.6714131109375 0.548814790625