2 0.7621297265625 0.43911731718749997 0.7621297265625 0.50114875625 0.8126323 0.50114875625 0.8126323 0.43911731718749997 0.7621297265625 0.43911731718749997
2 0.697853725 0.447279346875 0.697853725 0.4864571 0.7391740125 0.4864571 0.7391740125 0.447279346875 0.697853725 0.447279346875
2 0.6666339546875 0.45054416249999996 0.6666339546875 0.48972191406250004 0.703363096875 0.48972191406250004 0.703363096875 0.45054416249999996 0.6666339546875 0.45054416249999996
2 0.6390870953125 0.447279346875 0.6390870953125 0.49951635000000005 0.6693886375 0.49951635000000005 0.6693886375 0.447279346875 0.6390870953125 0.447279346875
2 0.6023579531250001 0.4407497203125 0.6023579531250001 0.5027811640625 0.6501058390625001 0.5027811640625 0.6501058390625001 0.4407497203125 0.6023579531250001 0.4407497203125
2 0.5546100671875 0.44401453281250003 0.5546100671875 0.519105228125 0.6262318953125 0.519105228125 0.6262318953125 0.44401453281250003 0.5546100671875 0.44401453281250003
2 0.48298823593750007 0.42279325156249997 0.48298823593750007 0.533796884375 0.56195589375 0.533796884375 0.56195589375 0.42279325156249997 0.48298823593750007 0.42279325156249997
2 0.370964346875 0.42116084374999996 0.370964346875 0.55501816875 0.494925209375 0.55501816875 0.494925209375 0.42116084374999996 0.370964346875 0.42116084374999996
2 0.83859313125 0.44863813906249994 0.83859313125 0.50413995625 0.8826681046875 0.50413995625 0.8826681046875 0.44863813906249994 0.83859313125 0.44863813906249994
2 0.1559319171875 0.36642421718749996 0.1559319171875 0.6063879562500001 0.3836526078125 0.6063879562500001 0.3836526078125 0.36642421718749996 0.1559319171875 0.36642421718749996
2 0.0007512875 0.42845566249999995 0.0007512875 0.6700518062499999 0.177051175 0.6700518062499999 0.177051175 0.42845566249999995 0.0007512875 0.42845566249999995