2 0.38639224843750003 0.45850895625000004 0.38639224843750003 0.4838254 0.3949365484375 0.4838254 0.3949365484375 0.45850895625000004 0.38639224843750003 0.45850895625000004
2 0.393037815625 0.46019671874999996 0.393037815625 0.50239079375 0.4158226140625 0.50239079375 0.4158226140625 0.46019671874999996 0.393037815625 0.46019671874999996
2 0.4101264171875 0.46188448125 0.4101264171875 0.50407855625 0.4253162828125 0.50407855625 0.4253162828125 0.46188448125 0.4101264171875 0.46188448125
2 0.41772135 0.45513343125 0.41772135 0.5175806625 0.445252984375 0.5175806625 0.445252984375 0.45513343125 0.41772135 0.45513343125
2 0.44620234999999997 0.45513343125 0.44620234999999997 0.5412093437500001 0.48797448593750004 0.5412093437500001 0.48797448593750004 0.45513343125 0.44620234999999997 0.45513343125
2 0.46708841874999996 0.450070140625 0.46708841874999996 0.5563992109375 0.52405041875 0.5563992109375 0.52405041875 0.450070140625 0.46708841874999996 0.450070140625
2 0.49462005312499996 0.436568034375 0.49462005312499996 0.6104076296875001 0.6161389921875 0.6104076296875001 0.6161389921875 0.436568034375 0.49462005312499996 0.436568034375
2 0.5765820546875 0.38087185625000003 0.5765820546875 0.69648354375 0.855695865625 0.69648354375 0.855695865625 0.38087185625000003 0.5765820546875 0.38087185625000003
2 0.8765819328125 0.49789009375 0.8765819328125 0.8843878265624999 0.9990502359375 0.8843878265624999 0.9990502359375 0.49789009375 0.8765819328125 0.49789009375
2 0.15569614062499998 0.46694776875 0.15569614062499998 0.48382539687500004 0.194620175 0.48382539687500004 0.194620175 0.46694776875 0.15569614062499998 0.46694776875
2 0.0018987328125000002 0.468635534375 0.0018987328125000002 0.5142051359375001 0.036075934375 0.5142051359375001 0.036075934375 0.468635534375 0.0018987328125000002 0.468635534375
2 0.343670746875 0.4663851765625 0.343670746875 0.48495056718749996 0.36740491406250003 0.48495056718749996 0.36740491406250003 0.4663851765625 0.343670746875 0.4663851765625