2 0.00085359375 0.56747219375 0.00085359375 0.926825 0.21937895 0.926825 0.21937895 0.56747219375 0.00085359375 0.56747219375
2 0.791642225 0.613605325 0.791642225 0.836986796875 0.9978755296875 0.836986796875 0.9978755296875 0.613605325 0.791642225 0.613605325
2 0.291765475 0.6326829296875001 0.291765475 0.6958124796875 0.3600546484375 0.6958124796875 0.3600546484375 0.6326829296875001 0.291765475 0.6326829296875001
2 0.4201491203125 0.6375390453125 0.4201491203125 0.6885283015625 0.4542937078125 0.6885283015625 0.4542937078125 0.6375390453125 0.4201491203125 0.6375390453125
2 0.39010188437500004 0.6472512874999999 0.39010188437500004 0.705524715625 0.42970960312499995 0.705524715625 0.42970960312499995 0.6472512874999999 0.39010188437500004 0.6472512874999999
2 0.614090375 0.6375390453125 0.614090375 0.68124411875 0.6441376109375 0.68124411875 0.6441376109375 0.6375390453125 0.614090375 0.6375390453125
2 0.5539959 0.6326829296875001 0.5539959 0.6666757624999999 0.5690195234375001 0.6666757624999999 0.5690195234375001 0.6326829296875001 0.5539959 0.6326829296875001
2 0.3559572953125 0.6496793484375 0.3559572953125 0.7176650125 0.4174175578125 0.7176650125 0.4174175578125 0.6496793484375 0.3559572953125 0.6496793484375
2 0.455659490625 0.6229706890625 0.455659490625 0.705524715625 0.5102908296875001 0.705524715625 0.5102908296875001 0.6229706890625 0.455659490625 0.6229706890625
2 0.6113588078125 0.6326829296875001 0.6113588078125 0.848780221875 0.7670581234375 0.848780221875 0.7670581234375 0.6326829296875001 0.6113588078125 0.6326829296875001
2 0.559459034375 0.6132584546875 0.559459034375 0.6982405390624999 0.614090375 0.6982405390624999 0.614090375 0.6132584546875 0.559459034375 0.6132584546875