2 0.4153749109375 0.36748870624999996 0.4153749109375 0.427812321875 0.46451785624999997 0.427812321875 0.46451785624999997 0.36748870624999996 0.4153749109375 0.36748870624999996
2 0.22582354218749998 0.429892446875 0.22582354218749998 0.46733469375 0.2562453671875 0.46733469375 0.2562453671875 0.429892446875 0.22582354218749998 0.429892446875
2 0.23752424374999997 0.423652071875 0.23752424374999997 0.5442993078125 0.281986909375 0.5442993078125 0.281986909375 0.423652071875 0.23752424374999997 0.423652071875
2 0.19072143749999998 0.4361328203125 0.19072143749999998 0.5401390578124999 0.241034453125 0.5401390578124999 0.241034453125 0.4361328203125 0.19072143749999998 0.4361328203125
2 0.265605928125 0.382742953125 0.265605928125 0.6011560499999999 0.421225259375 0.6011560499999999 0.421225259375 0.382742953125 0.265605928125 0.382742953125
2 0.5690441359375 0.2912174640625 0.5690441359375 0.4097845734375 0.7223233265625 0.4097845734375 0.7223233265625 0.2912174640625 0.5690441359375 0.2912174640625
2 0.013602046875 0.4270198921875 0.013602046875 0.6287919875 0.213684046875 0.6287919875 0.213684046875 0.4270198921875 0.013602046875 0.4270198921875
2 0 0.8831615375 0.0334932421875 0.8831615375 0.0334932421875 0.61898569375 0 0.61898569375 0 0.8831615375
2 0.351752325 0.3423291046875 0.351752325 0.83739879375 0.8115899015625001 0.83739879375 0.8115899015625001 0.3423291046875 0.351752325 0.3423291046875
2 0.8045694796875 0.2983493171875 0.8045694796875 0.57500590625 0.9988011296874999 0.57500590625 0.9988011296874999 0.2983493171875 0.8045694796875 0.2983493171875
2 0.9789099359375 0.5565819515625 0.9789099359375 0.7645944265625 0.9976310578125 0.7645944265625 0.9976310578125 0.5565819515625 0.9789099359375 0.5565819515625
4 0.7414344671875 0.35570133125000003 0.7414344671875 0.42434544843750005 0.7566453796875 0.42434544843750005 0.7566453796875 0.35570133125000003 0.7414344671875 0.35570133125000003
4 0.7636658015625 0.35154108125 0.7636658015625 0.43058582031250003 0.7741964328125001 0.43058582031250003 0.7741964328125001 0.35154108125 0.7636658015625 0.35154108125
4 0.770686221875 0.34530070625 0.770686221875 0.430585821875 0.7847270625 0.430585821875 0.7847270625 0.34530070625 0.770686221875 0.34530070625
4 0.7823869234374999 0.34322058125 0.7823869234374999 0.44098644374999996 0.7987679078125 0.44098644374999996 0.7987679078125 0.34322058125 0.7823869234374999 0.34322058125
4 0.811638678125 0.326579584375 0.811638678125 0.4097845734375 0.83855029375 0.4097845734375 0.83855029375 0.326579584375 0.811638678125 0.326579584375
4 0.7987679062499999 0.35570133125000003 0.7987679062499999 0.4451466953125 0.8128087484375 0.4451466953125 0.8128087484375 0.35570133125000003 0.7987679062499999 0.35570133125000003