2 0.35336094375 0.44563389062500003 0.35336094375 0.46851524375000003 0.3767623296875 0.46851524375000003 0.3767623296875 0.44563389062500003 0.35336094375 0.44563389062500003
2 0.1404083328125 0.466435121875 0.1404083328125 0.516358078125 0.1907213125 0.516358078125 0.1907213125 0.466435121875 0.1404083328125 0.466435121875
2 1.875e-8 0.47787579999999996 1.875e-8 0.5569204812499999 0.1263675015625 0.5569204812499999 0.1263675015625 0.47787579999999996 1.875e-8 0.47787579999999996
2 0.3690505046875 0.43523327343749996 0.3690505046875 0.5361192499999999 0.45329549374999994 0.5361192499999999 0.45329549374999994 0.43523327343749996 0.3690505046875 0.43523327343749996
2 0.44334990625000004 0.44147364375000003 0.44334990625000004 0.45603450624999997 0.4532954953125 0.45603450624999997 0.4532954953125 0.44147364375000003 0.44334990625000004 0.44147364375000003
2 0.4544655640625 0.4248326578125 0.4544655640625 0.48619629375000006 0.4924928171875 0.48619629375000006 0.4924928171875 0.4248326578125 0.4544655640625 0.4248326578125
2 0.48430233125 0.43211308906249996 0.48430233125 0.47059536875 0.4954179890625 0.47059536875 0.4954179890625 0.43211308906249996 0.48430233125 0.43211308906249996
2 0.4936628859375 0.422752534375 0.4936628859375 0.45915469218749994 0.511798959375 0.45915469218749994 0.511798959375 0.422752534375 0.4936628859375 0.422752534375
2 0.5077037171875001 0.43523327343749996 0.5077037171875001 0.46227487500000003 0.5176493046874999 0.46227487500000003 0.5176493046874999 0.43523327343749996 0.5077037171875001 0.43523327343749996
2 0.51238399375 0.4154721046875 0.51238399375 0.47059536875 0.5439758640625 0.47059536875 0.5439758640625 0.4154721046875 0.51238399375 0.4154721046875
2 0.5160066546875 0.4206724125 0.5160066546875 0.5200307953125 0.58738088125 0.5200307953125 0.58738088125 0.4206724125 0.5160066546875 0.4206724125
2 0.5756801874999999 0.40770414375 0.5756801874999999 0.46386746875 0.6096121984375 0.46386746875 0.6096121984375 0.40770414375 0.5756801874999999 0.40770414375
2 0.599666609375 0.4097842671875 0.599666609375 0.4701078390625 0.62072785625 0.4701078390625 0.62072785625 0.4097842671875 0.599666609375 0.4097842671875
2 0.606687025 0.4056240203125 0.606687025 0.47946839375000005 0.6634353843749999 0.47946839375000005 0.6634353843749999 0.4056240203125 0.606687025 0.4056240203125
2 0.6406190328125 0.3952234046875 0.6406190328125 0.4389059921875 0.676306146875 0.4389059921875 0.676306146875 0.3952234046875 0.6406190328125 0.3952234046875
2 0.66207030625 0.38274266562500003 0.66207030625 0.497149440625 0.7580159890625 0.497149440625 0.7580159890625 0.38274266562500003 0.66207030625 0.38274266562500003
2 0.7572359359374999 0.36610168125000003 0.7572359359374999 0.4451463609375 0.801113534375 0.4451463609375 0.801113534375 0.36610168125000003 0.7572359359374999 0.36610168125000003
2 0.756157278125 0.297457615625 0.756157278125 0.6167565234375 0.9983616203125001 0.6167565234375 0.9983616203125001 0.297457615625 0.756157278125 0.297457615625
2 0.1490538234375 0.4288520578125 0.1490538234375 0.651674421875 0.374877196875 0.651674421875 0.374877196875 0.4288520578125 0.1490538234375 0.4288520578125