2 0.312874915625 0.3571705140625 0.312874915625 0.3819830921875 0.32848480156250004 0.3819830921875 0.32848480156250004 0.3571705140625 0.312874915625 0.3571705140625
2 0.330321259375 0.360435328125 0.330321259375 0.378718278125 0.345012915625 0.378718278125 0.345012915625 0.360435328125 0.330321259375 0.360435328125
2 0.25319005781250004 0.3539057015625 0.25319005781250004 0.38002420312499996 0.282573371875 0.38002420312499996 0.282573371875 0.3539057015625 0.25319005781250004 0.3539057015625
2 0 0.3963482671875 0.012614168749999998 0.3963482671875 0.012614168749999998 0.3734945765625 0 0.3734945765625 0 0.3963482671875
2 0.075971940625 0.35586458906249996 0.075971940625 0.37545346562500004 0.0970911984375 0.37545346562500004 0.0970911984375 0.35586458906249996 0.075971940625 0.35586458906249996
2 0.1402479421875 0.34770255781250003 0.1402479421875 0.3934099359375 0.194423428125 0.3934099359375 0.194423428125 0.34770255781250003 0.1402479421875 0.34770255781250003
2 0.2844098296875 0.3525997765625 0.2844098296875 0.3836155 0.3119566875 0.3836155 0.3119566875 0.3525997765625 0.2844098296875 0.3525997765625
2 0.3907718515625 0.34490415625000004 0.3907718515625 0.36286062812500003 0.4174004796875 0.36286062812500003 0.4174004796875 0.34490415625000004 0.3907718515625 0.34490415625000004
2 0.4407497203125 0.3583132 0.4407497203125 0.371372453125 0.449013778125 0.371372453125 0.449013778125 0.3583132 0.4407497203125 0.3583132
2 0.5559874078125 0.3615780125 0.5559874078125 0.40891779531249994 0.5973076953125 0.40891779531249994 0.5973076953125 0.3615780125 0.5559874078125 0.3615780125
2 0.5899618671875 0.35668079218750004 0.5899618671875 0.4236094546875 0.6239363250000001 0.4236094546875 0.6239363250000001 0.35668079218750004 0.5899618671875 0.35668079218750004
2 0.60648998125 0.3436215421875 0.60648998125 0.43340389375 0.6817847234375 0.43340389375 0.6817847234375 0.3436215421875 0.60648998125 0.3436215421875
2 0.647351153125 0.3615780125 0.647351153125 0.45625758125000004 0.7355010984375 0.45625758125000004 0.7355010984375 0.3615780125 0.647351153125 0.3615780125
2 0.5086986359375001 0.35994560625 0.5086986359375001 0.3844317015625 0.52339029375 0.3844317015625 0.52339029375 0.35994560625 0.5086986359375001 0.35994560625
2 0.4765606359375 0.36321041875 0.4765606359375 0.3811668890625 0.49033406562500004 0.3811668890625 0.49033406562500004 0.36321041875 0.4765606359375 0.36321041875
2 0.4591142921875 0.3583132 0.4591142921875 0.37463726249999996 0.46646012187499997 0.37463726249999996 0.46646012187499997 0.3583132 0.4591142921875 0.3583132
2 0.70764816875 0.362938353125 0.70764816875 0.4886336453125 0.8288543421875 0.4886336453125 0.8288543421875 0.362938353125 0.70764816875 0.362938353125
2 0.80357626875 0.32550183125 0.80357626875 0.57526000625 0.9991589578125 0.57526000625 0.9991589578125 0.32550183125 0.80357626875 0.32550183125
2 0.382289165625 0.360217671875 0.382289165625 0.4255139265625 0.44289225468750004 0.4255139265625 0.44289225468750004 0.360217671875 0.382289165625 0.360217671875
2 0.486967225 0.35858526562500004 0.486967225 0.39776301875 0.512677625 0.39776301875 0.512677625 0.35858526562500004 0.486967225 0.35858526562500004
2 0.46492973906249996 0.360217671875 0.46492973906249996 0.373276925 0.4768667125 0.373276925 0.4768667125 0.360217671875 0.46492973906249996 0.360217671875
2 0.44381048125 0.35532045156250003 0.44381048125 0.38307135937500003 0.4603385953125 0.38307135937500003 0.4603385953125 0.35532045156250003 0.44381048125 0.35532045156250003