4 0.7552200828125 0.41635736874999996 0.7552200828125 0.606982346875 0.7991653890625 0.606982346875 0.7991653890625 0.41635736874999996 0.7552200828125 0.41635736874999996
2 0 0.54135735625 0.0626420453125 0.54135735625 0.0626420453125 0.51479485625 0 0.51479485625 0 0.54135735625
2 0.10307172812500001 0.5116698578125 0.10307172812500001 0.53354485625 0.135591253125 0.53354485625 0.135591253125 0.5116698578125 0.10307172812500001 0.5116698578125
2 0.040669390625 0.4804198609375 0.040669390625 0.49604485625 0.06791548281250001 0.49604485625 0.06791548281250001 0.4804198609375 0.040669390625 0.4804198609375
2 0.17506980781249998 0.47689265000000003 0.17506980781249998 0.4944823609375 0.20941937031250002 0.4944823609375 0.20941937031250002 0.47689265000000003 0.17506980781249998 0.47689265000000003
2 0.40453653437500003 0.4772948625 0.40453653437500003 0.5132323578125 0.42299356406250005 0.5132323578125 0.42299356406250005 0.4772948625 0.40453653437500003 0.4772948625
2 0.3834427859375 0.4772948625 0.3834427859375 0.53041985625 0.4133255953125 0.53041985625 0.4133255953125 0.4772948625 0.3834427859375 0.4772948625
2 0.467817775 0.4741698625 0.467817775 0.52573235625 0.5012162078125 0.52573235625 0.5012162078125 0.4741698625 0.467817775 0.4741698625
2 0.41684122031250004 0.4866698609375 0.41684122031250004 0.596044846875 0.4959427734375 0.596044846875 0.4959427734375 0.4866698609375 0.41684122031250004 0.4866698609375
2 0.51703651875 0.392919871875 0.51703651875 0.653857340625 0.6936966546875001 0.653857340625 0.6936966546875001 0.392919871875 0.51703651875 0.392919871875
2 0.35155146406250004 0.47868548125 0.35155146406250004 0.5396416828125 0.3908816609375 0.5396416828125 0.3908816609375 0.47868548125 0.35155146406250004 0.47868548125
2 0.127671878125 0.49840660468750003 0.127671878125 0.6669325796875001 0.289026534375 0.6669325796875001 0.289026534375 0.49840660468750003 0.127671878125 0.49840660468750003