2 0.5442314796875001 0.43187309375 0.5442314796875001 0.45226583906249995 0.5564671265625 0.45226583906249995 0.5564671265625 0.43187309375 0.5442314796875001 0.43187309375
2 0.5342900125 0.42779454375 0.5342900125 0.44138970625 0.5442314781250001 0.44138970625 0.5442314781250001 0.42779454375 0.5342900125 0.42779454375
2 0.5090539875 0.43187309375 0.5090539875 0.45090632499999994 0.51364235625 0.45090632499999994 0.51364235625 0.43187309375 0.5090539875 0.43187309375
2 0.511348171875 0.4332326109375 0.511348171875 0.45362535625 0.5243485484375 0.45362535625 0.5243485484375 0.4332326109375 0.511348171875 0.4332326109375
2 0.4654644890625 0.42507551093749996 0.4654644890625 0.43595164375 0.4929947 0.43595164375 0.4929947 0.42507551093749996 0.4654644890625 0.42507551093749996
2 0.41805135 0.430513575 0.41805135 0.44138970625 0.4333459109375 0.44138970625 0.4333459109375 0.430513575 0.41805135 0.430513575
2 0.39434478125 0.4332326109375 0.39434478125 0.4590634234375 0.41499243750000003 0.4590634234375 0.41499243750000003 0.4332326109375 0.39434478125 0.4332326109375
2 0.381344403125 0.4332326109375 0.381344403125 0.46178245625000003 0.3951095078125 0.46178245625000003 0.3951095078125 0.4332326109375 0.381344403125 0.4332326109375
2 0.32934289687499996 0.42779454375 0.32934289687499996 0.46722052031250005 0.357637834375 0.46722052031250005 0.357637834375 0.42779454375 0.32934289687499996 0.42779454375
2 0.5488198453125 0.4209969578125 0.5488198453125 0.501208434375 0.5908798890625 0.501208434375 0.5908798890625 0.4209969578125 0.5488198453125 0.4209969578125
2 0.35585346093750003 0.429607225 0.35585346093750003 0.47039272031249996 0.38261894218750003 0.47039272031249996 0.38261894218750003 0.429607225 0.35585346093750003 0.429607225
2 0.3872073109375 0.43277944531249996 0.3872073109375 0.6358005953125 0.527917271875 0.6358005953125 0.527917271875 0.43277944531249996 0.3872073109375 0.43277944531249996
2 0.5187405359375 0.430966740625 0.5187405359375 0.4690332046875 0.5447412890625001 0.4690332046875 0.5447412890625001 0.430966740625 0.5187405359375 0.430966740625
1 0.5761801 0 0.5761801 0.8547063312500001 0.9983099828125 0.8547063312500001 0.9983099828125 0 0.5761801 0