2 0.4964997859375 0.4721883171875 0.4964997859375 0.4992299390625 0.5070304171875 0.4992299390625 0.5070304171875 0.4721883171875 0.4964997859375 0.4721883171875
2 0.503130171875 0.470108190625 0.503130171875 0.513790809375 0.5171710140625 0.513790809375 0.5171710140625 0.470108190625 0.503130171875 0.470108190625
2 0.43292596093749997 0.45346719375 0.43292596093749997 0.5637138046875 0.5054703109375 0.5637138046875 0.5054703109375 0.45346719375 0.43292596093749997 0.45346719375
2 0.5140508390625 0.3924502015625 0.5140508390625 0.538058934375 0.5807448390625 0.538058934375 0.5807448390625 0.3924502015625 0.5140508390625 0.3924502015625
2 0.5456427328125 0.45277381875 0.5456427328125 0.55053968125 0.604146240625 0.55053968125 0.604146240625 0.45277381875 0.5456427328125 0.45277381875
2 0.5585135046875 0.45485394375 0.5585135046875 0.575501178125 0.6474388375 0.575501178125 0.6474388375 0.45485394375 0.5585135046875 0.45485394375
2 0.312408734375 0.47565519375000004 0.312408734375 0.538058934375 0.3451706984375 0.538058934375 0.3451706984375 0.47565519375000004 0.312408734375 0.47565519375000004
1 0.1240274375 0.3591682046875 0.1240274375 0.5692608031249999 0.32527950625 0.5692608031249999 0.32527950625 0.3591682046875 0.1240274375 0.3591682046875
2 0.8724335484375001 0.4689195375 0.8724335484375001 0.62700901875 0.998801128125 0.62700901875 0.998801128125 0.4689195375 0.8724335484375001 0.4689195375
4 0.420055190625 0.4791220640625 0.420055190625 0.5130974359375 0.430585821875 0.5130974359375 0.430585821875 0.4791220640625 0.420055190625 0.4791220640625
4 0.4153749109375 0.47773531562500005 0.4153749109375 0.5068570609374999 0.42122526093749996 0.5068570609374999 0.42122526093749996 0.47773531562500005 0.4153749109375 0.47773531562500005
4 0.40835448906250005 0.481895565625 0.40835448906250005 0.5089371875 0.415374909375 0.5089371875 0.415374909375 0.481895565625 0.40835448906250005 0.481895565625
4 0.37091224375 0.4860558140625 0.37091224375 0.5089371875 0.3779326625 0.5089371875 0.3779326625 0.4860558140625 0.37091224375 0.4860558140625
4 0.3662319625 0.4860558140625 0.3662319625 0.5130974359375 0.3720823125 0.5130974359375 0.3720823125 0.4860558140625 0.3662319625 0.4860558140625
4 0.3615516828125 0.481895565625 0.3615516828125 0.5172576859375 0.3685721015625 0.5172576859375 0.3685721015625 0.481895565625 0.3615516828125 0.481895565625
5 0.37237483125000004 0.4212252578125 0.37237483125000004 0.54187249375 0.41098714531249997 0.54187249375 0.41098714531249997 0.4212252578125 0.37237483125000004 0.4212252578125
5 0.33961286562500004 0.4524271296875 0.33961286562500004 0.5231513703124999 0.3618442 0.5231513703124999 0.3618442 0.4524271296875 0.33961286562500004 0.4524271296875
5 0.6416664796875 0.43266594375 0.6416664796875 0.517951059375 0.6709182328125001 0.517951059375 0.6709182328125001 0.43266594375 0.6416664796875 0.43266594375
3 0.3393203484375 0.4825889421875 0.3393203484375 0.547072809375 0.363891821875 0.547072809375 0.363891821875 0.4825889421875 0.3393203484375 0.4825889421875
3 0.374422453125 0.45762744375000003 0.374422453125 0.578274678125 0.410694628125 0.578274678125 0.410694628125 0.45762744375000003 0.374422453125 0.45762744375000003
3 0.6400283796874999 0.46178769218750004 0.6400283796874999 0.5533131796874999 0.671620275 0.5533131796874999 0.671620275 0.46178769218750004 0.6400283796874999 0.46178769218750004