2 0.41148685625 0.520031184375 0.41148685625 0.5325119328125 0.4243576296875 0.5325119328125 0.4243576296875 0.520031184375 0.41148685625 0.520031184375
2 0.3880854546875 0.524191434375 0.3880854546875 0.5408324328125 0.3974460171875 0.5408324328125 0.3974460171875 0.524191434375 0.3880854546875 0.524191434375
2 0.3623439125 0.5283516828125 0.3623439125 0.5553933046874999 0.383405175 0.5553933046874999 0.383405175 0.5283516828125 0.3623439125 0.5283516828125
2 0.356493559375 0.5574734296875 0.356493559375 0.5782746765625 0.36936433125 0.5782746765625 0.36936433125 0.5574734296875 0.356493559375 0.5574734296875
2 0.36936433125 0.5574734296875 0.36936433125 0.5741144296875 0.3857453140625 0.5741144296875 0.3857453140625 0.5574734296875 0.36936433125 0.5574734296875
2 0.36702419062499997 0.5741144296875 0.36702419062499997 0.5949156765625 0.3798949625 0.5949156765625 0.3798949625 0.5741144296875 0.36702419062499997 0.5741144296875
2 0.395105875 0.5325119328125 0.395105875 0.5491529328125 0.4044664359375 0.5491529328125 0.4044664359375 0.5325119328125 0.395105875 0.5325119328125
2 0.4231875578125 0.524191434375 0.4231875578125 0.54707280625 0.4395685421875 0.54707280625 0.4395685421875 0.524191434375 0.4231875578125 0.524191434375
2 0.35415341875 0.5782746796875 0.35415341875 0.6053162999999999 0.3740446109375 0.6053162999999999 0.3740446109375 0.5782746796875 0.35415341875 0.5782746796875
2 0.41733720781250006 0.56163368125 0.41733720781250006 0.6385982953125 0.469990365625 0.6385982953125 0.469990365625 0.56163368125 0.41733720781250006 0.56163368125
2 0.3038404015625 0.5720343046874999 0.3038404015625 0.626117546875 0.336602365625 0.626117546875 0.336602365625 0.5720343046874999 0.3038404015625 0.5720343046874999
2 0.2921397 0.5782746796875 0.2921397 0.6136367984375 0.308520684375 0.6136367984375 0.308520684375 0.5782746796875 0.2921397 0.5782746796875
2 0.2149150703125 0.5699541796875 0.2149150703125 0.599075925 0.238316471875 0.599075925 0.238316471875 0.5699541796875 0.2149150703125 0.5699541796875
2 0.24533689375 0.5782746796875 0.24533689375 0.615716925 0.28862948906249997 0.615716925 0.28862948906249997 0.5782746796875 0.24533689375 0.5782746796875
2 0.04876510625 0.56163368125 0.04876510625 0.6406784203125 0.1400305796875 0.6406784203125 0.1400305796875 0.56163368125 0.04876510625 0.56163368125
2 0 0.65731941875 0.0358943359375 0.65731941875 0.0358943359375 0.5699541796875 0 0.5699541796875 0 0.65731941875