2 0.41382944843749997 0.42814804687499997 0.41382944843749997 0.44771326875 0.42583538125000003 0.44771326875 0.42583538125000003 0.42814804687499997 0.41382944843749997 0.42814804687499997
2 0.426835875 0.42636939218750003 0.426835875 0.44771326875 0.44184329062499994 0.44771326875 0.44184329062499994 0.42636939218750003 0.426835875 0.42636939218750003
2 0.4428437859375 0.42281207812500005 0.4428437859375 0.4512705828125 0.461853178125 0.4512705828125 0.461853178125 0.42281207812500005 0.4428437859375 0.42281207812500005
2 0.3838146203125 0.408582825 0.3838146203125 0.472614465625 0.419832415625 0.472614465625 0.419832415625 0.408582825 0.3838146203125 0.408582825
2 0.47586009687499997 0.4174761078125 0.47586009687499997 0.45482789375 0.494869490625 0.45482789375 0.494869490625 0.4174761078125 0.47586009687499997 0.4174761078125
2 0.1769795265625 0.41359328125 0.1769795265625 0.43704133125 0.191719709375 0.43704133125 0.191719709375 0.41359328125 0.1769795265625 0.41359328125
2 0.08866879375 0.424590734375 0.08866879375 0.45127058125 0.11168016249999999 0.45127058125 0.11168016249999999 0.424590734375 0.08866879375 0.424590734375
2 0.060654953125 0.4210334203125 0.060654953125 0.45127058125 0.08566731250000001 0.45127058125 0.08566731250000001 0.4210334203125 0.060654953125 0.4210334203125
2 0.039644571875 0.42281207812500005 0.039644571875 0.456606553125 0.0636564359375 0.456606553125 0.0636564359375 0.42281207812500005 0.039644571875 0.42281207812500005
2 0.021635675 0.4210334203125 0.021635675 0.456606553125 0.0516505046875 0.456606553125 0.0516505046875 0.4210334203125 0.021635675 0.4210334203125
2 0 0.46016386562499995 0.027638640625 0.46016386562499995 0.027638640625 0.41569745156250004 0 0.41569745156250004 0 0.46016386562499995
2 0.5699065640625001 0.419254765625 0.5699065640625001 0.4886223703125 0.61092683125 0.4886223703125 0.61092683125 0.419254765625 0.5699065640625001 0.419254765625
2 0.5929179328124999 0.4334840171875 0.5929179328124999 0.495736996875 0.65294759375 0.495736996875 0.65294759375 0.4334840171875 0.5929179328124999 0.4334840171875
2 0.49586998437499996 0.37284379843750004 0.49586998437499996 0.5064089359375 0.5749090359375 0.5064089359375 0.5749090359375 0.37284379843750004 0.49586998437499996 0.37284379843750004
2 0.267757278125 0.36945238125 0.267757278125 0.5508753515625 0.39281906875 0.5508753515625 0.39281906875 0.36945238125 0.267757278125 0.36945238125
2 0.635081634375 0.3961322296875 0.635081634375 0.6771599687500001 0.9392319078125 0.6771599687500001 0.9392319078125 0.3961322296875 0.635081634375 0.3961322296875
3 0.20077627812499999 0.41442698125 0.20077627812499999 0.44466414375 0.2157836921875 0.44466414375 0.2157836921875 0.41442698125 0.20077627812499999 0.41442698125
4 0.65400020625 0.408498121875 0.65400020625 0.4814230421875 0.663998090625 0.4814230421875 0.663998090625 0.408498121875 0.65400020625 0.408498121875