2 0.217705884375 0.54097165625 0.217705884375 0.5652522531249999 0.23409528750000003 0.5652522531249999 0.23409528750000003 0.54097165625 0.217705884375 0.54097165625
2 0.20268226875 0.5385435953125 0.20268226875 0.562824190625 0.2218032359375 0.562824190625 0.2218032359375 0.5385435953125 0.20268226875 0.5385435953125
2 0.1767323828125 0.533687478125 0.1767323828125 0.562824190625 0.20404805312500002 0.562824190625 0.20404805312500002 0.533687478125 0.1767323828125 0.533687478125
2 0.1535140625 0.54097165625 0.1535140625 0.570108371875 0.1699034625 0.570108371875 0.1699034625 0.54097165625 0.1535140625 0.54097165625
2 0.13029574375 0.543399715625 0.13029574375 0.5701083687499999 0.1562456296875 0.5701083687499999 0.1562456296875 0.543399715625 0.13029574375 0.543399715625
2 0.029227765625000002 0.55068389375 0.029227765625000002 0.5919609078125 0.063372353125 0.5919609078125 0.063372353125 0.55068389375 0.029227765625000002 0.55068389375
2 0.0865906734375 0.5385435953125 0.0865906734375 0.5773925546875 0.13029574375 0.5773925546875 0.13029574375 0.5385435953125 0.0865906734375 0.5385435953125
2 0.0005463125 0.5433997203125001 0.0005463125 0.58710479375 0.030593551562499998 0.58710479375 0.030593551562499998 0.5433997203125001 0.0005463125 0.5433997203125001
2 0.3064818109375 0.5288313640625 0.3064818109375 0.5531119578125 0.3297001328125 0.5531119578125 0.3297001328125 0.5288313640625 0.3064818109375 0.5288313640625
2 0.396623521875 0.5288313578125 0.396623521875 0.560396134375 0.42940232500000003 0.560396134375 0.42940232500000003 0.5288313578125 0.396623521875 0.5288313578125
2 0.462181128125 0.5361155375 0.462181128125 0.5579680734375 0.47720474375000005 0.5579680734375 0.47720474375000005 0.5361155375 0.462181128125 0.5361155375
2 0.4690100453125 0.5385435953125 0.4690100453125 0.562824190625 0.485399446875 0.562824190625 0.485399446875 0.5385435953125 0.4690100453125 0.5385435953125
2 0.4813020984375 0.5361155375 0.4813020984375 0.56039613125 0.496325715625 0.56039613125 0.496325715625 0.5361155375 0.4813020984375 0.5361155375
2 0.526372953125 0.5288313578125 0.526372953125 0.57982060625 0.568712240625 0.57982060625 0.568712240625 0.5288313578125 0.526372953125 0.5288313578125
2 0.555054403125 0.533687478125 0.555054403125 0.5871047859375 0.59193055625 0.5871047859375 0.59193055625 0.533687478125 0.555054403125 0.533687478125
2 0.57963850625 0.5458277781249999 0.57963850625 0.5968170265625 0.6192462265625001 0.5968170265625 0.6192462265625001 0.5458277781249999 0.57963850625 0.5458277781249999
2 0.598759475 0.533687478125 0.598759475 0.6065292640625 0.6588539484375 0.6065292640625 0.6588539484375 0.533687478125 0.598759475 0.533687478125
2 0.6301724953125001 0.533687478125 0.6301724953125001 0.61381344375 0.708022153125 0.61381344375 0.708022153125 0.533687478125 0.6301724953125001 0.533687478125
2 0.3597473671875 0.5385435953125 0.3597473671875 0.63080985625 0.434865459375 0.63080985625 0.434865459375 0.5385435953125 0.3597473671875 0.5385435953125
2 0.3269685640625 0.523975240625 0.3269685640625 0.584676728125 0.3747709859375 0.584676728125 0.3747709859375 0.523975240625 0.3269685640625 0.523975240625
2 0.4362312421875 0.5312594078124999 0.4362312421875 0.5676803031250001 0.4621811296875 0.5676803031250001 0.4621811296875 0.5312594078124999 0.4362312421875 0.5312594078124999
2 0.4870725109375 0.532785628125 0.4870725109375 0.56920651875 0.5130223984375 0.56920651875 0.5130223984375 0.532785628125 0.4870725109375 0.532785628125
1 0.7055978656249999 0.3524154953125 0.7055978656249999 0.7627575546875 0.9992413125 0.7627575546875 0.9992413125 0.3524154953125 0.7055978656249999 0.3524154953125