2 0.011086170312500001 0.41641245781249997 0.011086170312500001 0.4909727984375 0.0735931625 0.4909727984375 0.0735931625 0.41641245781249997 0.011086170312500001 0.41641245781249997
2 0.4795425578125 0.3981240734375 0.4795425578125 0.41359885781249994 0.49299507187499997 0.41359885781249994 0.49299507187499997 0.3981240734375 0.4795425578125 0.3981240734375
2 0.4716293109375 0.399530875 0.4716293109375 0.4178192546875 0.47954255625000003 0.4178192546875 0.47954255625000003 0.399530875 0.4716293109375 0.399530875
2 0.492203746875 0.37420849375 0.492203746875 0.461430025 0.536517909375 0.461430025 0.536517909375 0.37420849375 0.492203746875 0.37420849375
2 0.40278409374999996 0.40093766875 0.40278409374999996 0.41641245624999995 0.41544528437499995 0.41641245624999995 0.41544528437499995 0.40093766875 0.40278409374999996 0.40093766875
2 0.3861662828125 0.40375126874999995 0.3861662828125 0.42344645468750003 0.399618796875 0.42344645468750003 0.399618796875 0.40375126874999995 0.3861662828125 0.40375126874999995
2 0.6457206703125 0.3854628828125 0.6457206703125 0.46283682031250006 0.7114005921875 0.46283682031250006 0.7114005921875 0.3854628828125 0.6457206703125 0.3854628828125
2 0.6876608609375 0.393903678125 0.6876608609375 0.47971840625000006 0.7565060781249999 0.47971840625000006 0.7565060781249999 0.393903678125 0.6876608609375 0.393903678125
6 0.5665882343749999 0.3005663078125 0.5665882343749999 0.46143002187500004 0.6560078875 0.46143002187500004 0.6560078875 0.3005663078125 0.5665882343749999 0.3005663078125
2 0.506447584375 0.3854628828125 0.506447584375 0.5205155734375 0.6140676968750001 0.5205155734375 0.6140676968750001 0.3854628828125 0.506447584375 0.3854628828125
2 0.276963521875 0.39109008125 0.276963521875 0.5331767640625 0.39091422656249997 0.5331767640625 0.39091422656249997 0.39109008125 0.276963521875 0.39109008125
2 0.736722971875 0.37280169375 0.736722971875 0.5008203859375 0.8641261921875 0.5008203859375 0.8641261921875 0.37280169375 0.736722971875 0.37280169375