2 0.431862153125 0.5266835609375 0.431862153125 0.548724371875 0.4463264359375 0.548724371875 0.4463264359375 0.5266835609375 0.431862153125 0.5266835609375
2 0.41223205468749996 0.531275396875 0.41223205468749996 0.54780600625 0.4194641953125 0.54780600625 0.4194641953125 0.531275396875 0.41223205468749996 0.531275396875
2 0.4039667515625 0.5257651921875001 0.4039667515625 0.5514794734375 0.4142983796875 0.5514794734375 0.4142983796875 0.5257651921875001 0.4039667515625 0.5257651921875001
2 0.3853698171875 0.5239284578125 0.3853698171875 0.56066314375 0.4091325671875 0.56066314375 0.4091325671875 0.5239284578125 0.3853698171875 0.5239284578125
2 0.36264022812499996 0.52760193125 0.36264022812499996 0.545969271875 0.3729718578125 0.545969271875 0.3729718578125 0.52760193125 0.36264022812499996 0.52760193125
2 0.337844315625 0.5294386624999999 0.337844315625 0.5496427421875001 0.3523086 0.5496427421875001 0.3523086 0.5294386624999999 0.337844315625 0.5294386624999999
2 0.31718105625000004 0.5257651921875001 0.31718105625000004 0.5643366125 0.334744828125 0.5643366125 0.334744828125 0.5257651921875001 0.31718105625000004 0.5257651921875001
2 0.302716771875 0.5239284578125 0.302716771875 0.5680100828125 0.325446359375 0.5680100828125 0.325446359375 0.5239284578125 0.302716771875 0.5239284578125
2 0.2717218828125 0.5257651921875001 0.2717218828125 0.5643366125 0.31201524062499997 0.5643366125 0.31201524062499997 0.5257651921875001 0.2717218828125 0.5257651921875001
2 0.21386475 0.534948865625 0.21386475 0.5735202890625 0.2417601515625 0.5735202890625 0.2417601515625 0.534948865625 0.21386475 0.534948865625
6 0.22522954374999998 0.507964228125 0.22522954374999998 0.56984681875 0.262423415625 0.56984681875 0.262423415625 0.507964228125 0.22522954374999998 0.507964228125
2 0.1859693484375 0.53311213125 0.1859693484375 0.542295803125 0.202499959375 0.542295803125 0.202499959375 0.53311213125 0.1859693484375 0.53311213125
2 0.1343111953125 0.5257651921875001 0.1343111953125 0.5845406921875 0.188035675 0.5845406921875 0.188035675 0.5257651921875001 0.1343111953125 0.5257651921875001
2 0.10848211875 0.542295803125 0.10848211875 0.5937243624999999 0.157040784375 0.5937243624999999 0.157040784375 0.542295803125 0.10848211875 0.542295803125
2 0.44116062187500005 0.522091728125 0.44116062187500005 0.5606631484375 0.4556249046875 0.5606631484375 0.4556249046875 0.522091728125 0.44116062187500005 0.522091728125
2 0.44735959999999997 0.51841825625 0.44735959999999997 0.5661733484375 0.479387653125 0.5661733484375 0.479387653125 0.51841825625 0.44735959999999997 0.51841825625
2 0.46079071875000005 0.51290805625 0.46079071875000005 0.6176019078125 0.5351784562499999 0.6176019078125 0.5351784562499999 0.51290805625 0.46079071875000005 0.51290805625
2 0.36264022812499996 0.5294386624999999 0.36264022812499996 0.5735202828125 0.397767771875 0.5735202828125 0.397767771875 0.5294386624999999 0.36264022812499996 0.5294386624999999
2 0.1611734359375 0.5367855984375 0.1611734359375 0.6176019078125 0.239693828125 0.6176019078125 0.239693828125 0.5367855984375 0.1611734359375 0.5367855984375
2 0.029961726562500002 0.531275396875 0.029961726562500002 0.61943864375 0.12707905625 0.61943864375 0.12707905625 0.531275396875 0.029961726562500002 0.531275396875
2 0 0.629081496875 0.03409438125 0.629081496875 0.03409438125 0.5335713171875 0 0.5335713171875 0 0.629081496875