2 0.45219695312499997 0.5091793390625 0.45219695312499997 0.5302730734375001 0.46406218125 0.5302730734375001 0.46406218125 0.5091793390625 0.45219695312499997 0.5091793390625
2 0.4917477078125 0.5068355890625 0.4917477078125 0.5255855765625 0.50493129375 0.5255855765625 0.50493129375 0.5068355890625 0.4917477078125 0.5068355890625
6 0.4601071046875 0.4646481171875 0.4601071046875 0.5349605687500001 0.4891109921875 0.5349605687500001 0.4891109921875 0.4646481171875 0.4601071046875 0.4646481171875
2 0.43242157812500004 0.5044918421875 0.43242157812500004 0.5349605703125 0.45087859531249996 0.5349605703125 0.45087859531249996 0.5044918421875 0.43242157812500004 0.5044918421875
2 0.4166012765625 0.5115230859375 0.4166012765625 0.5326168203125 0.42978486250000003 0.5326168203125 0.42978486250000003 0.5115230859375 0.4166012765625 0.5115230859375
2 0.406054409375 0.5162105828125 0.406054409375 0.5326168203125 0.4166012765625 0.5326168203125 0.4166012765625 0.5162105828125 0.406054409375 0.5162105828125
2 0.3889157484375 0.5091793390625 0.3889157484375 0.5373043187500001 0.4073727671875 0.5373043187500001 0.4073727671875 0.5091793390625 0.3889157484375 0.5091793390625
2 0.3282712578125 0.523241828125 0.3282712578125 0.5583980546875 0.3520017109375 0.5583980546875 0.3520017109375 0.523241828125 0.3282712578125 0.523241828125
2 0.307836703125 0.52089808125 0.307836703125 0.5630855515625 0.3342038734375 0.5630855515625 0.3342038734375 0.52089808125 0.307836703125 0.52089808125
2 0.2827878921875 0.5138668359375 0.2827878921875 0.5677730484375 0.3144284953125 0.5677730484375 0.3144284953125 0.5138668359375 0.2827878921875 0.5138668359375
2 0.24587385468749998 0.5138668359375 0.24587385468749998 0.5724605453125 0.289379684375 0.5724605453125 0.289379684375 0.5138668359375 0.24587385468749998 0.5138668359375
2 0.19973130781249998 0.5185543312500001 0.19973130781249998 0.5865230343750001 0.26564923125 0.5865230343750001 0.26564923125 0.5185543312500001 0.19973130781249998 0.5185543312500001
2 0.144360253125 0.5302730734375001 0.144360253125 0.6052730203125 0.22346176093749998 0.6052730203125 0.22346176093749998 0.5302730734375001 0.144360253125 0.5302730734375001
2 0.0771239703125 0.539648065625 0.0771239703125 0.6240230062500001 0.166772346875 0.6240230062500001 0.166772346875 0.539648065625 0.0771239703125 0.539648065625
2 0 0.6568354859375 0.0883300171875 0.6568354859375 0.0883300171875 0.541991815625 0 0.541991815625 0 0.6568354859375
2 0.503612934375 0.48574185625000005 0.503612934375 0.5326168203125 0.5326168203125 0.5326168203125 0.5326168203125 0.48574185625000005 0.503612934375 0.48574185625000005
2 0.5458004062499999 0.5044918421875 0.5458004062499999 0.5654292984375 0.5800777265625 0.5654292984375 0.5800777265625 0.5044918421875 0.5458004062499999 0.5044918421875
2 0.5563472734375 0.5138668359375 0.5563472734375 0.5865230343750001 0.5985347437499999 0.5865230343750001 0.5985347437499999 0.5138668359375 0.5563472734375 0.5138668359375
2 0.564257425 0.5068355890625 0.564257425 0.6310542546875 0.66049759375 0.6310542546875 0.66049759375 0.5068355890625 0.564257425 0.5068355890625
4 0.7026850625 0.48574185625000005 0.7026850625 0.6052730203125 0.7250971578125001 0.6052730203125 0.7250971578125001 0.48574185625000005 0.7026850625 0.48574185625000005
4 0.7395991015625001 0.48808560312499993 0.7395991015625001 0.68027296875 0.7765131375000001 0.68027296875 0.7765131375000001 0.48808560312499993 0.7395991015625001 0.48808560312499993
4 0.778012765625 0.48093716249999996 0.778012765625 0.5910933359375 0.792514709375 0.5910933359375 0.792514709375 0.48093716249999996 0.778012765625 0.48093716249999996