2 0.0107627984375 0.5314962109375 0.0107627984375 0.597401740625 0.0789271859375 0.597401740625 0.0789271859375 0.5314962109375 0.0107627984375 0.5314962109375
2 0 0.5995277265625 0.0191338640625 0.5995277265625 0.0191338640625 0.5314962109375 0 0.5314962109375 0 0.5995277265625
2 0.30494595156250004 0.5314962109375 0.30494595156250004 0.5570080296875 0.32168808125 0.5570080296875 0.32168808125 0.5314962109375 0.30494595156250004 0.5314962109375
2 0.283420353125 0.537874165625 0.283420353125 0.5570080265625 0.303750084375 0.5570080265625 0.303750084375 0.537874165625 0.283420353125 0.537874165625
2 0.25352369218750004 0.5336221937500001 0.25352369218750004 0.561259996875 0.2714616875 0.561259996875 0.2714616875 0.5336221937500001 0.25352369218750004 0.5336221937500001
2 0.2296063625 0.5314962109375 0.2296063625 0.56551196875 0.254719559375 0.56551196875 0.254719559375 0.5314962109375 0.2296063625 0.5314962109375
2 0.42931606406249995 0.537874165625 0.42931606406249995 0.550630075 0.44007886249999995 0.550630075 0.44007886249999995 0.537874165625 0.42931606406249995 0.537874165625
2 0.40659460156250005 0.537874165625 0.40659460156250005 0.5527560578124999 0.4185532671875 0.5527560578124999 0.4185532671875 0.537874165625 0.40659460156250005 0.537874165625
2 0.4723672578125 0.5251182562500001 0.4723672578125 0.55275605625 0.4855217890625 0.55275605625 0.4855217890625 0.5251182562500001 0.4723672578125 0.5251182562500001
2 0.48313005625 0.5229922703125001 0.48313005625 0.5527560578124999 0.4950887203125 0.5527560578124999 0.4950887203125 0.5229922703125001 0.48313005625 0.5229922703125001
2 0.4903052546875 0.5208662875 0.4903052546875 0.5548820437499999 0.5154184500000001 0.5548820437499999 0.5154184500000001 0.5208662875 0.4903052546875 0.5208662875
2 0.4424705953125 0.5229922703125001 0.4424705953125 0.5591340125 0.4663879234375 0.5591340125 0.4663879234375 0.5229922703125001 0.4424705953125 0.5229922703125001
2 0.395831803125 0.5357481796875 0.395831803125 0.554882040625 0.40898633437500004 0.554882040625 0.40898633437500004 0.5357481796875 0.395831803125 0.5357481796875
2 0.4185532671875 0.5336221937500001 0.4185532671875 0.5548820437499999 0.42931606406249995 0.5548820437499999 0.42931606406249995 0.5336221937500001 0.4185532671875 0.5336221937500001
2 0.8734609015625001 0.48685053125 0.8734609015625001 0.5378741671875 0.9093368953125 0.5378741671875 0.9093368953125 0.48685053125 0.8734609015625001 0.48685053125
2 0.8383023968750001 0.48047257343750005 0.8383023968750001 0.516614315625 0.8837453234374999 0.516614315625 0.8837453234374999 0.48047257343750005 0.8383023968750001 0.48047257343750005
2 0.7713338734375 0.4932284828125 0.7713338734375 0.542126134375 0.8526527937499999 0.542126134375 0.8526527937499999 0.4932284828125 0.7713338734375 0.4932284828125
2 0.73904548125 0.4953544671875 0.73904548125 0.5400001515625 0.7820966734375 0.5400001515625 0.7820966734375 0.4953544671875 0.73904548125 0.4953544671875
2 0.6804480234375 0.49110250000000005 0.6804480234375 0.5442521203124999 0.7486124125 0.5442521203124999 0.7486124125 0.49110250000000005 0.6804480234375 0.49110250000000005
2 0.6338092296875 0.5017324234375 0.6338092296875 0.550630075 0.6792521578125 0.550630075 0.6792521578125 0.5017324234375 0.6338092296875 0.5017324234375
4 0.8997699640624999 0.476220603125 0.8997699640624999 0.61440961875 0.9308624921875 0.61440961875 0.9308624921875 0.476220603125 0.8997699640624999 0.476220603125