4 0.71648620625 0.4656973578125 0.71648620625 0.5778235234375 0.735407496875 0.5778235234375 0.735407496875 0.4656973578125 0.71648620625 0.4656973578125
4 0.735407496875 0.46345483437499996 0.735407496875 0.5710959578125 0.755590209375 0.5710959578125 0.755590209375 0.46345483437499996 0.735407496875 0.46345483437499996
5 0.244715359375 0.4529897125 0.244715359375 0.67724205 0.3027406515625 0.67724205 0.3027406515625 0.4529897125 0.244715359375 0.4529897125
0 0.2497610359375 0.55689331875 0.2497610359375 0.7250825671875 0.3002178109375 0.7250825671875 0.3002178109375 0.55689331875 0.2497610359375 0.55689331875
2 0.38851716875000003 0.48588006874999995 0.38851716875000003 0.50157773125 0.40743845937499995 0.50157773125 0.40743845937499995 0.48588006874999995 0.38851716875000003 0.48588006874999995
2 0.384732909375 0.50606278125 0.384732909375 0.53745810625 0.4061770390625 0.53745810625 0.4061770390625 0.50606278125 0.384732909375 0.50606278125
2 0.3607659421875 0.47690997343749997 0.3607659421875 0.5621258640625 0.38725575 0.5621258640625 0.38725575 0.47690997343749997 0.3607659421875 0.47690997343749997
2 0.257329553125 0.479152496875 0.257329553125 0.6047338046874999 0.32796903906249997 0.6047338046874999 0.32796903906249997 0.479152496875 0.257329553125 0.479152496875
2 0.274989425 0.45224221875000004 0.274989425 0.5890361421875 0.369595875 0.5890361421875 0.369595875 0.45224221875000004 0.274989425 0.45224221875000004
2 0.050456774999999995 0.5000827046875 0.050456774999999995 0.720597521875 0.252283875 0.720597521875 0.252283875 0.5000827046875 0.050456774999999995 0.5000827046875
2 0 0.7990858375000001 0.092083615625 0.7990858375000001 0.092083615625 0.5232554687500001 0 0.5232554687500001 0 0.7990858375000001
2 0.4881692984375 0.49933520937500003 0.4881692984375 0.535215584375 0.4982606546875 0.535215584375 0.4982606546875 0.49933520937500003 0.4881692984375 0.49933520937500003
2 0.49699923281249997 0.4926076390625 0.49699923281249997 0.5553982937499999 0.51718194375 0.5553982937499999 0.51718194375 0.4926076390625 0.49699923281249997 0.4926076390625
2 0.508352009375 0.47690997343749997 0.508352009375 0.5823085703124999 0.5676387187499999 0.5823085703124999 0.5676387187499999 0.47690997343749997 0.508352009375 0.47690997343749997
6 0.47429368437499997 0.46793988124999997 0.47429368437499997 0.490365109375 0.49069213749999996 0.490365109375 0.49069213749999996 0.46793988124999997 0.47429368437499997 0.46793988124999997
2 0.38851716875000003 0.4754149484375 0.38851716875000003 0.645846721875 0.5020449124999999 0.645846721875 0.5020449124999999 0.4754149484375 0.38851716875000003 0.4754149484375
2 0.5377851406249999 0.4597172859375 0.5377851406249999 0.6548168140625 0.700508240625 0.6548168140625 0.700508240625 0.4597172859375 0.5377851406249999 0.4597172859375