2 0.033524754687500005 0.4296712921875 0.033524754687500005 0.5973816984375 0.1450140609375 0.5973816984375 0.1450140609375 0.4296712921875 0.033524754687500005 0.4296712921875
6 0.0428805015625 0.421355071875 0.0428805015625 0.46848031093750003 0.1036928484375 0.46848031093750003 0.1036928484375 0.421355071875 0.0428805015625 0.421355071875
2 0.5940898640625 0.47125238593749996 0.5940898640625 0.553028534375 0.6829694484375 0.553028534375 0.6829694484375 0.47125238593749996 0.5940898640625 0.47125238593749996
2 0.6837490953125 0.45600598281250004 0.6837490953125 0.551642496875 0.7890012343749999 0.551642496875 0.7890012343749999 0.45600598281250004 0.6837490953125 0.45600598281250004
2 0.66581725 0.46848031093750003 0.66581725 0.511447440625 0.690765903125 0.511447440625 0.690765903125 0.46848031093750003 0.66581725 0.46848031093750003
2 0.48883772187499996 0.4379875109375 0.48883772187499996 0.5849073703125 0.533277515625 0.5849073703125 0.533277515625 0.4379875109375 0.48883772187499996 0.4379875109375
2 0.53015893125 0.4740244578125 0.53015893125 0.5391681703125 0.5597854609375 0.5391681703125 0.5597854609375 0.4740244578125 0.53015893125 0.4740244578125
2 0.5605651078125 0.47679653125000004 0.5605651078125 0.5128334796875 0.5761580171875 0.5128334796875 0.5761580171875 0.47679653125000004 0.5605651078125 0.47679653125000004
2 0.695443778125 0.42274110781249996 0.695443778125 0.96052324375 0.99950551875 0.96052324375 0.99950551875 0.42274110781249996 0.695443778125 0.42274110781249996
2 0.06626986562500001 0.3783879453125 0.06626986562500001 0.9120119687500001 0.5551075875 0.9120119687500001 0.5551075875 0.3783879453125 0.06626986562500001 0.3783879453125
2 0.5933102171875 0.48927085625 0.5933102171875 0.5142195125 0.60812348125 0.5142195125 0.60812348125 0.48927085625 0.5933102171875 0.48927085625
2 0.5745987265625 0.4823406765625 0.5745987265625 0.505903296875 0.5823951796875 0.505903296875 0.5823951796875 0.4823406765625 0.5745987265625 0.4823406765625
2 0 0.57232251875 0.0746577453125 0.57232251875 0.0746577453125 0.44332754531249996 0 0.44332754531249996 0 0.57232251875
2 0.6951680546875 0.49448072343750005 0.6951680546875 0.6724048265625 0.8477935734375001 0.6724048265625 0.8477935734375001 0.49448072343750005 0.6951680546875 0.49448072343750005