2 0 0.5632223109375001 0.0887075140625 0.5632223109375001 0.0887075140625 0.2634147421875 0 0.2634147421875 0 0.5632223109375001
2 0.06433731718749999 0.3448653546875 0.06433731718749999 0.46964075781250003 0.157918871875 0.46964075781250003 0.157918871875 0.3448653546875 0.06433731718749999 0.3448653546875
2 0.161818103125 0.3569962953125 0.161818103125 0.447111865625 0.23882792187500002 0.447111865625 0.23882792187500002 0.3569962953125 0.161818103125 0.3569962953125
2 0.2281050359375 0.3708602296875 0.2281050359375 0.4349809234375 0.2719713890625 0.4349809234375 0.2719713890625 0.3708602296875 0.2281050359375 0.3708602296875
2 0.2612485015625 0.38645715625 0.2612485015625 0.42804895624999995 0.291467546875 0.42804895624999995 0.291467546875 0.38645715625 0.2612485015625 0.38645715625
2 0.3402079375 0.37432621250000003 0.3402079375 0.42284998125 0.3675025578125 0.42284998125 0.3675025578125 0.37432621250000003 0.3402079375 0.37432621250000003
2 0.368477365625 0.3812581796875 0.368477365625 0.414185021875 0.3840742921875 0.414185021875 0.3840742921875 0.3812581796875 0.368477365625 0.3812581796875
2 0.4172177578125 0.3847241625 0.4172177578125 0.414185021875 0.43866353125 0.414185021875 0.43866353125 0.3847241625 0.4172177578125 0.3847241625
2 0.5069000796875 0.3812581796875 0.5069000796875 0.44884485625000003 0.5322450828124999 0.44884485625000003 0.5322450828124999 0.3812581796875 0.5069000796875 0.3812581796875
2 0.5176229671875 0.3829911703125 0.5176229671875 0.45924280624999997 0.5585648953125 0.45924280624999997 0.5585648953125 0.3829911703125 0.5176229671875 0.3829911703125
2 0.5351695078125001 0.3812581796875 0.5351695078125001 0.462708790625 0.6092549046875 0.462708790625 0.6092549046875 0.3812581796875 0.5351695078125001 0.3812581796875
2 0.5858595156249999 0.3569962953125 0.5858595156249999 0.50949956875 0.67944106875 0.50949956875 0.67944106875 0.3569962953125 0.5858595156249999 0.3569962953125
2 0.6414235625 0.29460859375 0.6414235625 0.585751203125 0.914369759375 0.585751203125 0.914369759375 0.29460859375 0.6414235625 0.29460859375
2 0.282694275 0.3639282625 0.282694275 0.44364588125 0.34215755312499996 0.44364588125 0.34215755312499996 0.3639282625 0.282694275 0.3639282625
2 0.3850490984375 0.3673942453125 0.3850490984375 0.42804895624999995 0.41819256562499996 0.42804895624999995 0.41819256562499996 0.3673942453125 0.3850490984375 0.3673942453125
2 0.43086506875 0.3569962953125 0.43086506875 0.4783057171875 0.5088496953125 0.4783057171875 0.5088496953125 0.3569962953125 0.43086506875 0.3569962953125
2 0.8383347484374999 0.3708602296875 0.8383347484374999 0.6672018140625 0.99625361875 0.6672018140625 0.99625361875 0.3708602296875 0.8383347484374999 0.3708602296875