2 0.0007796468749999999 0.354825325 0.0007796468749999999 0.6181722453125 0.0974556875 0.6181722453125 0.0974556875 0.354825325 0.0007796468749999999 0.354825325
2 0.2183007359375 0.26642383125 0.2183007359375 0.35940395937499997 0.3035488171875 0.35940395937499997 0.3035488171875 0.26642383125 0.2183007359375 0.26642383125
2 0.325891815625 0.2633469203125 0.325891815625 0.3558278015625 0.40412828437500004 0.3558278015625 0.40412828437500004 0.2633469203125 0.325891815625 0.2633469203125
2 0.1364379609375 0.2772072828125 0.1364379609375 0.32156045 0.1964706640625 0.32156045 0.1964706640625 0.2772072828125 0.1364379609375 0.2772072828125
2 0.0686088046875 0.27443521249999997 0.0686088046875 0.3229464875 0.1270822140625 0.3229464875 0.1270822140625 0.27443521249999997 0.0686088046875 0.27443521249999997
2 0.20270782812500002 0.28136539374999997 0.20270782812500002 0.31740234218749996 0.2128432203125 0.31740234218749996 0.2128432203125 0.28136539374999997 0.20270782812500002 0.28136539374999997
2 0.31107855 0.2716631375 0.31107855 0.29106765 0.332128978125 0.29106765 0.332128978125 0.2716631375 0.31107855 0.2716631375
2 0.39138203437499997 0.2730491765625 0.39138203437499997 0.296611796875 0.4100935265625 0.296611796875 0.4100935265625 0.2730491765625 0.39138203437499997 0.2730491765625
2 0.5098881515625 0.28136539374999997 0.5098881515625 0.325718559375 0.53717574375 0.325718559375 0.53717574375 0.28136539374999997 0.5098881515625 0.28136539374999997
2 0.4061953 0.2633469203125 0.4061953 0.2827514296875 0.42022891875 0.2827514296875 0.42022891875 0.2633469203125 0.4061953 0.2633469203125
2 0.6993420046875001 0.2688910671875 0.6993420046875001 0.2966117953125 0.7367649875 0.2966117953125 0.7367649875 0.2688910671875 0.6993420046875001 0.2688910671875
2 0.7554764796875 0.23562619375 0.7554764796875 0.36175550625 0.9488285609375 0.36175550625 0.9488285609375 0.23562619375 0.7554764796875 0.23562619375
2 0.4217882109375 0.2522586296875 0.4217882109375 0.402317865625 0.5137599015625 0.402317865625 0.5137599015625 0.2522586296875 0.4217882109375 0.2522586296875