2 0.2915384921875 0.5512496140625001 0.2915384921875 0.5746870953125 0.30340371875 0.5746870953125 0.30340371875 0.5512496140625001 0.2915384921875 0.5512496140625001
2 0.2823099828125 0.558280859375 0.2823099828125 0.5770308453124999 0.296811925 0.5770308453124999 0.296811925 0.558280859375 0.2823099828125 0.558280859375
2 0.269126396875 0.558280859375 0.269126396875 0.58171834375 0.2862650578125 0.58171834375 0.2862650578125 0.558280859375 0.269126396875 0.558280859375
2 0.246714303125 0.532499625 0.246714303125 0.5840620921874999 0.27044475625 0.5840620921874999 0.27044475625 0.532499625 0.246714303125 0.532499625
2 0.02523008125 0.539530871875 0.02523008125 0.6614057890625 0.1504741359375 0.6614057890625 0.1504741359375 0.539530871875 0.02523008125 0.539530871875
2 0.47479031875000005 0.4973434015625 0.47479031875000005 0.558280859375 0.5828957124999999 0.558280859375 0.5828957124999999 0.4973434015625 0.47479031875000005 0.4973434015625
2 0.5288430171875 0.5020308953125 0.5288430171875 0.5746870953125 0.6039894484375 0.5746870953125 0.6039894484375 0.5020308953125 0.5288430171875 0.5020308953125
2 0.9164404062499999 0.4785934140625 0.9164404062499999 0.567655853125 0.9889501218750001 0.567655853125 0.9889501218750001 0.4785934140625 0.9164404062499999 0.4785934140625
6 0.584214071875 0.4387496921875 0.584214071875 0.6356245546875 0.952036084375 0.6356245546875 0.952036084375 0.4387496921875 0.584214071875 0.4387496921875
2 0.9836766875 0.492655903125 0.9836766875 0.5699996015625 0.9994969906250001 0.5699996015625 0.9994969906250001 0.492655903125 0.9836766875 0.492655903125
2 0 0.640312053125 0.0107281390625 0.640312053125 0.0107281390625 0.5653121062500001 0 0.5653121062500001 0 0.640312053125
2 0.134653834375 0.52546838125 0.134653834375 0.6731245312499999 0.2678080390625 0.6731245312499999 0.2678080390625 0.52546838125 0.134653834375 0.52546838125
2 0.30219043125 0.462708790625 0.30219043125 0.72265755 0.45815968749999997 0.72265755 0.45815968749999997 0.462708790625 0.30219043125 0.462708790625