2 0.3466524765625 0.20135589375000001 0.3466524765625 0.222711821875 0.3543749328125 0.222711821875 0.3543749328125 0.20135589375000001 0.3466524765625 0.20135589375000001
2 0.33120756406249996 0.18915250625 0.33120756406249996 0.222711821875 0.349226628125 0.222711821875 0.349226628125 0.18915250625 0.33120756406249996 0.18915250625
2 0.32520120937499997 0.20593216406249998 0.32520120937499997 0.2303389390625 0.3432202734375 0.2303389390625 0.3432202734375 0.20593216406249998 0.32520120937499997 0.20593216406249998
2 0.3157626515625 0.21050843593750002 0.3157626515625 0.245593175 0.33206561562500003 0.245593175 0.33206561562500003 0.21050843593750002 0.3157626515625 0.21050843593750002
2 0.3037499421875 0.218135553125 0.3037499421875 0.25016944375 0.32605926093750004 0.25016944375 0.32605926093750004 0.218135553125 0.3037499421875 0.218135553125
2 0.282298675 0.22423724531250003 0.282298675 0.25779656093750003 0.30632409374999997 0.25779656093750003 0.30632409374999997 0.22423724531250003 0.282298675 0.22423724531250003
2 0.24797664687499998 0.222711821875 0.24797664687499998 0.2837287578125 0.29259528437500004 0.2837287578125 0.29259528437500004 0.222711821875 0.24797664687499998 0.222711821875
2 0.2299575828125 0.25016944375 0.2299575828125 0.3050846875 0.2728601171875 0.3050846875 0.2728601171875 0.25016944375 0.2299575828125 0.25016944375
2 0.2145126703125 0.26237283125 0.2145126703125 0.3066101109375 0.25140885156250004 0.3066101109375 0.25140885156250004 0.26237283125 0.2145126703125 0.26237283125
2 0.1398622625 0.26237283125 0.1398622625 0.3783050109375 0.22137707812500002 0.3783050109375 0.22137707812500002 0.26237283125 0.1398622625 0.26237283125
2 0.2762923203125 0.25779656093750003 0.2762923203125 0.343220275 0.33893002031249997 0.343220275 0.33893002031249997 0.25779656093750003 0.2762923203125 0.25779656093750003
2 0.43760585 0.234915209375 0.43760585 0.28525418281250003 0.47450202968750005 0.28525418281250003 0.47450202968750005 0.234915209375 0.43760585 0.234915209375
2 0.4444702546875 0.2440677484375 0.4444702546875 0.3005084171875 0.49080499218750007 0.3005084171875 0.49080499218750007 0.2440677484375 0.4444702546875 0.2440677484375
2 0.45305076250000004 0.26389825624999996 0.45305076250000004 0.3294914625 0.497669396875 0.3294914625 0.497669396875 0.26389825624999996 0.45305076250000004 0.26389825624999996
2 0.45734101406249994 0.35389823593749997 0.45734101406249994 0.3554236609375 0.465921521875 0.3554236609375 0.465921521875 0.35389823593749997 0.45734101406249994 0.35389823593749997
2 0.458199065625 0.27457621875 0.458199065625 0.366101625 0.5191206640625 0.366101625 0.5191206640625 0.27457621875 0.458199065625 0.27457621875
2 0.1707520859375 0.3045762203125 0.1707520859375 0.44186433125 0.2934533328125 0.44186433125 0.2934533328125 0.3045762203125 0.1707520859375 0.3045762203125
2 0.46695119375000005 0.2806779109375 0.46695119375000005 0.40881348125 0.56219481875 0.40881348125 0.56219481875 0.2806779109375 0.46695119375000005 0.2806779109375
2 0.4231905953125 0.192203353125 0.4231905953125 0.234915209375 0.446357978125 0.234915209375 0.446357978125 0.192203353125 0.4231905953125 0.192203353125
2 0.3657011984375 0.21508470625 0.3657011984375 0.22423724531250003 0.3811461109375 0.22423724531250003 0.3811461109375 0.21508470625 0.3657011984375 0.21508470625