2 0.1506539671875 0.3204527359375 0.1506539671875 0.39575884375000003 0.18888100000000002 0.39575884375000003 0.18888100000000002 0.3204527359375 0.1506539671875 0.3204527359375
2 0.004977978125 0.31677926875 0.004977978125 0.39759557968750003 0.12999070625 0.39759557968750003 0.12999070625 0.31677926875 0.004977978125 0.31677926875
2 0.24673813125000002 0.32779967656250003 0.24673813125000002 0.39575884375000003 0.29426363125 0.39575884375000003 0.29426363125 0.32779967656250003 0.24673813125000002 0.32779967656250003
1 0.2818656734375 0.3241262078125 0.2818656734375 0.38106497500000003 0.3304243375 0.38106497500000003 0.3304243375 0.3241262078125 0.2818656734375 0.3241262078125
2 0.53085796875 0.32779967656250003 0.53085796875 0.381064971875 0.55978653125 0.381064971875 0.55978653125 0.32779967656250003 0.53085796875 0.32779967656250003
2 0.8232431109375 0.25616703749999997 0.8232431109375 0.3663710953125 0.9441231859375 0.3663710953125 0.9441231859375 0.25616703749999997 0.8232431109375 0.25616703749999997
2 0.787082403125 0.3204527359375 0.787082403125 0.36453436093749997 0.8242762734375001 0.36453436093749997 0.8242762734375001 0.3204527359375 0.787082403125 0.3204527359375
2 0.7323247609375 0.31677926875 0.7323247609375 0.3571874234375 0.7757176109375 0.3571874234375 0.7757176109375 0.31677926875 0.7323247609375 0.31677926875
2 0.6538043703125 0.3186160046875 0.6538043703125 0.37188129999999997 0.7157941515624999 0.37188129999999997 0.7157941515624999 0.3186160046875 0.6538043703125 0.3186160046875
2 0.5535875546875 0.26902417968750003 0.5535875546875 0.386575175 0.655870696875 0.386575175 0.655870696875 0.26902417968750003 0.5535875546875 0.26902417968750003
2 0.40067942343749996 0.16616705781250002 0.40067942343749996 0.41228945625 0.53395745625 0.41228945625 0.53395745625 0.16616705781250002 0.40067942343749996 0.16616705781250002