4 0.7993212046875 0.26070359062500004 0.7993212046875 0.42820559375 0.8361355937500001 0.42820559375 0.8361355937500001 0.26070359062500004 0.7993212046875 0.26070359062500004
4 0.61705329375 0.2936435296875 0.61705329375 0.35465419374999996 0.6301567203125 0.35465419374999996 0.6301567203125 0.2936435296875 0.61705329375 0.2936435296875
4 0.628908775 0.29142496093750003 0.628908775 0.34688920156249997 0.636396446875 0.34688920156249997 0.636396446875 0.29142496093750003 0.628908775 0.29142496093750003
4 0.7605670124999999 0.279222828125 0.7605670124999999 0.387559528125 0.7830300296875 0.387559528125 0.7830300296875 0.279222828125 0.7605670124999999 0.279222828125
2 0.3712971890625 0.2906326203125 0.3712971890625 0.32834830625 0.4056156875 0.32834830625 0.4056156875 0.2906326203125 0.3712971890625 0.2906326203125
2 0.338583171875 0.2773212046875 0.338583171875 0.3405504375 0.3810133140625 0.3405504375 0.3810133140625 0.2773212046875 0.338583171875 0.2773212046875
2 0.23063589687500002 0.25180765312500003 0.23063589687500002 0.40821681249999997 0.3005208390625 0.40821681249999997 0.3005208390625 0.25180765312500003 0.23063589687500002 0.25180765312500003
2 0.047187925 0.2029991234375 0.047187925 0.467008903125 0.26994617656250003 0.467008903125 0.26994617656250003 0.2029991234375 0.047187925 0.2029991234375
2 0.0009359593750000001 0.2961790390625 0.0009359593750000001 0.4769924671875 0.0946098515625 0.4769924671875 0.0946098515625 0.2961790390625 0.0009359593750000001 0.2961790390625
2 0.53745219375 0.27272559375 0.53745219375 0.3625776578125 0.6079611078125 0.3625776578125 0.6079611078125 0.27272559375 0.53745219375 0.27272559375
1 0.46284289218749997 0.26844692812500004 0.46284289218749997 0.31947402812500003 0.48093810000000004 0.31947402812500003 0.48093810000000004 0.26844692812500004 0.46284289218749997 0.26844692812500004
1 0.48530590937499996 0.252916940625 0.48530590937499996 0.3361133 0.527736053125 0.3361133 0.527736053125 0.252916940625 0.48530590937499996 0.252916940625
2 0.474698375 0.288414053125 0.474698375 0.32723901718750004 0.4878018 0.32723901718750004 0.4878018 0.288414053125 0.474698375 0.288414053125
2 0.512760709375 0.288414053125 0.512760709375 0.34609686093750003 0.547703178125 0.34609686093750003 0.547703178125 0.288414053125 0.512760709375 0.288414053125