2 0.7408539625 0.0866495859375 0.7408539625 0.10397950625 0.7554760796875 0.10397950625 0.7554760796875 0.0866495859375 0.7408539625 0.0866495859375
2 0.711609728125 0.10917847968750001 0.711609728125 0.1698331890625 0.738904346875 0.1698331890625 0.738904346875 0.10917847968750001 0.711609728125 0.10917847968750001
2 0.696987609375 0.0970475359375 0.696987609375 0.12304241093749999 0.712584534375 0.12304241093749999 0.712584534375 0.0970475359375 0.696987609375 0.0970475359375
2 0.6813906843749999 0.09531454375000001 0.6813906843749999 0.12304241093749999 0.7028364578125 0.12304241093749999 0.7028364578125 0.09531454375000001 0.6813906843749999 0.09531454375000001
2 0.6589701031249999 0.10224651250000001 0.6589701031249999 0.13517335156250002 0.6911387625 0.13517335156250002 0.6911387625 0.10224651250000001 0.6589701031249999 0.10224651250000001
2 0.5254214296875 0.15077028125 0.5254214296875 0.185430115625 0.55369085625 0.185430115625 0.55369085625 0.15077028125 0.5254214296875 0.15077028125
2 0.48837873125 0.1386393390625 0.48837873125 0.20449302343750003 0.5156733499999999 0.20449302343750003 0.5156733499999999 0.1386393390625 0.48837873125 0.1386393390625
2 0.43768872343750004 0.15250327187499998 0.43768872343750004 0.1767651546875 0.4581596890625 0.1767651546875 0.4581596890625 0.15250327187499998 0.43768872343750004 0.15250327187499998
2 0.38602390625 0.159435240625 0.38602390625 0.1802311390625 0.41234372031250005 0.1802311390625 0.41234372031250005 0.159435240625 0.38602390625 0.159435240625
2 0.45426045625 0.14557130625 0.45426045625 0.21835695624999998 0.4971520015625 0.21835695624999998 0.4971520015625 0.14557130625 0.45426045625 0.14557130625
2 0.72135780625 0.09531454375000001 0.72135780625 0.2096919984375 0.7925187796875 0.2096919984375 0.7925187796875 0.09531454375000001 0.72135780625 0.09531454375000001
6 0.29926600937500003 0.1386393390625 0.29926600937500003 0.24435183437500002 0.3918727546875 0.24435183437500002 0.3918727546875 0.1386393390625 0.29926600937500003 0.1386393390625
2 0.2017852234375 0.1698331890625 0.2017852234375 0.24955080624999998 0.288543121875 0.24955080624999998 0.288543121875 0.1698331890625 0.2017852234375 0.1698331890625
2 0.0019623 0.1646342140625 0.0019623 0.2911426109375 0.165717334375 0.2911426109375 0.165717334375 0.1646342140625 0.0019623 0.1646342140625
2 0 0.2859436359375 0.03801750625 0.2859436359375 0.03801750625 0.162901221875 0 0.162901221875 0 0.2859436359375