2 0.3150794296875 0.30048391093750004 0.3150794296875 0.31001012031249997 0.32656191562500003 0.31001012031249997 0.32656191562500003 0.30048391093750004 0.3150794296875 0.30048391093750004
2 0.333451409375 0.305927459375 0.333451409375 0.312731896875 0.343402896875 0.312731896875 0.343402896875 0.305927459375 0.333451409375 0.305927459375
2 0.328092915625 0.311371009375 0.328092915625 0.32225810625 0.3418718984375 0.32225810625 0.3418718984375 0.311371009375 0.328092915625 0.311371009375
2 0.316610428125 0.310010121875 0.316610428125 0.320897221875 0.3296239140625 0.320897221875 0.3296239140625 0.310010121875 0.316610428125 0.310010121875
2 0.3020659453125 0.307288346875 0.3020659453125 0.31953633593749997 0.3158449296875 0.31953633593749997 0.3158449296875 0.307288346875 0.3020659453125 0.307288346875
2 0.312017434375 0.3208972203125 0.312017434375 0.3494758515625 0.3388099015625 0.3494758515625 0.3388099015625 0.3208972203125 0.312017434375 0.3208972203125
2 0.280631971875 0.3140927828125 0.280631971875 0.33450609375 0.31278293125 0.33450609375 0.31278293125 0.3140927828125 0.280631971875 0.3140927828125
2 0.2607289953125 0.33042343125 0.2607289953125 0.39846779374999997 0.3219689234375 0.39846779374999997 0.3219689234375 0.33042343125 0.2607289953125 0.33042343125
2 0.18280118437499998 0.29504036718750004 0.18280118437499998 0.46923393593749996 0.2853780640625 0.46923393593749996 0.2853780640625 0.29504036718750004 0.18280118437499998 0.29504036718750004
2 0.399590525 0.3127318953125 0.399590525 0.338588753125 0.47767143437500004 0.338588753125 0.47767143437500004 0.3127318953125 0.399590525 0.3127318953125
2 0.3414125953125 0.3113710078125 0.3414125953125 0.32906254218750003 0.3972940296875 0.32906254218750003 0.3972940296875 0.3113710078125 0.3414125953125 0.3113710078125
2 0.55192484375 0.3343246375 0.55192484375 0.35337705937499997 0.6154612703125 0.35337705937499997 0.6154612703125 0.3343246375 0.55192484375 0.3343246375
2 0.567234825 0.341129071875 0.567234825 0.3560988328125 0.6437847328124999 0.3560988328125 0.6437847328124999 0.341129071875 0.567234825 0.341129071875
2 0.577186315625 0.34929439375000004 0.577186315625 0.36562504218749997 0.6514397265625 0.36562504218749997 0.6514397265625 0.34929439375000004 0.577186315625 0.34929439375000004
2 0.5879033015624999 0.341129071875 0.5879033015624999 0.4132561 0.6912456796875001 0.4132561 0.6912456796875001 0.341129071875 0.5879033015624999 0.341129071875
6 0.0654926890625 0.16136436875 0.0654926890625 0.3137837421875 0.2522744671875 0.3137837421875 0.2522744671875 0.16136436875 0.0654926890625 0.16136436875
2 0.235773696875 0.32467084375 0.235773696875 0.7860116296874999 0.6537362 0.7860116296874999 0.6537362 0.32467084375 0.235773696875 0.32467084375
2 0 0.62814870625 0.22582220937500003 0.62814870625 0.22582220937500003 0.1368683984375 0 0.1368683984375 0 0.62814870625