4 0.41287330781250003 0.55179915625 0.41287330781250003 0.6003852453125 0.4255620859375 0.6003852453125 0.4255620859375 0.55179915625 0.41287330781250003 0.55179915625
2 0.43629874375 0.5448582875 0.43629874375 0.5986500296874999 0.462652359375 0.5986500296874999 0.462652359375 0.5448582875 0.43629874375 0.5448582875
2 0.41092118749999995 0.55179915625 0.41092118749999995 0.5882387234374999 0.4353226828125 0.5882387234374999 0.4353226828125 0.55179915625 0.41092118749999995 0.55179915625
2 0.3923760515625 0.55179915625 0.3923760515625 0.60385568125 0.41970572656250005 0.60385568125 0.41970572656250005 0.55179915625 0.3923760515625 0.55179915625
2 0.47826931562499997 0.5153595906249999 0.47826931562499997 0.5379174171875001 0.5426892640625 0.5379174171875001 0.5426892640625 0.5153595906249999 0.47826931562499997 0.5153595906249999
2 0.33186034375 0.52056524375 0.33186034375 0.6385600296875 0.401160590625 0.6385600296875 0.401160590625 0.52056524375 0.33186034375 0.52056524375
2 0.34552517968749996 0.5535343734375 0.34552517968749996 0.642030465625 0.377735153125 0.642030465625 0.377735153125 0.5535343734375 0.34552517968749996 0.5535343734375
2 0.2527994953125 0.524035678125 0.2527994953125 0.6819404671875 0.362118196875 0.6819404671875 0.362118196875 0.524035678125 0.2527994953125 0.524035678125
2 0.14836109375 0.5465935046875 0.14836109375 0.746143515625 0.315267325 0.746143515625 0.315267325 0.5465935046875 0.14836109375 0.5465935046875
2 0.43727480312499994 0.539652634375 0.43727480312499994 0.7322617765625 0.57934018125 0.7322617765625 0.57934018125 0.539652634375 0.43727480312499994 0.539652634375
2 0.674457340625 0.50841871875 0.674457340625 0.8051409078124999 0.9945464375 0.8051409078124999 0.9945464375 0.50841871875 0.674457340625 0.50841871875
2 0 0.92660613125 0.2137571015625 0.92660613125 0.2137571015625 0.524035678125 0 0.524035678125 0 0.92660613125