2 0.19472298906250002 0.46543543437499996 0.19472298906250002 0.49287607031249997 0.21846969375 0.49287607031249997 0.21846969375 0.46543543437499996 0.19472298906250002 0.46543543437499996
2 0.220844365625 0.4633246171875 0.220844365625 0.4907652515625 0.2410290640625 0.4907652515625 0.2410290640625 0.4633246171875 0.220844365625 0.4633246171875
2 0.2410290640625 0.46543543437499996 0.2410290640625 0.49920852812499994 0.25646442343750003 0.49920852812499994 0.25646442343750003 0.46543543437499996 0.2410290640625 0.46543543437499996
2 0.24815307656250002 0.4633246171875 0.24815307656250002 0.5097626203125001 0.2683377765625 0.5097626203125001 0.2683377765625 0.4633246171875 0.24815307656250002 0.4633246171875
2 0.25591542500000003 0.46543543437499996 0.25591542500000003 0.5297954234375 0.30633250625 0.5297954234375 0.30633250625 0.46543543437499996 0.25591542500000003 0.46543543437499996
2 0.1626649359375 0.46543543437499996 0.1626649359375 0.488654434375 0.1757256234375 0.488654434375 0.1757256234375 0.46543543437499996 0.1626649359375 0.46543543437499996
2 0.1412929 0.4633246171875 0.1412929 0.49709770937500003 0.1602902640625 0.49709770937500003 0.1602902640625 0.4633246171875 0.1412929 0.4633246171875
2 0.02968338125 0.44643806875000003 0.02968338125 0.5404253484375 0.08968998593750001 0.5404253484375 0.08968998593750001 0.44643806875000003 0.02968338125 0.44643806875000003
2 0 0.5604222578125 0.059366765625 0.5604222578125 0.059366765625 0.437994796875 0 0.437994796875 0 0.5604222578125
2 0.8148088453125 0.49868082343750003 0.8148088453125 0.6759895609375 0.998845815625 0.6759895609375 0.998845815625 0.49868082343750003 0.8148088453125 0.49868082343750003
2 0.1757256234375 0.4650836375 0.1757256234375 0.4925242734375 0.19591032343749998 0.4925242734375 0.19591032343749998 0.4650836375 0.1757256234375 0.4650836375
2 0.2928760453125 0.454529546875 0.2928760453125 0.5734389828124999 0.38786286875 0.5734389828124999 0.38786286875 0.454529546875 0.2928760453125 0.454529546875
6 0.07836413125 0.4200528421875 0.07836413125 0.5192613015624999 0.1424802359375 0.5192613015624999 0.1424802359375 0.4200528421875 0.07836413125 0.4200528421875
2 0.452374746875 0.4610027375 0.452374746875 0.4736676453125 0.509366840625 0.4736676453125 0.509366840625 0.4610027375 0.452374746875 0.4610027375
4 0.7773132078125 0.4596379234375 0.7773132078125 0.58294504375 0.8012305359375 0.58294504375 0.8012305359375 0.4596379234375 0.7773132078125 0.4596379234375