4 0.46731951406250005 0.4740244578125 0.46731951406250005 0.487884821875 0.4712177421875 0.487884821875 0.4712177421875 0.4740244578125 0.46731951406250005 0.4740244578125
2 0.561344753125 0.4657082390625 0.561344753125 0.4975870765625 0.5769376609375 0.4975870765625 0.5769376609375 0.4657082390625 0.561344753125 0.4657082390625
2 0.673613703125 0.4573920203125 0.673613703125 0.49897311406249995 0.729748178125 0.49897311406249995 0.729748178125 0.4573920203125 0.673613703125 0.4573920203125
2 0.289560334375 0.41303885625000003 0.289560334375 0.43660146875 0.30203465937499996 0.43660146875 0.30203465937499996 0.41303885625000003 0.289560334375 0.41303885625000003
2 0.272408134375 0.41303885625000003 0.272408134375 0.435215434375 0.286441753125 0.435215434375 0.286441753125 0.41303885625000003 0.272408134375 0.41303885625000003
2 0.2521373515625 0.4171969640625 0.2521373515625 0.43244336875 0.269289553125 0.43244336875 0.269289553125 0.4171969640625 0.2521373515625 0.4171969640625
2 0.2373240875 0.41303885625000003 0.2373240875 0.4296712875 0.252916996875 0.4296712875 0.252916996875 0.41303885625000003 0.2373240875 0.41303885625000003
2 0.20379933125 0.41026678125 0.20379933125 0.43382940156250005 0.22952763125 0.43382940156250005 0.22952763125 0.41026678125 0.20379933125 0.41026678125
2 0.1461055640625 0.40195056406249996 0.1461055640625 0.44075958281250005 0.18430819375000002 0.44075958281250005 0.18430819375000002 0.40195056406249996 0.1461055640625 0.40195056406249996
2 0.08295428125 0.41026678125 0.08295428125 0.44353165937499994 0.10868258125000001 0.44353165937499994 0.10868258125000001 0.41026678125 0.08295428125 0.41026678125
2 0.031497678125 0.40610867187500005 0.031497678125 0.4366014734375 0.046310942187499995 0.4366014734375 0.046310942187499995 0.40610867187500005 0.031497678125 0.40610867187500005
2 0.0010915031250000001 0.39502038125 0.0010915031250000001 0.4476897609375 0.0338366109375 0.4476897609375 0.0338366109375 0.39502038125 0.0010915031250000001 0.39502038125
2 0.10837072343750001 0.41165281875000004 0.10837072343750001 0.43382940156250005 0.132539734375 0.43382940156250005 0.132539734375 0.41165281875000004 0.10837072343750001 0.41165281875000004