2 0.5103037765625 0.4668748359375 0.5103037765625 0.496874828125 0.5282334578125 0.496874828125 0.5282334578125 0.4668748359375 0.5103037765625 0.4668748359375
2 0.4949359078125 0.46839295312499996 0.4949359078125 0.5002679421875 0.5128655890625 0.5002679421875 0.5128655890625 0.46839295312499996 0.4949359078125 0.46839295312499996
2 0.4654046671875 0.45901795625 0.4654046671875 0.5115179390625 0.49704527968749995 0.5115179390625 0.49704527968749995 0.45901795625 0.4654046671875 0.45901795625
2 0.5318499578125 0.45901795625 0.5318499578125 0.50026794375 0.5571624468749999 0.50026794375 0.5571624468749999 0.45901795625 0.5318499578125 0.45901795625
2 0.5550530734375 0.4646429546875 0.5550530734375 0.49464294375 0.5698186921875 0.49464294375 0.5698186921875 0.4646429546875 0.5550530734375 0.4646429546875
2 0.5677093171875 0.45714295624999995 0.5677093171875 0.504017940625 0.6014593078125 0.504017940625 0.6014593078125 0.45714295624999995 0.5677093171875 0.45714295624999995
2 0.37259220000000004 0.43089296718750003 0.37259220000000004 0.552767921875 0.45907654375 0.552767921875 0.45907654375 0.43089296718750003 0.37259220000000004 0.43089296718750003
2 0.36099064062499997 0.48714294531249996 0.36099064062499997 0.517142934375 0.3757562609375 0.517142934375 0.3757562609375 0.48714294531249996 0.36099064062499997 0.48714294531249996
2 0.3251312796875 0.483392946875 0.3251312796875 0.52464293125 0.348334396875 0.52464293125 0.348334396875 0.483392946875 0.3251312796875 0.483392946875
2 0.3483343953125 0.48151794687500005 0.3483343953125 0.5152679359375 0.365209390625 0.5152679359375 0.365209390625 0.48151794687500005 0.3483343953125 0.48151794687500005
2 0.1922407 0.47589295 0.1922407 0.552767921875 0.2544672421875 0.552767921875 0.2544672421875 0.47589295 0.1922407 0.47589295
2 0.112084478125 0.49089294375000003 0.112084478125 0.573392915625 0.1922407 0.573392915625 0.1922407 0.49089294375000003 0.112084478125 0.49089294375000003
2 0.6167043296875 0.3277680015625 0.6167043296875 0.629642896875 0.800219890625 0.629642896875 0.800219890625 0.3277680015625 0.6167043296875 0.3277680015625
2 0.79072770625 0.438392965625 0.79072770625 0.629642896875 0.9542042109375 0.629642896875 0.9542042109375 0.438392965625 0.79072770625 0.438392965625
2 0.9183448484375001 0.44572251406249996 0.9183448484375001 0.6725974328125 0.9985010703125001 0.6725974328125 0.9985010703125001 0.44572251406249996 0.9183448484375001 0.44572251406249996
4 0.8275075281250001 0.44999984375 0.8275075281250001 0.6487497734375001 0.9044996890625001 0.6487497734375001 0.9044996890625001 0.44999984375 0.8275075281250001 0.44999984375
4 0.6872341421875 0.4199998515625 0.6872341421875 0.6468747734375 0.758952865625 0.6468747734375 0.758952865625 0.4199998515625 0.6872341421875 0.4199998515625
4 0.6418825953125 0.3806248671875 0.6418825953125 0.66374976875 0.6882888281249999 0.66374976875 0.6882888281249999 0.3806248671875 0.6418825953125 0.3806248671875
4 0.6070779187500001 0.44249984375 0.6070779187500001 0.5062498203125 0.6207888515625 0.5062498203125 0.6207888515625 0.44249984375 0.6070779187500001 0.44249984375