2 0.56148931875 0.564955303125 0.56148931875 0.5996151375000001 0.5839099 0.5996151375000001 0.5839099 0.564955303125 0.56148931875 0.564955303125
2 0.540043546875 0.5684212859375 0.540043546875 0.6134790703124999 0.5595397046875 0.6134790703124999 0.5595397046875 0.5684212859375 0.540043546875 0.5684212859375
2 0.75157685 0.542426409375 0.75157685 0.66893480625 0.8324859 0.66893480625 0.8324859 0.542426409375 0.75157685 0.542426409375
2 0.44353756874999994 0.564955303125 0.44353756874999994 0.5961491546875 0.47278180625 0.5961491546875 0.47278180625 0.564955303125 0.44353756874999994 0.564955303125
2 0.41136891093749994 0.5684212859375 0.41136891093749994 0.6065471046875001 0.4493864171875 0.6065471046875001 0.4493864171875 0.5684212859375 0.41136891093749994 0.5684212859375
2 0.4055200640625 0.56668829375 0.4055200640625 0.5909501796875001 0.4240414140625 0.5909501796875001 0.4240414140625 0.56668829375 0.4055200640625 0.56668829375
2 0.400646025 0.5788192359375001 0.400646025 0.6152120625 0.4152681421875 0.6152120625 0.4152681421875 0.5788192359375001 0.400646025 0.5788192359375001
2 0.3450819765625 0.559756328125 0.3450819765625 0.6169450546874999 0.40357044843749995 0.6169450546874999 0.40357044843749995 0.559756328125 0.3450819765625 0.559756328125
2 0.3333842828125 0.5788192359375001 0.3333842828125 0.6273430046875 0.35093082343750004 0.6273430046875 0.35093082343750004 0.5788192359375001 0.3333842828125 0.5788192359375001
2 0.27099658125000003 0.5788192359375001 0.27099658125000003 0.6342749734375001 0.3402079375 0.6342749734375001 0.3402079375 0.5788192359375001 0.27099658125000003 0.5788192359375001
2 0.0038992312500000003 0.56668829375 0.0038992312500000003 0.6412069390624999 0.0906571296875 0.6412069390624999 0.0906571296875 0.56668829375 0.0038992312500000003 0.56668829375
2 0 0.7105266078125 0.203734840625 0.7105266078125 0.203734840625 0.5718872687500001 0 0.5718872687500001 0 0.7105266078125
2 0.62192740625 0.526829484375 0.62192740625 0.738254475 0.7778966609375 0.738254475 0.7778966609375 0.526829484375 0.62192740625 0.526829484375
2 0.5761114375 0.5684212859375 0.5761114375 0.6134790703124999 0.6121793265625 0.6134790703124999 0.6121793265625 0.5684212859375 0.5761114375 0.5684212859375
2 0.460109303125 0.542426409375 0.460109303125 0.6966626734375 0.555640471875 0.6966626734375 0.555640471875 0.542426409375 0.460109303125 0.542426409375
2 0.09163193750000001 0.5528243609375 0.09163193750000001 0.6065471046875001 0.1988608 0.6065471046875001 0.1988608 0.5528243609375 0.09163193750000001 0.5528243609375