2 0.1813418609375 0.6196224625 0.1813418609375 0.6338479687499999 0.193344634375 0.6338479687499999 0.193344634375 0.6196224625 0.1813418609375 0.6196224625
2 0.1645379796875 0.6196224625 0.1645379796875 0.638115621875 0.1789413078125 0.638115621875 0.1789413078125 0.6196224625 0.1645379796875 0.6196224625
2 0.1493344703125 0.6210450140625 0.1493344703125 0.6395381734375001 0.1637377953125 0.6395381734375001 0.1637377953125 0.6210450140625 0.1493344703125 0.6210450140625
2 0.1365315140625 0.6210450140625 0.1365315140625 0.6352705203125 0.1493344703125 0.6352705203125 0.1493344703125 0.6210450140625 0.1365315140625 0.6210450140625
2 0.1261291125 0.6210450140625 0.1261291125 0.636693071875 0.13893206875 0.636693071875 0.13893206875 0.6210450140625 0.1261291125 0.6210450140625
2 0.11332615625 0.6267352140625 0.11332615625 0.643805821875 0.12452874218750001 0.643805821875 0.12452874218750001 0.6267352140625 0.11332615625 0.6267352140625
2 0.0733169171875 0.615354809375 0.0733169171875 0.6494960265625 0.10372393906249999 0.6494960265625 0.10372393906249999 0.615354809375 0.0733169171875 0.615354809375
2 0 0.6921725484375 0.066915440625 0.6921725484375 0.066915440625 0.5684106375 0 0.5684106375 0 0.6921725484375
2 0.21174888125 0.5925939984374999 0.21174888125 0.643805821875 0.260560153125 0.643805821875 0.260560153125 0.5925939984374999 0.21174888125 0.5925939984374999
2 0.2605601546875 0.589748896875 0.2605601546875 0.650918578125 0.3245749359375 0.650918578125 0.3245749359375 0.589748896875 0.2605601546875 0.589748896875
4 0.7673771953124999 0.524921209375 0.7673771953124999 0.67002138125 0.796183846875 0.67002138125 0.796183846875 0.524921209375 0.7673771953124999 0.524921209375
4 0.74977313125 0.5149633546875 0.74977313125 0.6842468890625 0.7777795984375 0.6842468890625 0.7777795984375 0.5149633546875 0.74977313125 0.5149633546875
2 0.19030373750000001 0.5982999546875 0.19030373750000001 0.642100653125 0.21670147812499999 0.642100653125 0.21670147812499999 0.5982999546875 0.19030373750000001 0.5982999546875