4 0.25792340625 0.2978671 0.25792340625 0.3469192 0.2711194890625 0.3469192 0.2711194890625 0.2978671 0.25792340625 0.2978671
2 0.029991093749999996 0.2545021984375 0.029991093749999996 0.2672984015625 0.0455864625 0.2672984015625 0.0455864625 0.2545021984375 0.029991093749999996 0.2545021984375
2 0.03239038125 0.2630329984375 0.03239038125 0.2758291984375 0.052784325 0.2758291984375 0.052784325 0.2630329984375 0.03239038125 0.2630329984375
2 0.0191943 0.2587675984375 0.0191943 0.2672983953125 0.034789671875 0.2672983953125 0.034789671875 0.2587675984375 0.0191943 0.2587675984375
2 0.01559536875 0.2630329984375 0.01559536875 0.2758291984375 0.0311907375 0.2758291984375 0.0311907375 0.2630329984375 0.01559536875 0.2630329984375
2 0.033590025 0.2715637984375 0.033590025 0.2928907984375 0.0479857515625 0.2928907984375 0.0479857515625 0.2715637984375 0.033590025 0.2715637984375
2 0 0.2779618953125 0.020393943749999997 0.2779618953125 0.020393943749999997 0.2587675984375 0 0.2587675984375 0 0.2779618953125
2 0 0.334782775 0.039704351562500004 0.334782775 0.039704351562500004 0.2715637984375 0 0.2715637984375 0 0.334782775
2 0.2639216265625 0.29786710156249996 0.2639216265625 0.45781960312500003 0.3730892078125 0.45781960312500003 0.3730892078125 0.29786710156249996 0.2639216265625 0.29786710156249996
2 0.31070773125 0.3383884015625 0.31070773125 0.553791103125 0.5050500203125 0.553791103125 0.5050500203125 0.3383884015625 0.31070773125 0.3383884015625
2 0.48905477656249996 0.4109002125 0.48905477656249996 0.7094782140625 0.9989033718749999 0.7094782140625 0.9989033718749999 0.4109002125 0.48905477656249996 0.4109002125
2 0 0.55165840625 0.28431556874999997 0.55165840625 0.28431556874999997 0.2210899015625 0 0.2210899015625 0 0.55165840625