2 0.8452490484374999 0.567187109375 0.8452490484374999 0.6093745796875 0.8874365187500001 0.6093745796875 0.8874365187500001 0.567187109375 0.8452490484374999 0.567187109375
2 0.870297859375 0.53671838125 0.870297859375 0.6703120375 0.999976965625 0.6703120375 0.999976965625 0.53671838125 0.870297859375 0.53671838125
2 0.780649484375 0.57187460625 0.780649484375 0.6328120640625 0.8373388984375 0.6328120640625 0.8373388984375 0.57187460625 0.780649484375 0.57187460625
2 0.5789406390625 0.5390621296875 0.5789406390625 0.6328120671875 0.685727675 0.6328120671875 0.685727675 0.5390621296875 0.5789406390625 0.5390621296875
2 0.6910011078125 0.5578121171875 0.6910011078125 0.6093745796875 0.72000499375 0.6093745796875 0.72000499375 0.5578121171875 0.6910011078125 0.5578121171875
2 0.342954471875 0.546093375 0.342954471875 0.567187109375 0.357456415625 0.567187109375 0.357456415625 0.546093375 0.342954471875 0.546093375
2 0.3231790953125 0.5437496265624999 0.3231790953125 0.57890585 0.34559118906249997 0.57890585 0.34559118906249997 0.5437496265624999 0.3231790953125 0.5437496265624999
2 0.3113138703125 0.5507808703125 0.3113138703125 0.567187109375 0.3218607359375 0.567187109375 0.3218607359375 0.5507808703125 0.3113138703125 0.5507808703125
6 0.2915384921875 0.5390621296875 0.2915384921875 0.5648433625 0.3099955109375 0.5648433625 0.3099955109375 0.5390621296875 0.2915384921875 0.5390621296875
2 0.2783549078125 0.5437496265624999 0.2783549078125 0.5624996125 0.2889017734375 0.5624996125 0.2889017734375 0.5437496265624999 0.2783549078125 0.5437496265624999
2 0.257261171875 0.5390621296875 0.257261171875 0.5578121171875 0.2678080390625 0.5578121171875 0.2678080390625 0.5390621296875 0.257261171875 0.5390621296875
2 0.2440775859375 0.5437496265624999 0.2440775859375 0.567187109375 0.25857952968750003 0.567187109375 0.25857952968750003 0.5437496265624999 0.2440775859375 0.5437496265624999
2 0.22166549375 0.5414058796875 0.22166549375 0.5671871109375 0.2401225125 0.5671871109375 0.2401225125 0.5414058796875 0.22166549375 0.5414058796875
2 0.21243698281249998 0.5390621296875 0.21243698281249998 0.5695308578125 0.2243022109375 0.5695308578125 0.2243022109375 0.5390621296875 0.21243698281249998 0.5390621296875
2 0.197935040625 0.5437496265624999 0.197935040625 0.5624996125 0.20980026718749997 0.5624996125 0.20980026718749997 0.5437496265624999 0.197935040625 0.5437496265624999
2 0.15574756875 0.5296871359375 0.15574756875 0.5789058515625001 0.2005717578125 0.5789058515625001 0.2005717578125 0.5296871359375 0.15574756875 0.5296871359375
2 0.11619681562499999 0.5249996390625 0.11619681562499999 0.604687084375 0.1544292109375 0.604687084375 0.1544292109375 0.5249996390625 0.11619681562499999 0.5249996390625
6 0.00018127187500000002 0.367968496875 0.00018127187500000002 0.6421870578125 0.11619681562499999 0.6421870578125 0.11619681562499999 0.367968496875 0.00018127187500000002 0.367968496875
4 0.42469269687500005 0.541184215625 0.42469269687500005 0.59062459375 0.43128448906249994 0.59062459375 0.43128448906249994 0.541184215625 0.42469269687500005 0.541184215625
2 0.3996438859375 0.5390621296875 0.3996438859375 0.5882808453124999 0.42864777187499997 0.5882808453124999 0.42864777187499997 0.5390621296875 0.3996438859375 0.5390621296875