2 0.2937943609375 0.4913573609375 0.2937943609375 0.5351073562499999 0.3351029484375 0.5351073562499999 0.3351029484375 0.4913573609375 0.2937943609375 0.4913573609375
2 0.21908733749999998 0.47260736249999996 0.21908733749999998 0.592919846875 0.33334513593750004 0.592919846875 0.33334513593750004 0.47260736249999996 0.21908733749999998 0.47260736249999996
2 0.11098188281250002 0.4710448625 0.11098188281250002 0.6460448421875 0.254243584375 0.6460448421875 0.254243584375 0.4710448625 0.11098188281250002 0.4710448625
2 0.000239709375 0.4960448609375 0.000239709375 0.7819823234375 0.0881303234375 0.7819823234375 0.0881303234375 0.4960448609375 0.000239709375 0.4960448609375
2 0.3869584109375 0.49760736093749997 0.3869584109375 0.52104485625 0.40014200312500003 0.52104485625 0.40014200312500003 0.49760736093749997 0.3869584109375 0.49760736093749997
2 0.395747471875 0.5022948609375 0.395747471875 0.53823235625 0.41859903281250005 0.53823235625 0.41859903281250005 0.5022948609375 0.395747471875 0.5022948609375
2 0.42035684375000004 0.49291986093749995 0.42035684375000004 0.56948235 0.47045449375 0.56948235 0.47045449375 0.49291986093749995 0.42035684375000004 0.49291986093749995
2 0.4581498078125 0.4944823609375 0.4581498078125 0.62260734375 0.568013075 0.62260734375 0.568013075 0.4944823609375 0.4581498078125 0.4944823609375
2 0.5732865125 0.4694823625 0.5732865125 0.8663573140624999 0.888813815625 0.8663573140624999 0.888813815625 0.4694823625 0.5732865125 0.4694823625
2 0.800317240625 0.41010737031250005 0.800317240625 0.953857303125 0.9986770843749999 0.953857303125 0.9986770843749999 0.41010737031250005 0.800317240625 0.41010737031250005
2 0.3372835140625 0.49216965 0.3372835140625 0.52509649375 0.35775447968749996 0.52509649375 0.35775447968749996 0.49216965 0.3372835140625 0.49216965