2 0.047819609375 0.5406803859375 0.047819609375 0.85182664375 0.3262388296875 0.85182664375 0.3262388296875 0.5406803859375 0.047819609375 0.5406803859375
2 0.3739493484375 0.5406803859375 0.3739493484375 0.8025193140625 0.5154953921875001 0.8025193140625 0.5154953921875001 0.5406803859375 0.3739493484375 0.5406803859375
2 0.515495390625 0.60699024375 0.515495390625 0.6937031328125001 0.5709661374999999 0.6937031328125001 0.5709661374999999 0.60699024375 0.515495390625 0.60699024375
4 0.5776608828125 0.5882874640625 0.5776608828125 0.6630985875000001 0.588181196875 0.6630985875000001 0.588181196875 0.5882874640625 0.5776608828125 0.5882874640625
4 0.5900939796875 0.5950884734375 0.5900939796875 0.657997828125 0.6015706875 0.657997828125 0.6015706875 0.5950884734375 0.5900939796875 0.5950884734375
4 0.6082654328125 0.60188948125 0.6082654328125 0.6630985859375 0.621654921875 0.6630985859375 0.621654921875 0.60188948125 0.6082654328125 0.60188948125
4 0.6369572 0.6035897375 0.6369572 0.66819934375 0.6474775125 0.66819934375 0.6474775125 0.6035897375 0.6369572 0.6035897375
2 0.91144175625 0.5882874640625 0.91144175625 0.656297575 0.9994298374999999 0.656297575 0.9994298374999999 0.5882874640625 0.91144175625 0.5882874640625
6 0.8330175984375 0.52027735 0.8330175984375 0.557682909375 0.8511890484375 0.557682909375 0.8511890484375 0.52027735 0.8330175984375 0.52027735
6 0.86075296875 0.5287786125 0.86075296875 0.555982659375 0.8674477156249999 0.555982659375 0.8674477156249999 0.5287786125 0.86075296875 0.5287786125
2 0.342015325 0.5992147046875 0.342015325 0.644090071875 0.3735683171875 0.644090071875 0.3735683171875 0.5992147046875 0.342015325 0.5992147046875
2 0.3115141 0.612303353125 0.3115141 0.655308915625 0.3420153265625 0.655308915625 0.3420153265625 0.612303353125 0.3115141 0.612303353125