2 0.0514208 0.47372432656249996 0.0514208 0.5439177984375 0.16013906718749998 0.5439177984375 0.16013906718749998 0.47372432656249996 0.0514208 0.47372432656249996
2 0.500801865625 0.423119728125 0.500801865625 0.4443410109375 0.5191664359375 0.4443410109375 0.5191664359375 0.423119728125 0.500801865625 0.423119728125
2 0.5182482078125 0.423119728125 0.5182482078125 0.4427902296875 0.5320216375 0.4427902296875 0.5320216375 0.423119728125 0.5182482078125 0.423119728125
2 0.49070135 0.423119728125 0.49070135 0.4525030421875 0.509065921875 0.4525030421875 0.509065921875 0.423119728125 0.49070135 0.423119728125
2 0.601256065625 0.40842806875 0.601256065625 0.43454656875 0.6214570953125 0.43454656875 0.6214570953125 0.40842806875 0.601256065625 0.40842806875
2 0.5929920078124999 0.4182225078125 0.5929920078124999 0.43128176093750004 0.6012560671875 0.43128176093750004 0.6012560671875 0.4182225078125 0.5929920078124999 0.4182225078125
2 0.5295883359375 0.41340691406249996 0.5295883359375 0.4493198546875 0.5488711375 0.4493198546875 0.5488711375 0.41340691406249996 0.5295883359375 0.41340691406249996
2 0.4682965796875 0.4199365390625 0.4682965796875 0.45748188437500004 0.4995163515625 0.45748188437500004 0.4995163515625 0.4199365390625 0.4682965796875 0.4199365390625
2 0.578484009375 0.42156894375 0.578484009375 0.434628196875 0.591339209375 0.434628196875 0.591339209375 0.42156894375 0.578484009375 0.42156894375
2 0.5702199515624999 0.42320135312499996 0.5702199515624999 0.434628196875 0.5803204671875 0.434628196875 0.5803204671875 0.42320135312499996 0.5702199515624999 0.42320135312499996
2 0.20017383125000002 0.4619710046875 0.20017383125000002 0.5109431953125 0.251594634375 0.5109431953125 0.251594634375 0.4619710046875 0.20017383125000002 0.4619710046875