6 0 0.5897582734375 0.0994959015625 0.5897582734375 0.0994959015625 0.41438064375000006 0 0.41438064375000006 0 0.5897582734375
2 0 0.8365105187499999 0.192410359375 0.8365105187499999 0.192410359375 0.5836404421875 0 0.5836404421875 0 0.8365105187499999
1 0.4037764109375 0.38501508125 0.4037764109375 0.49513592187500005 0.49669086875 0.49513592187500005 0.49669086875 0.38501508125 0.4037764109375 0.38501508125
2 0.6114000749999999 0.42212988281249997 0.6114000749999999 0.44660118125 0.62516518125 0.44660118125 0.62516518125 0.42212988281249997 0.6114000749999999 0.42212988281249997
2 0.5620751171875 0.4241691578125 0.5620751171875 0.44660118125 0.575840221875 0.44660118125 0.575840221875 0.4241691578125 0.5620751171875 0.4241691578125
2 0.626967753125 0.42212988281249997 0.626967753125 0.44864045625 0.64646831875 0.44864045625 0.64646831875 0.42212988281249997 0.626967753125 0.42212988281249997
2 0.6599603015625 0.43096674375 0.6599603015625 0.4533987671875 0.67372540625 0.4533987671875 0.67372540625 0.43096674375 0.6599603015625 0.43096674375
2 0.6760195906249999 0.43096674375 0.6760195906249999 0.467673690625 0.7012556171875 0.467673690625 0.7012556171875 0.43096674375 0.6760195906249999 0.43096674375
2 0.6851963265625 0.4370845671875 0.6851963265625 0.47379151249999996 0.7127265390625 0.47379151249999996 0.7127265390625 0.4370845671875 0.6851963265625 0.4370845671875
2 0.5888405921875 0.4350452921875 0.5888405921875 0.46563441250000004 0.607194065625 0.46563441250000004 0.607194065625 0.4350452921875 0.5888405921875 0.4350452921875
2 0.6209591703124999 0.4370845671875 0.6209591703124999 0.47175223749999995 0.6439010140625 0.47175223749999995 0.6439010140625 0.4370845671875 0.6209591703124999 0.4370845671875
2 0.5188679765625 0.42688819375 0.5188679765625 0.5145770109375001 0.5750754890625001 0.5145770109375001 0.5750754890625001 0.42688819375 0.5188679765625 0.42688819375
2 0.432836071875 0.42484891874999997 0.432836071875 0.520694834375 0.500514503125 0.520694834375 0.500514503125 0.42484891874999997 0.432836071875 0.42484891874999997