2 0.6216114140625 0.47409461875 0.6216114140625 0.5527560578124999 0.64911634375 0.5527560578124999 0.64911634375 0.47409461875 0.6216114140625 0.47409461875
2 0.2714616890625 0.48047257343750005 0.2714616890625 0.5229922703125001 0.30853355 0.5229922703125001 0.30853355 0.48047257343750005 0.2714616890625 0.48047257343750005
2 0.46040859218749997 0.48472454374999996 0.46040859218749997 0.5059843921875 0.4687796578125 0.5059843921875 0.4687796578125 0.48472454374999996 0.46040859218749997 0.48472454374999996
2 0.44127472812499996 0.48472454374999996 0.44127472812499996 0.5187403015625 0.46399619062499997 0.5187403015625 0.46399619062499997 0.48472454374999996 0.44127472812499996 0.48472454374999996
2 0.4245325984375 0.4911024984375 0.4245325984375 0.5314962109375 0.450841659375 0.5314962109375 0.450841659375 0.4911024984375 0.4245325984375 0.4911024984375
2 0 0.6059056796875 0.132741178125 0.6059056796875 0.132741178125 0.47196863437500003 0 0.47196863437500003 0 0.6059056796875
4 0.0011958671875 0.47026784062500004 0.0011958671875 0.6701104156250001 0.040659459375 0.6701104156250001 0.040659459375 0.47026784062500004 0.0011958671875 0.47026784062500004
2 0.3145128828125 0.4762206046875 0.3145128828125 0.5314962109375 0.35875994218749996 0.5314962109375 0.35875994218749996 0.4762206046875 0.3145128828125 0.4762206046875
2 0.3802855390625 0.4808977703125 0.3802855390625 0.5489292875 0.4340995296875 0.5489292875 0.4340995296875 0.4808977703125 0.3802855390625 0.4808977703125
2 0.45647931875000003 0.40454454531249995 0.45647931875000003 0.6362768921875 0.6358592890625 0.6362768921875 0.6358592890625 0.40454454531249995 0.45647931875000003 0.40454454531249995
4 0.9527639046875 0.393914621875 0.9527639046875 0.608639090625 0.9982068312499999 0.608639090625 0.9982068312499999 0.393914621875 0.9527639046875 0.393914621875
4 0.775775665625 0.41547817656249997 0.775775665625 0.579179009375 0.8188268593749999 0.579179009375 0.8188268593749999 0.41547817656249997 0.775775665625 0.41547817656249997