2 0.0024307234375 0.7664057234375 0.0024307234375 0.9960930640625 0.11053611875 0.9960930640625 0.11053611875 0.7664057234375 0.0024307234375 0.7664057234375
2 1 0.5648433609375 0.7433481828125 0.5648433609375 0.7433481828125 0.9937493187499999 1 0.9937493187499999 1 0.5648433609375
2 0.499130525 0.6257808203125 0.499130525 0.649218303125 0.512314109375 0.649218303125 0.512314109375 0.6257808203125 0.499130525 0.6257808203125
2 0.5138961546874999 0.6281245671875 0.5138961546874999 0.6585932984375 0.5352535390625001 0.6585932984375 0.5352535390625001 0.6281245671875 0.5138961546874999 0.6281245671875
2 0.494120778125 0.632812065625 0.494120778125 0.656249546875 0.5046676484375 0.656249546875 0.5046676484375 0.632812065625 0.494120778125 0.632812065625
2 0.483573909375 0.6257808203125 0.483573909375 0.6585932953125 0.49939421250000005 0.6585932953125 0.49939421250000005 0.6257808203125 0.483573909375 0.6257808203125
2 0.470390325 0.6351558140625 0.470390325 0.6703120390625 0.4928024203125 0.6703120390625 0.4928024203125 0.6351558140625 0.470390325 0.6351558140625
2 0.453251665625 0.6374995609375 0.453251665625 0.6867182765625001 0.47961883437499997 0.6867182765625001 0.47961883437499997 0.6374995609375 0.453251665625 0.6374995609375
2 0.4374313640625 0.6351558140625 0.4374313640625 0.70078076875 0.47170868437499996 0.70078076875 0.47170868437499996 0.6351558140625 0.4374313640625 0.6351558140625
2 0.41370091249999996 0.6421870578125 0.41370091249999996 0.724218253125 0.45325166406250006 0.724218253125 0.45325166406250006 0.6421870578125 0.41370091249999996 0.6421870578125
2 0.3812692640625 0.6445308062499999 0.3812692640625 0.747655734375 0.4379586796875 0.747655734375 0.4379586796875 0.6445308062499999 0.3812692640625 0.6445308062499999
2 0.312714625 0.64687455625 0.312714625 0.7851557109375 0.41027315 0.7851557109375 0.41027315 0.64687455625 0.312714625 0.64687455625
2 0.0672362828125 0.5882808453124999 0.0672362828125 0.9281243640625 0.3427732015625 0.9281243640625 0.3427732015625 0.5882808453124999 0.0672362828125 0.5882808453124999
2 0.669726103125 0.6445308062499999 0.669726103125 0.8273431812500001 0.7962885140625 0.8273431812500001 0.7962885140625 0.6445308062499999 0.669726103125 0.6445308062499999
2 0.6235835562500001 0.621093325 0.6235835562500001 0.764061975 0.7237788 0.764061975 0.7237788 0.621093325 0.6235835562500001 0.621093325
2 0.603808178125 0.6351558140625 0.603808178125 0.7312494968750001 0.6486323671875 0.7312494968750001 0.6486323671875 0.6351558140625 0.603808178125 0.6351558140625
2 0.59062459375 0.6351558140625 0.59062459375 0.712499509375 0.6249019140625001 0.712499509375 0.6249019140625001 0.6351558140625 0.59062459375 0.6351558140625
2 0.5840328015625 0.6351558140625 0.5840328015625 0.69843701875 0.611718328125 0.69843701875 0.611718328125 0.6351558140625 0.5840328015625 0.6351558140625
2 0.5761226515625 0.6351558140625 0.5761226515625 0.6890620249999999 0.599853103125 0.6890620249999999 0.599853103125 0.6351558140625 0.5761226515625 0.6351558140625
2 0.569530859375 0.6351558140625 0.569530859375 0.6796870328125 0.5879878781250001 0.6796870328125 0.5879878781250001 0.6351558140625 0.569530859375 0.6351558140625
2 0.555028915625 0.632812065625 0.555028915625 0.6703120390625 0.5748042921875001 0.6703120390625 0.5748042921875001 0.632812065625 0.555028915625 0.632812065625
2 0.54975548125 0.632812065625 0.54975548125 0.6609370453125 0.5589839890625 0.6609370453125 0.5589839890625 0.632812065625 0.54975548125 0.632812065625
2 0.5378902546875 0.6351558140625 0.5378902546875 0.6515620515625 0.5510738390625 0.6515620515625 0.5510738390625 0.6351558140625 0.5378902546875 0.6351558140625