2 0.2889277890625 0.41531132031249995 0.2889277890625 0.45922929687499997 0.32007613749999997 0.45922929687499997 0.32007613749999997 0.41531132031249995 0.2889277890625 0.41531132031249995
6 0.21374211875000002 0.37521229375 0.21374211875000002 0.4630482515625 0.2749647359375 0.4630482515625 0.2749647359375 0.37521229375 0.21374211875000002 0.37521229375
6 0.525225609375 0.37139334062499996 0.525225609375 0.45350086562499997 0.5660406874999999 0.45350086562499997 0.5660406874999999 0.37139334062499996 0.525225609375 0.37139334062499996
2 0.1632603109375 0.41149236718750004 0.1632603109375 0.47641459375000006 0.23414965781250002 0.47641459375000006 0.23414965781250002 0.41149236718750004 0.1632603109375 0.41149236718750004
2 0.49192909843750005 0.41722079531249995 0.49192909843750005 0.44204400312500003 0.5037439874999999 0.44204400312500003 0.5037439874999999 0.41722079531249995 0.49192909843750005 0.41722079531249995
2 0.5101884734375 0.419130275 0.5101884734375 0.43822504531249995 0.522003365625 0.43822504531249995 0.522003365625 0.419130275 0.5101884734375 0.419130275
2 0.5467072296875 0.3904881140625 0.5467072296875 0.46877668437500003 0.605781684375 0.46877668437500003 0.605781684375 0.3904881140625 0.5467072296875 0.3904881140625
4 0.0225557 0.41531132031249995 0.0225557 0.493599890625 0.039740996875000004 0.493599890625 0.039740996875000004 0.41531132031249995 0.0225557 0.41531132031249995
4 0.05262996875 0.40958288749999994 0.05262996875 0.48978093593749994 0.0687411828125 0.48978093593749994 0.0687411828125 0.40958288749999994 0.05262996875 0.40958288749999994
4 0.5767814953125 0.4000355015625 0.5767814953125 0.4783240703125 0.5907445484375 0.4783240703125 0.5907445484375 0.4000355015625 0.5767814953125 0.4000355015625
6 0.29079400781250003 0.135572890625 0.29079400781250003 0.576662153125 0.4989324625 0.576662153125 0.4989324625 0.135572890625 0.29079400781250003 0.135572890625
6 0.6473888984375 0.06301274999999999 0.6473888984375 0.614851703125 0.9964652234375 0.614851703125 0.9964652234375 0.06301274999999999 0.6473888984375 0.06301274999999999