2 0.2882283359375 0.42458297187499994 0.2882283359375 0.8075741437499999 0.5865195375 0.8075741437499999 0.5865195375 0.42458297187499994 0.2882283359375 0.42458297187499994
2 0.9140549734375 0.5952826578125 0.9140549734375 0.8630298796875 0.9989343406250001 0.8630298796875 0.9989343406250001 0.5952826578125 0.9140549734375 0.5952826578125
2 0.8718681609375001 0.41442489218749995 0.8718681609375001 0.5133121453125 0.9987258718750001 0.5133121453125 0.9987258718750001 0.41442489218749995 0.8718681609375001 0.41442489218749995
2 0 0.6862647234375 0.3096741078125 0.6862647234375 0.3096741078125 0.28421064375 0 0.28421064375 0 0.6862647234375
2 0.547527221875 0.3569962953125 0.547527221875 0.5961491546875 0.7054460953125 0.5961491546875 0.7054460953125 0.3569962953125 0.547527221875 0.3569962953125
2 0.37303661875 0.37779219531249997 0.37303661875 0.43671391406250004 0.489038753125 0.43671391406250004 0.489038753125 0.37779219531249997 0.37303661875 0.37779219531249997
2 0.787059878125 0.45092444218749994 0.787059878125 0.48697067499999996 0.830221496875 0.48697067499999996 0.830221496875 0.45092444218749994 0.787059878125 0.45092444218749994
2 0.737614753125 0.44017989843749994 0.737614753125 0.4887036671875 0.7736826421874999 0.4887036671875 0.7736826421874999 0.44017989843749994 0.737614753125 0.44017989843749994
2 0.7773118 0.45092444218749994 0.7773118 0.48211829375 0.79973238125 0.48211829375 0.79973238125 0.45092444218749994 0.7773118 0.45092444218749994
4 0.8611452749999999 0.45265743281250004 0.8611452749999999 0.48835707343749996 0.8699185453125 0.48835707343749996 0.8699185453125 0.45265743281250004 0.8611452749999999 0.45265743281250004
4 0.806556034375 0.433594525 0.806556034375 0.49078325312500004 0.8192285359374999 0.49078325312500004 0.8192285359374999 0.433594525 0.806556034375 0.433594525