2 0.6569418515625001 0.52203279375 0.6569418515625001 0.5560256296875 0.6692339031250001 0.5560256296875 0.6692339031250001 0.52203279375 0.6569418515625001 0.52203279375
2 0.6473813671875 0.5196047359375 0.6473813671875 0.5560256296875 0.662404984375 0.5560256296875 0.662404984375 0.5196047359375 0.6473813671875 0.5196047359375
2 0.626894615625 0.51232055625 0.626894615625 0.5584536875 0.6501129328124999 0.5584536875 0.6501129328124999 0.51232055625 0.626894615625 0.51232055625
2 0.6146025640625 0.51232055625 0.6146025640625 0.56330980625 0.6391866671875001 0.56330980625 0.6391866671875001 0.51232055625 0.6146025640625 0.51232055625
2 0.5900184609375 0.5147486156250001 0.5900184609375 0.568165925 0.6241630484375 0.568165925 0.6241630484375 0.5147486156250001 0.5900184609375 0.5147486156250001
2 0.5476791734375 0.5026083171875 0.5476791734375 0.5778781625 0.5995789453125 0.5778781625 0.5995789453125 0.5026083171875 0.5476791734375 0.5026083171875
2 0.5408502562499999 0.5196047359375 0.5408502562499999 0.58273428125 0.5845553265625 0.58273428125 0.5845553265625 0.5196047359375 0.5408502562499999 0.5196047359375
2 0.4711952984375 0.495324140625 0.4711952984375 0.5979963796875001 0.55672746875 0.5979963796875001 0.55672746875 0.495324140625 0.4711952984375 0.495324140625
2 0.33598273437500004 0.49046802031250003 0.33598273437500004 0.6312954734375 0.46982951718750005 0.6312954734375 0.46982951718750005 0.49046802031250003 0.33598273437500004 0.49046802031250003
2 0.2212569234375 0.5001802609375 0.2212569234375 0.6677163671875 0.389248290625 0.6677163671875 0.389248290625 0.5001802609375 0.2212569234375 0.5001802609375
2 0.13521256406249998 0.5268889140625 0.13521256406249998 0.6191551750000001 0.24720680781249998 0.6191551750000001 0.24720680781249998 0.5268889140625 0.13521256406249998 0.5268889140625
2 0.0792154421875 0.54874145 0.0792154421875 0.6167271171875 0.13384678125 0.6167271171875 0.13384678125 0.54874145 0.0792154421875 0.54874145
2 0.77631131875 0.4763852671875 0.77631131875 0.573507646875 0.8049927718750001 0.573507646875 0.8049927718750001 0.4763852671875 0.77631131875 0.4763852671875