2 0 0.7954432031249999 0.219331765625 0.7954432031249999 0.219331765625 0.4701559265625 0 0.4701559265625 0 0.7954432031249999
2 0.848082825 0.5287496359375 0.848082825 0.7798462765624999 0.9994969890625001 0.7798462765624999 0.9994969890625001 0.5287496359375 0.848082825 0.5287496359375
2 0.17684130625 0.5528243625 0.17684130625 0.6192183171875 0.21153330312500002 0.6192183171875 0.21153330312500002 0.5528243625 0.17684130625 0.5528243625
2 0.2797698515625 0.538960428125 0.2797698515625 0.644672921875 0.34703159375000003 0.644672921875 0.34703159375000003 0.538960428125 0.2797698515625 0.538960428125
2 0.47083219062500004 0.50949956875 0.47083219062500004 0.634274971875 0.54589239375 0.634274971875 0.54589239375 0.50949956875 0.47083219062500004 0.50949956875
2 0.3382583234375 0.49216964843750005 0.3382583234375 0.73132250625 0.4893535375 0.73132250625 0.4893535375 0.49216964843750005 0.3382583234375 0.49216964843750005
2 0.52737104375 0.50949956875 0.52737104375 0.72265755 0.712584534375 0.72265755 0.712584534375 0.50949956875 0.52737104375 0.50949956875
4 0.8324859015625 0.5736202609375 0.8324859015625 0.6602698453125 0.848082825 0.6602698453125 0.848082825 0.5736202609375 0.8324859015625 0.5736202609375
4 0.79446839375 0.5649553046875 0.79446839375 0.640312053125 0.81298974375 0.640312053125 0.81298974375 0.5649553046875 0.79446839375 0.5649553046875
4 0.7749722390625 0.5649553046875 0.7749722390625 0.644672921875 0.791543971875 0.644672921875 0.791543971875 0.5649553046875 0.7749722390625 0.5649553046875
4 0.7603501203125 0.56668829375 0.7603501203125 0.6308089906250001 0.7778966609375 0.6308089906250001 0.7778966609375 0.56668829375 0.7603501203125 0.56668829375
4 0.746702809375 0.56668829375 0.746702809375 0.636007965625 0.7632745437499999 0.636007965625 0.7632745437499999 0.56668829375 0.746702809375 0.56668829375
2 0.7408539625 0.5632223109375001 0.7408539625 0.5892171875 0.7545012718749999 0.5892171875 0.7545012718749999 0.5632223109375001 0.7408539625 0.5632223109375001
4 0.7155089578125 0.5632223109375001 0.7155089578125 0.620411034375 0.7281814609375 0.620411034375 0.7281814609375 0.5632223109375001 0.7155089578125 0.5632223109375001
4 0.2592988875 0.558023334375 0.2592988875 0.59268316875 0.26709735156250003 0.59268316875 0.26709735156250003 0.558023334375 0.2592988875 0.558023334375
4 0.2709965828125 0.5528243625 0.2709965828125 0.59095018125 0.27879504375 0.59095018125 0.27879504375 0.5528243625 0.2709965828125 0.5528243625
4 0.2359034984375 0.5510913687500001 0.2359034984375 0.60308111875 0.2515004234375 0.60308111875 0.2515004234375 0.5510913687500001 0.2359034984375 0.5510913687500001
4 0.2242058046875 0.554557353125 0.2242058046875 0.6065471046875001 0.23492869062500002 0.6065471046875001 0.23492869062500002 0.554557353125 0.2242058046875 0.554557353125
4 0.8880499484375 0.5753532531250001 0.8880499484375 0.6221440281249999 0.8997476421874999 0.6221440281249999 0.8997476421874999 0.5753532531250001 0.8880499484375 0.5753532531250001
4 0.8734278296875001 0.5788192359375001 0.8734278296875001 0.6295308187499999 0.8899995625000001 0.6295308187499999 0.8899995625000001 0.5788192359375001 0.8734278296875001 0.5788192359375001