2 0.390803434375 0.4888293109375 0.390803434375 0.520031184375 0.4130347671875 0.520031184375 0.4130347671875 0.4888293109375 0.390803434375 0.4888293109375
2 0.320599225 0.490909440625 0.320599225 0.5304318109375 0.34868090937499996 0.5304318109375 0.34868090937499996 0.490909440625 0.320599225 0.490909440625
2 0.31006859375 0.4992299421875 0.31006859375 0.538752315625 0.327619646875 0.538752315625 0.327619646875 0.4992299421875 0.31006859375 0.4992299421875
2 0.297197821875 0.4992299421875 0.297197821875 0.5325119328125 0.314748875 0.5325119328125 0.314748875 0.4992299421875 0.297197821875 0.4992299421875
2 0.27145628125 0.4992299421875 0.27145628125 0.54291255625 0.298367896875 0.54291255625 0.298367896875 0.4992299421875 0.27145628125 0.4992299421875
2 0.250395015625 0.5054703125 0.250395015625 0.544992684375 0.2749664890625 0.544992684375 0.2749664890625 0.5054703125 0.250395015625 0.5054703125
2 0.229333753125 0.5096305640625001 0.229333753125 0.5449926796875 0.2515650859375 0.5449926796875 0.2515650859375 0.5096305640625001 0.229333753125 0.5096305640625001
2 0.19423164843750002 0.5096305640625001 0.19423164843750002 0.5574734296875 0.2305038234375 0.5574734296875 0.2305038234375 0.5096305640625001 0.19423164843750002 0.5096305640625001
2 0.12870771875 0.492989565625 0.12870771875 0.5678740546875 0.19189150625 0.5678740546875 0.19189150625 0.492989565625 0.12870771875 0.492989565625
2 0.01989119375 0.5075504375000001 0.01989119375 0.5928355453124999 0.11934715625 0.5928355453124999 0.11934715625 0.5075504375000001 0.01989119375 0.5075504375000001
2 0.40835448750000003 0.490909440625 0.40835448750000003 0.5491529328125 0.44696680312500003 0.5491529328125 0.44696680312500003 0.490909440625 0.40835448750000003 0.490909440625
2 0.5592935375 0.4888293109375 0.5592935375 0.5928355484375001 0.633007959375 0.5928355484375001 0.633007959375 0.4888293109375 0.5592935375 0.4888293109375
2 0.5312118546875 0.49506968906250004 0.5312118546875 0.574114428125 0.5741266125 0.574114428125 0.5741266125 0.49506968906250004 0.5312118546875 0.49506968906250004
2 0.483238978125 0.5033901859375 0.483238978125 0.5387523078124999 0.51249073125 0.5387523078124999 0.51249073125 0.5033901859375 0.483238978125 0.5033901859375
2 0.36389182343750004 0.4992299421875 0.36389182343750004 0.53459205625 0.3872932265625 0.53459205625 0.3872932265625 0.4992299421875 0.36389182343750004 0.4992299421875
2 0.4574974375 0.4992299421875 0.4574974375 0.5366721859375 0.4808988421875 0.5366721859375 0.4808988421875 0.4992299421875 0.4574974375 0.4992299421875