2 0.48754141874999996 0.3869032015625 0.48754141874999996 0.44306656875000006 0.507432609375 0.44306656875000006 0.507432609375 0.3869032015625 0.48754141874999996 0.3869032015625
2 0.507432609375 0.35778145625 0.507432609375 0.465947940625 0.5659361203125 0.465947940625 0.5659361203125 0.35778145625 0.507432609375 0.35778145625
2 0.51445303125 0.37858270312500003 0.51445303125 0.482588940625 0.583487171875 0.482588940625 0.583487171875 0.37858270312500003 0.51445303125 0.37858270312500003
2 0.3705344015625 0.39522370156250003 0.3705344015625 0.4867491890625 0.39744601562500004 0.4867491890625 0.39744601562500004 0.39522370156250003 0.3705344015625 0.39522370156250003
2 0.386915384375 0.37858270312500003 0.386915384375 0.55747343125 0.500412190625 0.55747343125 0.500412190625 0.37858270312500003 0.386915384375 0.37858270312500003
2 0.28862948906249997 0.376502578125 0.28862948906249997 0.47634856562500005 0.3646840515625 0.47634856562500005 0.3646840515625 0.376502578125 0.28862948906249997 0.376502578125
2 0.242996753125 0.382742953125 0.242996753125 0.47426844062500007 0.28979956093750003 0.47426844062500007 0.28979956093750003 0.382742953125 0.242996753125 0.382742953125
2 0.179812965625 0.382742953125 0.179812965625 0.48882931406249996 0.2535273859375 0.48882931406249996 0.2535273859375 0.382742953125 0.179812965625 0.382742953125
2 0.80814064375 0.176117221875 0.80814064375 0.7460714015625001 0.9976920125 0.7460714015625001 0.9976920125 0.176117221875 0.80814064375 0.176117221875
2 0.7987800828125 0.40285081875 0.7987800828125 0.538058928125 0.851433240625 0.538058928125 0.851433240625 0.40285081875 0.7987800828125 0.40285081875
5 0.63146005 0.3328199578125 0.63146005 0.6053163015624999 0.7075146109375 0.6053163015624999 0.7075146109375 0.3328199578125 0.63146005 0.3328199578125
0 0.6279498390625 0.43058581875 0.6279498390625 0.6573194171875001 0.7133649609375 0.6573194171875001 0.7133649609375 0.43058581875 0.6279498390625 0.43058581875
4 0.5846572421875 0.40562432499999995 0.5846572421875 0.47010819374999996 0.5951878734375 0.47010819374999996 0.5951878734375 0.40562432499999995 0.5846572421875 0.40562432499999995
4 0.61156885625 0.4035442015625 0.61156885625 0.46386781875 0.6256096984374999 0.46386781875 0.6256096984374999 0.4035442015625 0.61156885625 0.4035442015625
4 0.12832987812500002 0.3910634515625 0.12832987812500002 0.48882931406249996 0.1610918421875 0.48882931406249996 0.1610918421875 0.3910634515625 0.12832987812500002 0.3910634515625