2 0.604017740625 0.39091758125 0.604017740625 0.4564751875 0.6777700484375 0.4564751875 0.6777700484375 0.39091758125 0.604017740625 0.39091758125
2 0.66684378125 0.37756325468749996 0.66684378125 0.458903246875 0.7405960874999999 0.458903246875 0.7405960874999999 0.37756325468749996 0.66684378125 0.37756325468749996
2 0.7392303046875 0.382419371875 0.7392303046875 0.47104354375 0.8129826124999999 0.47104354375 0.8129826124999999 0.382419371875 0.7392303046875 0.382419371875
2 0.8020563453125 0.39091758125 0.8020563453125 0.5098924968749999 0.9345373421875 0.5098924968749999 0.9345373421875 0.39091758125 0.8020563453125 0.39091758125
2 0.5657758046875 0.40062982031249994 0.5657758046875 0.47832772500000004 0.6067493078124999 0.47832772500000004 0.6067493078124999 0.40062982031249994 0.5657758046875 0.40062982031249994
2 0.33905574843749997 0.3994157875 0.33905574843749997 0.45040503750000005 0.38685817031249997 0.45040503750000005 0.38685817031249997 0.3994157875 0.33905574843749997 0.3994157875
2 0.31174007812500004 0.40669996875000003 0.31174007812500004 0.45768921875 0.3458846640625 0.45768921875 0.3458846640625 0.40669996875000003 0.31174007812500004 0.40669996875000003
2 0.273498140625 0.3994157875 0.273498140625 0.46982951406250006 0.3335926125 0.46982951406250006 0.3335926125 0.3994157875 0.273498140625 0.3994157875
2 0.19018535 0.39455966875000004 0.19018535 0.503822346875 0.29398489375 0.503822346875 0.29398489375 0.39455966875000004 0.19018535 0.39455966875000004
2 0.008536146875000001 0.389703553125 0.008536146875000001 0.5657378640624999 0.2065747515625 0.5657378640624999 0.2065747515625 0.389703553125 0.008536146875000001 0.389703553125
2 0.000341446875 0.44433488906249996 0.000341446875 0.5293169734375 0.01399928125 0.5293169734375 0.01399928125 0.44433488906249996 0.000341446875 0.44433488906249996
2 0.3663714171875 0.3848474296875 0.3663714171875 0.5912324890625 0.5166076000000001 0.5912324890625 0.5166076000000001 0.3848474296875 0.3663714171875 0.3848474296875
2 0.50977868125 0.3957737 0.50977868125 0.50260831875 0.58626255625 0.50260831875 0.58626255625 0.3957737 0.50977868125 0.3957737