2 0.5413646453125 0.45346719375 0.5413646453125 0.4763485671875 0.5600857687499999 0.4763485671875 0.5600857687499999 0.45346719375 0.5413646453125 0.45346719375
2 0.5074326109375 0.44514669375000004 0.5074326109375 0.4721883171875 0.528493875 0.4721883171875 0.528493875 0.44514669375000004 0.5074326109375 0.44514669375000004
2 0.48286113750000004 0.45346719375 0.48286113750000004 0.4784286921875 0.5039224 0.4784286921875 0.5039224 0.45346719375 0.48286113750000004 0.45346719375
2 0.45126924375 0.45346719375 0.45126924375 0.492989565625 0.480520996875 0.492989565625 0.480520996875 0.45346719375 0.45126924375 0.45346719375
2 0.41382699843750004 0.4368261953125 0.41382699843750004 0.4992299390625 0.45360938281249996 0.4992299390625 0.45360938281249996 0.4368261953125 0.41382699843750004 0.4368261953125
2 0.3798949625 0.43266594375 0.3798949625 0.5325119328125 0.4231875578125 0.5325119328125 0.4231875578125 0.43266594375 0.3798949625 0.43266594375
2 0.31320096406250003 0.426425571875 0.31320096406250003 0.5533131796874999 0.3822351046875 0.5533131796874999 0.3822351046875 0.426425571875 0.31320096406250003 0.426425571875
2 0.1564115609375 0.416024946875 0.1564115609375 0.590755425 0.33075201718749997 0.590755425 0.33075201718749997 0.416024946875 0.1564115609375 0.416024946875
2 0 0.715562909375 0.0709964390625 0.715562909375 0.0709964390625 0.34946095625 0 0.34946095625 0 0.715562909375
2 0.5612558375 0.44306656875000006 0.5612558375 0.48674918749999996 0.583487171875 0.48674918749999996 0.583487171875 0.44306656875000006 0.5612558375 0.44306656875000006
2 0.583487171875 0.416024946875 0.583487171875 0.5075504343749999 0.644330821875 0.5075504343749999 0.644330821875 0.416024946875 0.583487171875 0.416024946875
2 0.5986980843749999 0.4368261953125 0.5986980843749999 0.55747343125 0.685283278125 0.55747343125 0.685283278125 0.4368261953125 0.5986980843749999 0.4368261953125
2 0.6501811703125 0.43266594375 0.6501811703125 0.6053162999999999 0.7110248203125 0.6053162999999999 0.7110248203125 0.43266594375 0.6501811703125 0.43266594375
2 0.6852832765625 0.3328199578125 0.6852832765625 0.75924553125 0.9988620812500001 0.75924553125 0.9988620812500001 0.3328199578125 0.6852832765625 0.3328199578125