2 0.5355142953125 0.401464075 0.5355142953125 0.43682619375 0.5495551359374999 0.43682619375 0.5495551359374999 0.401464075 0.5355142953125 0.401464075
2 0.547214996875 0.40562432499999995 0.547214996875 0.43890631874999997 0.5647660484375 0.43890631874999997 0.5647660484375 0.40562432499999995 0.547214996875 0.40562432499999995
2 0.557745628125 0.4118646984375 0.557745628125 0.46386781718750003 0.58699738125 0.46386781718750003 0.58699738125 0.4118646984375 0.557745628125 0.4118646984375
2 0.577636821875 0.40770444687499996 0.577636821875 0.4721883171875 0.6068885749999999 0.4721883171875 0.6068885749999999 0.40770444687499996 0.577636821875 0.40770444687499996
2 0.5963579421875 0.40562432499999995 0.5963579421875 0.4825889421875 0.6244396265625001 0.4825889421875 0.6244396265625001 0.40562432499999995 0.5963579421875 0.40562432499999995
2 0.615079065625 0.3993839484375 0.615079065625 0.4992299359375 0.6455008906249999 0.4992299359375 0.6455008906249999 0.3993839484375 0.615079065625 0.3993839484375
2 0.6256096984374999 0.37858270312500003 0.6256096984374999 0.524191434375 0.6969839796875 0.524191434375 0.6969839796875 0.37858270312500003 0.6256096984374999 0.37858270312500003
2 0.6642220125 0.376502578125 0.6642220125 0.5741144296875 0.75665755625 0.5741144296875 0.75665755625 0.376502578125 0.6642220125 0.376502578125
2 0.52381359375 0.4139448234375 0.52381359375 0.4326659453125 0.5355142953125 0.4326659453125 0.5355142953125 0.4139448234375 0.52381359375 0.4139448234375
2 0.5050924703125 0.40770444687499996 0.5050924703125 0.44098644374999996 0.5191333124999999 0.44098644374999996 0.5191333124999999 0.40770444687499996 0.5050924703125 0.40770444687499996
2 0.4875414203125 0.4118646984375 0.4875414203125 0.44930694375 0.5039224015625 0.44930694375 0.5039224015625 0.4118646984375 0.4875414203125 0.4118646984375
2 0.4711604359375 0.4139448234375 0.4711604359375 0.45554731875 0.49807205000000004 0.45554731875 0.49807205000000004 0.4139448234375 0.4711604359375 0.4139448234375
2 0.44424882187500003 0.401464075 0.44424882187500003 0.47842869062500004 0.4863713484375 0.47842869062500004 0.4863713484375 0.401464075 0.44424882187500003 0.401464075
2 0.3869153828125 0.37858270312500003 0.3869153828125 0.4992299390625 0.45126924375 0.4992299390625 0.45126924375 0.37858270312500003 0.3869153828125 0.37858270312500003
2 0.13768907187499999 0.3328199578125 0.13768907187499999 0.6224883609375 0.3880854546875 0.6224883609375 0.3880854546875 0.3328199578125 0.13768907187499999 0.3328199578125
2 0.7238955921875 0.30161808749999997 0.7238955921875 0.6906014140625001 0.9988620812500001 0.6906014140625001 0.9988620812500001 0.30161808749999997 0.7238955921875 0.30161808749999997
2 0.0007922296875 0.490909440625 0.0007922296875 0.827889646875 0.093227771875 0.827889646875 0.093227771875 0.490909440625 0.0007922296875 0.490909440625