2 0.4698573828125 0.462708790625 0.4698573828125 0.532028459375 0.5234718125 0.532028459375 0.5234718125 0.462708790625 0.4698573828125 0.462708790625
2 0.7700981984374999 0.46790776718749993 0.7700981984374999 0.7313225078125 0.9991780421875 0.7313225078125 0.9991780421875 0.46790776718749993 0.7700981984374999 0.46790776718749993
2 0.6833403 0.46964075781250003 0.6833403 0.6290759968749999 0.816888975 0.6290759968749999 0.816888975 0.46964075781250003 0.6833403 0.46964075781250003
2 0.6258266359375 0.46964075781250003 0.6258266359375 0.554557353125 0.6843151078124999 0.554557353125 0.6843151078124999 0.46964075781250003 0.6258266359375 0.46964075781250003
2 0.6102297109375 0.47483973281249997 0.6102297109375 0.537227434375 0.627776253125 0.537227434375 0.627776253125 0.47483973281249997 0.6102297109375 0.47483973281249997
2 0.5985320171875 0.47657272500000003 0.5985320171875 0.5233635015625 0.6102297109375 0.5233635015625 0.6102297109375 0.47657272500000003 0.5985320171875 0.47657272500000003
2 0.5809854765625 0.46964075781250003 0.5809854765625 0.51989751875 0.5965824015625001 0.51989751875 0.5965824015625001 0.46964075781250003 0.5809854765625 0.46964075781250003
2 0.5254214296875 0.47310674218750004 0.5254214296875 0.49216965 0.5419931625000001 0.49216965 0.5419931625000001 0.47310674218750004 0.5254214296875 0.47310674218750004
2 0.19788599375 0.46790776718749993 0.19788599375 0.511232559375 0.251500425 0.511232559375 0.251500425 0.46790776718749993 0.19788599375 0.46790776718749993
2 0.2544248484375 0.46790776718749993 0.2544248484375 0.50949956875 0.2934171609375 0.50949956875 0.2934171609375 0.46790776718749993 0.2544248484375 0.46790776718749993
2 0.33923313125 0.46097579843750003 0.33923313125 0.4939026421875 0.380175059375 0.4939026421875 0.380175059375 0.46097579843750003 0.33923313125 0.46097579843750003
2 0.3928475609375 0.46097579843750003 0.3928475609375 0.4904366578125 0.42501622031249997 0.4904366578125 0.42501622031249997 0.46097579843750003 0.3928475609375 0.46097579843750003