2 0.400181815625 0.4942877734375 0.400181815625 0.535093840625 0.434611934375 0.535093840625 0.434611934375 0.4942877734375 0.400181815625 0.4942877734375
2 0.38679232343750003 0.4925875234375 0.38679232343750003 0.53679409375 0.406876559375 0.53679409375 0.406876559375 0.4925875234375 0.38679232343750003 0.4925875234375
2 0.3657516984375 0.49768828125000003 0.3657516984375 0.5469956125000001 0.3906178953125 0.5469956125000001 0.3906178953125 0.49768828125000003 0.3657516984375 0.49768828125000003
2 0.3332343625 0.5010887859375 0.3332343625 0.555496875 0.3705336578125 0.555496875 0.3705336578125 0.5010887859375 0.3332343625 0.5010887859375
2 0.2796764 0.49088726875 0.2796764 0.56739864375 0.34279828125 0.56739864375 0.34279828125 0.49088726875 0.2796764 0.49088726875
2 0.23185679218750002 0.5027890390625 0.23185679218750002 0.5758999078125 0.2854147546875 0.5758999078125 0.2854147546875 0.5027890390625 0.23185679218750002 0.5027890390625
2 0.45660895312500005 0.4925875234375 0.45660895312500005 0.529993084375 0.4680856609375 0.529993084375 0.4680856609375 0.4925875234375 0.45660895312500005 0.4925875234375
2 0.47191123125 0.49598803125 0.47191123125 0.5231920718749999 0.484344328125 0.5231920718749999 0.484344328125 0.49598803125 0.47191123125 0.49598803125
2 0.43652471718749997 0.4974453875 0.43652471718749997 0.534850946875 0.46426009218750003 0.534850946875 0.46426009218750003 0.4974453875 0.43652471718749997 0.4974453875
2 0.5025157796874999 0.49890274218749997 0.5025157796874999 0.5278070390625 0.5245128015625 0.5278070390625 0.5245128015625 0.49890274218749997 0.5025157796874999 0.49890274218749997
2 0.47573679843749994 0.49938853125 0.47573679843749994 0.5401946 0.5063413484375 0.5401946 0.5063413484375 0.49938853125 0.47573679843749994 0.49938853125
2 0.5206872296875 0.5042464015625 0.5206872296875 0.5433522156249999 0.5369458984375 0.5433522156249999 0.5369458984375 0.5042464015625 0.5206872296875 0.5042464015625
2 0.567550446875 0.4974453875 0.567550446875 0.5450524640625 0.5943294296875 0.5450524640625 0.5943294296875 0.4974453875 0.567550446875 0.4974453875
2 0.579983546875 0.49574513593749997 0.579983546875 0.5501532250000001 0.6153700578125 0.5501532250000001 0.6153700578125 0.49574513593749997 0.579983546875 0.49574513593749997
4 0.6548553953125 0.49404488124999996 0.6548553953125 0.5960600453125 0.6749396296875 0.5960600453125 0.6749396296875 0.49404488124999996 0.6548553953125 0.49404488124999996
2 0.6426955640625 0.507646903125 0.6426955640625 0.57055625625 0.6895587796875 0.57055625625 0.6895587796875 0.507646903125 0.6426955640625 0.507646903125
6 0.596652103125 0.45348170625 0.596652103125 0.56739864375 0.657861203125 0.56739864375 0.657861203125 0.45348170625 0.596652103125 0.45348170625
2 0.6675617625 0.5078897953125 0.6675617625 0.6014037015625 0.745029528125 0.6014037015625 0.745029528125 0.5078897953125 0.6675617625 0.5078897953125
4 0.8444943171875 0.47679945625000003 0.8444943171875 0.5873158875 0.8655349453125 0.5873158875 0.8655349453125 0.47679945625000003 0.8444943171875 0.47679945625000003
4 0.8244100812499999 0.4872438703125 0.8244100812499999 0.58585853125 0.8521454531250001 0.58585853125 0.8521454531250001 0.4872438703125 0.8244100812499999 0.4872438703125
4 0.8636221609374999 0.4719415953125 0.8636221609374999 0.67597193125 0.9123981609375 0.67597193125 0.9123981609375 0.4719415953125 0.8636221609374999 0.4719415953125
2 0.525819034375 0.47109342656250003 0.525819034375 0.560155865625 0.573279940625 0.560155865625 0.573279940625 0.47109342656250003 0.525819034375 0.47109342656250003
2 0.0011123640625 0.43359345156250007 0.0011123640625 0.895311884375 0.2964246609375 0.895311884375 0.2964246609375 0.43359345156250007 0.0011123640625 0.43359345156250007