2 0.88348144375 0.44062469687499994 0.88348144375 0.5109371484375 0.9665380265625 0.5109371484375 0.9665380265625 0.44062469687499994 0.88348144375 0.44062469687499994
2 0.9559911609375 0.44062469687499994 0.9559911609375 0.5226558890625 0.9994969906250001 0.5226558890625 0.9994969906250001 0.44062469687499994 0.9559911609375 0.44062469687499994
2 0.5749855625 0.459374684375 0.5749855625 0.5109371484375 0.63035661875 0.5109371484375 0.63035661875 0.459374684375 0.5749855625 0.459374684375
2 0.5881691484375 0.4546871875 0.5881691484375 0.5273433875 0.6817725984375 0.5273433875 0.6817725984375 0.4546871875 0.5881691484375 0.4546871875
2 0.6145363171875 0.46171843125 0.6145363171875 0.51796839375 0.6817725984375 0.51796839375 0.6817725984375 0.46171843125 0.6145363171875 0.46171843125
2 0.647495278125 0.459374684375 0.647495278125 0.5132808953125 0.70813976875 0.5132808953125 0.70813976875 0.459374684375 0.647495278125 0.459374684375
2 0.688364390625 0.4570309359375 0.688364390625 0.5343746312500001 0.8096533703125001 0.5343746312500001 0.8096533703125001 0.4570309359375 0.688364390625 0.4570309359375
2 0.46688016875000005 0.48515591718750006 0.46688016875000005 0.51796839375 0.498520771875 0.51796839375 0.498520771875 0.48515591718750006 0.46688016875000005 0.48515591718750006
2 0.4352395640625 0.48281216718750003 0.4352395640625 0.5226558890625 0.46292509375 0.5226558890625 0.46292509375 0.48281216718750003 0.4352395640625 0.48281216718750003
2 0.40359896093750003 0.494530909375 0.40359896093750003 0.5132808984375 0.4220559796875 0.5132808984375 0.4220559796875 0.494530909375 0.40359896093750003 0.494530909375
1 0.3442728296875 0.47812467031250006 0.3442728296875 0.5109371484375 0.361411490625 0.5109371484375 0.361411490625 0.47812467031250006 0.3442728296875 0.47812467031250006
2 0.3363626796875 0.48515591718750006 0.3363626796875 0.5296871359375 0.3495462640625 0.5296871359375 0.3495462640625 0.48515591718750006 0.3363626796875 0.48515591718750006
2 0.31263222812499997 0.48046841875 0.31263222812499997 0.5296871359375 0.3363626796875 0.5296871359375 0.3363626796875 0.48046841875 0.31263222812499997 0.48046841875
2 0.261216246875 0.48046841875 0.261216246875 0.5296871359375 0.2783549078125 0.5296871359375 0.2783549078125 0.48046841875 0.261216246875 0.48046841875
2 0.357456415625 0.468749678125 0.357456415625 0.5484371234375 0.4009622453125 0.5484371234375 0.4009622453125 0.468749678125 0.357456415625 0.468749678125
2 0.1096050234375 0.47812467031250006 0.1096050234375 0.5578121171875 0.1662944375 0.5578121171875 0.1662944375 0.47812467031250006 0.1096050234375 0.47812467031250006
2 0.0687359109375 0.494530909375 0.0687359109375 0.5390621296875 0.11619681562499999 0.5390621296875 0.11619681562499999 0.494530909375 0.0687359109375 0.494530909375
2 0.0410503828125 0.50156215625 0.0410503828125 0.5390621296875 0.07400934375 0.5390621296875 0.07400934375 0.50156215625 0.0410503828125 0.50156215625
4 0.02918515625 0.50156215625 0.02918515625 0.541405878125 0.0370953078125 0.541405878125 0.0370953078125 0.50156215625 0.02918515625 0.50156215625
1 0.039732025 0.46406218125 0.039732025 0.50390590625 0.134653834375 0.50390590625 0.134653834375 0.46406218125 0.039732025 0.46406218125
2 0 0.5671871078125 0.0107281390625 0.5671871078125 0.0107281390625 0.48281216718750003 0 0.48281216718750003 0 0.5671871078125
2 0.154994446875 0.4557768234375 0.154994446875 0.6013481296875 0.26904696562499997 0.6013481296875 0.26904696562499997 0.4557768234375 0.154994446875 0.4557768234375
2 0.2748958125 0.47310674218750004 0.2748958125 0.5441594015625 0.3216865890625 0.5441594015625 0.3216865890625 0.47310674218750004 0.2748958125 0.47310674218750004