1 0.7002045609375 0.5765398921875 0.7002045609375 0.62132659375 0.750589596875 0.62132659375 0.750589596875 0.5765398921875 0.7002045609375 0.5765398921875
2 0.7481903109375 0.58080529375 0.7481903109375 0.62132659375 0.76378568125 0.62132659375 0.76378568125 0.58080529375 0.7481903109375 0.58080529375
2 0.7649853249999999 0.59360149375 0.7649853249999999 0.61919389375 0.7769817625 0.61919389375 0.7769817625 0.59360149375 0.7649853249999999 0.59360149375
2 0.7649853249999999 0.58933609375 0.7649853249999999 0.63625549375 0.7961760625000001 0.63625549375 0.7961760625000001 0.58933609375 0.7649853249999999 0.58933609375
2 0.77098354375 0.59786689375 0.77098354375 0.66184789375 0.8117714312500001 0.66184789375 0.8117714312500001 0.59786689375 0.77098354375 0.59786689375
2 0.6834095484375 0.58507069375 0.6834095484375 0.61919389375 0.7002045625 0.61919389375 0.7002045625 0.58507069375 0.6834095484375 0.58507069375
2 0.6726127546875 0.58933609375 0.6726127546875 0.62132659375 0.6894077671875001 0.62132659375 0.6894077671875001 0.58933609375 0.6726127546875 0.58933609375
2 0.6546180984375 0.59573419375 0.6546180984375 0.6298573937499999 0.678610971875 0.6298573937499999 0.678610971875 0.59573419375 0.6546180984375 0.59573419375
2 0.628225934375 0.58933609375 0.628225934375 0.6405208921875001 0.6606163171875 0.6405208921875001 0.6606163171875 0.58933609375 0.628225934375 0.58933609375
2 0.5862384046875 0.5872033937500001 0.5862384046875 0.65331709375 0.6390227296875 0.65331709375 0.6390227296875 0.5872033937500001 0.5862384046875 0.5872033937500001
2 0.49626512187499994 0.58933609375 0.49626512187499994 0.69170569375 0.571842678125 0.69170569375 0.571842678125 0.58933609375 0.49626512187499994 0.58933609375
2 0.432684003125 0.5701417906249999 0.432684003125 0.6085303921875 0.4902669046875 0.6085303921875 0.4902669046875 0.5701417906249999 0.432684003125 0.5701417906249999
2 0.24722431718750001 0.5573455921875 0.24722431718750001 0.6512185140625 0.37390145937499997 0.6512185140625 0.37390145937499997 0.5573455921875 0.24722431718750001 0.5573455921875
2 0.41109041562500004 0.61066309375 0.41109041562500004 0.71943079375 0.5262562171875 0.71943079375 0.5262562171875 0.61066309375 0.41109041562500004 0.61066309375
6 0.2432011375 0.46347017656249995 0.2432011375 0.5975761312500001 0.32668209375 0.5975761312500001 0.32668209375 0.46347017656249995 0.2432011375 0.46347017656249995