2 0.188946903125 0.1536024046875 0.188946903125 0.2088780125 0.221235296875 0.2088780125 0.221235296875 0.1536024046875 0.188946903125 0.1536024046875
2 0.17459650625 0.145098465625 0.17459650625 0.21950793281249997 0.19014276875 0.21950793281249997 0.19014276875 0.145098465625 0.17459650625 0.145098465625
6 0.0813189203125 0.0643110421875 0.0813189203125 0.259901646875 0.1829675703125 0.259901646875 0.1829675703125 0.0643110421875 0.0813189203125 0.0643110421875
1 0 0.21312998125 0.05859745625 0.21312998125 0.05859745625 0.1068307390625 0 0.1068307390625 0 0.21312998125
2 0.1973179671875 0.14722445 0.1973179671875 0.330059146875 0.4687796578125 0.330059146875 0.4687796578125 0.14722445 0.1973179671875 0.14722445
2 0.50585151875 0.17433075625 0.50585151875 0.20196855937499997 0.5225936484375 0.20196855937499997 0.5225936484375 0.17433075625 0.50585151875 0.17433075625
2 0.5345523125 0.1360630296875 0.5345523125 0.24661424062499998 0.6003249703125 0.24661424062499998 0.6003249703125 0.1360630296875 0.5345523125 0.1360630296875
2 0.7474165453125 0.16874994062499998 0.7474165453125 0.23385833281249999 0.806014003125 0.23385833281249999 0.806014003125 0.16874994062499998 0.7474165453125 0.16874994062499998
2 0.6397885624999999 0.140315 0.6397885624999999 0.272126059375 0.7557876109375 0.272126059375 0.7557876109375 0.140315 0.6397885624999999 0.140315
2 0.7938161859374999 0.158598465625 0.7938161859374999 0.3478111171875 0.9987129328125001 0.3478111171875 0.9987129328125001 0.158598465625 0.7938161859374999 0.158598465625
4 0.6409844296875 0.1615748484375 0.6409844296875 0.20196855937499997 0.6577265609375 0.20196855937499997 0.6577265609375 0.1615748484375 0.6409844296875 0.1615748484375
4 0.8227561328125 0.1318110578125 0.8227561328125 0.212598484375 0.8466734640625001 0.212598484375 0.8466734640625001 0.1318110578125 0.8227561328125 0.1318110578125
4 0.8418899968750001 0.1360630296875 0.8418899968750001 0.18070871093750002 0.851456928125 0.18070871093750002 0.851456928125 0.1360630296875 0.8418899968750001 0.1360630296875
4 0.0157637015625 0.057069406249999996 0.0157637015625 0.5800616765625 0.1508966125 0.5800616765625 0.1508966125 0.057069406249999996 0.0157637015625 0.057069406249999996