2 0.066947453125 0.5602332921875 0.066947453125 0.61464138125 0.09659561093749999 0.61464138125 0.09659561093749999 0.5602332921875 0.066947453125 0.5602332921875
2 0.0851189046875 0.563633796875 0.0851189046875 0.612941128125 0.12815655312500002 0.612941128125 0.12815655312500002 0.563633796875 0.0851189046875 0.563633796875
2 0.11763623906250001 0.567034303125 0.11763623906250001 0.61464138125 0.15493553437500002 0.61464138125 0.15493553437500002 0.567034303125 0.11763623906250001 0.567034303125
2 0.15493553437500002 0.563633796875 0.15493553437500002 0.5959386 0.1731069859375 0.5959386 0.1731069859375 0.563633796875 0.15493553437500002 0.563633796875
2 0.1673686328125 0.5653340499999999 0.1673686328125 0.612941128125 0.2037115359375 0.612941128125 0.2037115359375 0.5653340499999999 0.1673686328125 0.5653340499999999
2 0.1960603984375 0.5551325328125001 0.1960603984375 0.611240875 0.26396424375 0.611240875 0.26396424375 0.5551325328125001 0.1960603984375 0.5551325328125001
2 0.35641549375000003 0.414861678125 0.35641549375000003 0.7945848171875001 0.5524758921874999 0.7945848171875001 0.5524758921874999 0.414861678125 0.35641549375000003 0.414861678125
2 0.5741541203125 0.51801035625 0.5741541203125 0.5809197078125 0.6401451812500001 0.5809197078125 0.6401451812500001 0.51801035625 0.5741541203125 0.51801035625
2 0.64142038125 0.52027735 0.64142038125 0.571851703125 0.6968911265625 0.571851703125 0.6968911265625 0.52027735 0.64142038125 0.52027735
2 0.3465327796875 0.55144866875 0.3465327796875 0.585453725 0.370442584375 0.585453725 0.370442584375 0.55144866875 0.3465327796875 0.55144866875
2 0.8888071421875001 0.47663753125 0.8888071421875001 0.627960028125 0.9997486375 0.627960028125 0.9997486375 0.47663753125 0.8888071421875001 0.47663753125