2 0.39333043437500004 0.3783050140625 0.39333043437500004 0.4301694109375 0.4147817015625 0.4301694109375 0.4147817015625 0.3783050140625 0.39333043437500004 0.3783050140625
2 0.3607245078125 0.366101625 0.3607245078125 0.41949144531250004 0.3950465359375 0.41949144531250004 0.3950465359375 0.366101625 0.3607245078125 0.366101625
2 0.3538601015625 0.376779590625 0.3538601015625 0.44389822187499994 0.38989823125 0.44389822187499994 0.38989823125 0.376779590625 0.3538601015625 0.376779590625
2 0.3384151890625 0.375254165625 0.3384151890625 0.4530507609375 0.370163065625 0.4530507609375 0.370163065625 0.375254165625 0.3384151890625 0.375254165625
2 0.269771134375 0.369152471875 0.269771134375 0.5033897328125 0.365014759375 0.5033897328125 0.365014759375 0.369152471875 0.269771134375 0.369152471875
2 0.41392365 0.381355859375 0.41392365 0.43474568125 0.43709101875 0.43474568125 0.43709101875 0.381355859375 0.41392365 0.381355859375
2 0.119612265625 0.3874575546875 0.119612265625 0.4271185625 0.15650844375 0.4271185625 0.15650844375 0.3874575546875 0.119612265625 0.3874575546875
2 0.040671603125 0.3874575546875 0.040671603125 0.4667795734375 0.130766925 0.4667795734375 0.130766925 0.3874575546875 0.040671603125 0.3874575546875
2 0.10159320000000001 0.3706778953125 0.10159320000000001 0.613220221875 0.332408834375 0.613220221875 0.332408834375 0.3706778953125 0.10159320000000001 0.3706778953125
2 0.5537859187499999 0.386237221875 0.5537859187499999 0.557084646875 0.683351575 0.557084646875 0.683351575 0.386237221875 0.5537859187499999 0.386237221875
2 0 0.7993218828125 0.17648135781250002 0.7993218828125 0.17648135781250002 0.33711858125 0 0.33711858125 0 0.7993218828125
2 0.6455490703125 0.265423678125 0.6455490703125 0.8405083156250001 0.9990659515625 0.8405083156250001 0.9990659515625 0.265423678125 0.6455490703125 0.265423678125
2 0.43218046250000003 0.3577117953125 0.43218046250000003 0.44466093124999995 0.5025406171875 0.44466093124999995 0.5025406171875 0.3577117953125 0.43218046250000003 0.3577117953125