4 0.5815773546874999 0.40359346562500004 0.5815773546874999 0.43640594374999997 0.5881691484375 0.43640594374999997 0.5881691484375 0.40359346562500004 0.5815773546874999 0.40359346562500004
2 0.379868509375 0.4082809625 0.379868509375 0.45046843281250004 0.41019075312500003 0.45046843281250004 0.41019075312500003 0.4082809625 0.379868509375 0.4082809625
2 0.3508646234375 0.41531220625 0.3508646234375 0.45984342656250005 0.3811868671875 0.45984342656250005 0.3811868671875 0.41531220625 0.3508646234375 0.41531220625
2 0.13597219375 0.4199997046875 0.13597219375 0.4457809359375 0.171567871875 0.4457809359375 0.171567871875 0.4199997046875 0.13597219375 0.4199997046875
2 0.1913432484375 0.4082809625 0.1913432484375 0.43406219375 0.20848190937500002 0.43406219375 0.20848190937500002 0.4082809625 0.1913432484375 0.4082809625
2 0.10696830625 0.4082809625 0.10696830625 0.45046843281250004 0.1386089109375 0.45046843281250004 0.1386089109375 0.4082809625 0.10696830625 0.4082809625
2 0.43919464062499997 0.40124971875000004 0.43919464062499997 0.4457809359375 0.4563333015625 0.4457809359375 0.4563333015625 0.40124971875000004 0.43919464062499997 0.40124971875000004
2 0.451059865625 0.4082809625 0.451059865625 0.42703094999999996 0.4616067359375 0.42703094999999996 0.4616067359375 0.4082809625 0.451059865625 0.4082809625
2 0.5143410734375 0.4106247109375 0.5143410734375 0.427030946875 0.524887940625 0.427030946875 0.524887940625 0.4106247109375 0.5143410734375 0.4106247109375
6 0.2032084734375 0.389530975 0.2032084734375 0.476249665625 0.28626505625 0.476249665625 0.28626505625 0.389530975 0.2032084734375 0.389530975
2 0.46292509375 0.4082809625 0.46292509375 0.42703094999999996 0.47742703750000004 0.42703094999999996 0.47742703750000004 0.4082809625 0.46292509375 0.4082809625
2 0.48006375312499994 0.4082809625 0.48006375312499994 0.42234345156249997 0.4932473375 0.42234345156249997 0.4932473375 0.4082809625 0.48006375312499994 0.4082809625
2 0.50379420625 0.4106247109375 0.50379420625 0.43406219375 0.5209328656250001 0.43406219375 0.5209328656250001 0.4106247109375 0.50379420625 0.4106247109375
2 0.3983255265625 0.40593721406250005 0.3983255265625 0.46921842031249994 0.44710479062499997 0.46921842031249994 0.44710479062499997 0.40593721406250005 0.3983255265625 0.40593721406250005
2 0.269126396875 0.3871872265625 0.269126396875 0.48796840625 0.3508646234375 0.48796840625 0.3508646234375 0.3871872265625 0.269126396875 0.3871872265625