2 0 0.41877542031250004 0.10924408125 0.41877542031250004 0.10924408125 0.310408096875 0 0.310408096875 0 0.41877542031250004
2 0.4024908015625 0.395947440625 0.4024908015625 0.41431478125 0.4190214109375 0.41431478125 0.4190214109375 0.395947440625 0.4024908015625 0.395947440625
2 0.3880265203125 0.39962090781250004 0.3880265203125 0.41431478125 0.403523965625 0.41431478125 0.403523965625 0.39962090781250004 0.3880265203125 0.39962090781250004
2 0.36942958593749997 0.3941107078125 0.36942958593749997 0.41247805 0.38596019375 0.41247805 0.38596019375 0.3941107078125 0.36942958593749997 0.3941107078125
2 0.3343020421875 0.37836726718749997 0.3343020421875 0.41247805 0.368396421875 0.41247805 0.368396421875 0.37836726718749997 0.3343020421875 0.37836726718749997
2 0.298928503125 0.3875509390625 0.298928503125 0.4151019546875 0.3361223734375 0.4151019546875 0.3361223734375 0.3875509390625 0.298928503125 0.3875509390625
2 0.24933667499999998 0.3930611421875 0.24933667499999998 0.42244889218750004 0.2937626859375 0.42244889218750004 0.2937626859375 0.3930611421875 0.24933667499999998 0.3930611421875
2 0.502117240625 0.4049999125 0.502117240625 0.42887745781250003 0.5176146859374999 0.42887745781250003 0.5176146859374999 0.4049999125 0.502117240625 0.4049999125
2 0.420054575 0.400408078125 0.420054575 0.41693868749999996 0.43141936718749996 0.41693868749999996 0.43141936718749996 0.400408078125 0.420054575 0.400408078125
2 0.43882309218750004 0.404081546875 0.43882309218750004 0.41877542031250004 0.4491547234375 0.41877542031250004 0.4491547234375 0.404081546875 0.43882309218750004 0.404081546875
2 0.48841491875000004 0.404081546875 0.48841491875000004 0.431632559375 0.504945528125 0.431632559375 0.504945528125 0.404081546875 0.48841491875000004 0.404081546875
2 0.5214761359375 0.404081546875 0.5214761359375 0.43530603125 0.545238884375 0.43530603125 0.545238884375 0.404081546875 0.5214761359375 0.404081546875
2 0.5607363328125 0.400408078125 0.5607363328125 0.45183663906250005 0.6051623421875 0.45183663906250005 0.6051623421875 0.400408078125 0.5607363328125 0.400408078125
2 0.4512210484375 0.39122440625 0.4512210484375 0.44632643749999995 0.48738175625 0.44632643749999995 0.48738175625 0.39122440625 0.4512210484375 0.39122440625