2 0.167612796875 0.586405840625 0.167612796875 0.6121870703125001 0.18079638125 0.6121870703125001 0.18079638125 0.586405840625 0.167612796875 0.586405840625
2 0.183433096875 0.586405840625 0.183433096875 0.6098433234375 0.197935040625 0.6098433234375 0.197935040625 0.586405840625 0.183433096875 0.586405840625
2 0.2150737015625 0.586405840625 0.2150737015625 0.6051558265625 0.2243022109375 0.6051558265625 0.2243022109375 0.586405840625 0.2150737015625 0.586405840625
2 0.2243022109375 0.586405840625 0.2243022109375 0.6051558265625 0.23748579531249997 0.6051558265625 0.23748579531249997 0.586405840625 0.2243022109375 0.586405840625
2 0.23880415312499997 0.586405840625 0.23880415312499997 0.6051558265625 0.25462445625 0.6051558265625 0.25462445625 0.586405840625 0.23880415312499997 0.586405840625
2 0.35218298125 0.558280859375 0.35218298125 0.6496870453125 0.383823584375 0.6496870453125 0.383823584375 0.558280859375 0.35218298125 0.558280859375
2 0.42601105468749995 0.5840620921874999 0.42601105468749995 0.6356245546875 0.4352395640625 0.6356245546875 0.4352395640625 0.5840620921874999 0.42601105468749995 0.5840620921874999
2 0.7279151453125 0.56062460625 0.7279151453125 0.6332808062499999 0.8096533703125001 0.6332808062499999 0.8096533703125001 0.56062460625 0.7279151453125 0.56062460625
2 0.9296239906249999 0.5535933625 0.9296239906249999 0.57937459375 0.9573095203124999 0.57937459375 0.9573095203124999 0.5535933625 0.9296239906249999 0.5535933625
2 0.9599462359375 0.5324996265624999 0.9599462359375 0.5864058421875 0.9836766890625 0.5864058421875 0.9836766890625 0.5324996265624999 0.9599462359375 0.5324996265624999
6 0.7911963515625 0.54656211875 0.7911963515625 0.595780834375 0.8320654640624999 0.595780834375 0.8320654640624999 0.54656211875 0.7911963515625 0.54656211875
6 0.42996613124999994 0.494999653125 0.42996613124999994 0.682499521875 0.5288430171875 0.682499521875 0.5288430171875 0.494999653125 0.42996613124999994 0.494999653125
2 0.2506693796875 0.5512496125 0.2506693796875 0.7129682515625 0.3719583578125 0.7129682515625 0.3719583578125 0.5512496125 0.2506693796875 0.5512496125
2 0.635630053125 0.558280859375 0.635630053125 0.696562015625 0.7437354468749999 0.696562015625 0.7437354468749999 0.558280859375 0.635630053125 0.558280859375
2 0 0.9989055562500001 0.17288623125 0.9989055562500001 0.17288623125 0.5559371109375 0 0.5559371109375 0 0.9989055562500001
4 0.1452007015625 0.5957808328125 0.1452007015625 0.6356245546875 0.1544292109375 0.6356245546875 0.1544292109375 0.5957808328125 0.1452007015625 0.5957808328125