2 0.46205891875000005 0.3639282625 0.46205891875000005 0.3760592046875 0.47083219062500004 0.3760592046875 0.47083219062500004 0.3639282625 0.46205891875000005 0.3639282625
2 0.45523526406250003 0.3604622796875 0.45523526406250003 0.37952518749999997 0.46205891875000005 0.37952518749999997 0.46205891875000005 0.3604622796875 0.45523526406250003 0.3604622796875
2 0.44451237812500005 0.3587292875 0.44451237812500005 0.3847241609375 0.4610841109375 0.3847241609375 0.4610841109375 0.3587292875 0.44451237812500005 0.3587292875
2 0.4269658359375 0.3552633046875 0.4269658359375 0.39165613125 0.45426045625 0.39165613125 0.45426045625 0.3552633046875 0.4269658359375 0.3552633046875
2 0.39479717812500004 0.3500643296875 0.39479717812500004 0.41245203124999996 0.4328146828125 0.41245203124999996 0.4328146828125 0.3500643296875 0.39479717812500004 0.3500643296875
4 0.356779671875 0.3465983453125 0.356779671875 0.43324793125000005 0.379200253125 0.43324793125000005 0.379200253125 0.3465983453125 0.356779671875 0.3465983453125
2 0.3450819765625 0.3379333859375 0.3450819765625 0.4315149421875 0.4094192953125 0.4315149421875 0.4094192953125 0.3379333859375 0.3450819765625 0.3379333859375
2 0.23687830625 0.3639282625 0.23687830625 0.5025676 0.3353339 0.5025676 0.3353339 0.3639282625 0.23687830625 0.3639282625
2 0.4698573828125 0.3656612546875 0.4698573828125 0.37779219531249997 0.481555075 0.37779219531249997 0.481555075 0.3656612546875 0.4698573828125 0.3656612546875
2 0.481555075 0.3639282625 0.481555075 0.37779219531249997 0.4874039234375 0.37779219531249997 0.4874039234375 0.3639282625 0.481555075 0.3639282625
2 0.48545430781250004 0.3621952703125 0.48545430781250004 0.37952518749999997 0.49325277187500005 0.37952518749999997 0.49325277187500005 0.3621952703125 0.48545430781250004 0.3621952703125
2 0.49325277031250003 0.3587292875 0.49325277031250003 0.39165613125 0.5049504640625 0.39165613125 0.5049504640625 0.3587292875 0.49325277031250003 0.3587292875
2 0.49910161718749996 0.3569962953125 0.49910161718749996 0.39685510625 0.5166481593750001 0.39685510625 0.5166481593750001 0.3569962953125 0.49910161718749996 0.3569962953125
2 0.5069000796875 0.3569962953125 0.5069000796875 0.4055200640625 0.5283458515625 0.4055200640625 0.5283458515625 0.3569962953125 0.5069000796875 0.3569962953125
2 0.5205473890625 0.34139936875 0.5205473890625 0.42804895781249996 0.551741240625 0.42804895781249996 0.551741240625 0.34139936875 0.5205473890625 0.34139936875
2 0.536144315625 0.334467403125 0.536144315625 0.44017989843749994 0.61900298125 0.44017989843749994 0.61900298125 0.334467403125 0.536144315625 0.334467403125
2 0.5595397046875 0.3465983453125 0.5595397046875 0.47137375 0.6570204875 0.47137375 0.6570204875 0.3465983453125 0.5595397046875 0.3465983453125
2 0.6258266359375 0.2547497828125 0.6258266359375 0.5996151375000001 0.93094149375 0.5996151375000001 0.93094149375 0.2547497828125 0.6258266359375 0.2547497828125
2 0 0.7365214828125 0.0604380859375 0.7365214828125 0.0604380859375 0.39165613125 0 0.39165613125 0 0.7365214828125
2 0 0.6100130874999999 0.27879504375 0.6100130874999999 0.27879504375 0.2824776515625 0 0.2824776515625 0 0.6100130874999999
2 0.830536284375 0.3691272375 0.830536284375 0.7694483265625001 0.9991780421875 0.7694483265625001 0.9991780421875 0.3691272375 0.830536284375 0.3691272375