2 0.00534243125 0.256904584375 0.00534243125 0.2862879 0.075127803125 0.2862879 0.075127803125 0.256904584375 0.00534243125 0.256904584375
2 0.2293902046875 0.2699638375 0.2293902046875 0.28465549375 0.24132717656249997 0.28465549375 0.24132717656249997 0.2699638375 0.2293902046875 0.2699638375
2 0.43822459062499997 0.262409325 0.43822459062499997 0.2722037609375 0.44648864843749997 0.2722037609375 0.44648864843749997 0.262409325 0.43822459062499997 0.262409325
2 0.41251419218749996 0.2689389515625 0.41251419218749996 0.2803657953125 0.4198600234375 0.2803657953125 0.4198600234375 0.2689389515625 0.41251419218749996 0.2689389515625
2 0.39598607812500003 0.2689389515625 0.39598607812500003 0.2819982046875 0.4051683625 0.2819982046875 0.4051683625 0.2689389515625 0.39598607812500003 0.2689389515625
2 0.42536939062499995 0.2722037609375 0.42536939062499995 0.27710098125 0.432715221875 0.27710098125 0.432715221875 0.2722037609375 0.42536939062499995 0.2722037609375
2 0.42812407812500003 0.27710098125 0.42812407812500003 0.291792640625 0.43546990625 0.291792640625 0.43546990625 0.27710098125 0.42812407812500003 0.27710098125
2 0.42261470624999997 0.2803657953125 0.42261470624999997 0.299954671875 0.4327152234375 0.299954671875 0.4327152234375 0.2803657953125 0.42261470624999997 0.2803657953125
2 0.460262078125 0.27383616875 0.460262078125 0.28689541875 0.4666896796875 0.28689541875 0.4666896796875 0.27383616875 0.460262078125 0.27383616875
2 0.43363345156250005 0.2852630140625 0.43363345156250005 0.299954671875 0.44465219375 0.299954671875 0.44465219375 0.2852630140625 0.43363345156250005 0.2852630140625
2 0.44281573593749995 0.2689389515625 0.44281573593749995 0.288527828125 0.45291625 0.288527828125 0.45291625 0.2689389515625 0.44281573593749995 0.2689389515625
2 0.3925427203125 0.27750908124999996 0.3925427203125 0.33790811875000004 0.43110832187500003 0.33790811875000004 0.43110832187500003 0.27750908124999996 0.3925427203125 0.27750908124999996
2 0.21991574531250002 0.232617909375 0.21991574531250002 0.485640896875 0.39529740625 0.485640896875 0.39529740625 0.232617909375 0.21991574531250002 0.232617909375