2 0.4813020984375 0.3423563890625 0.4813020984375 0.3690650453125 0.4949599328125 0.3690650453125 0.4949599328125 0.3423563890625 0.4813020984375 0.3423563890625
2 0.48813101249999996 0.34478445 0.48813101249999996 0.38120534375 0.5099835484375 0.38120534375 0.5099835484375 0.34478445 0.48813101249999996 0.34478445
2 0.5004230640625 0.3423563890625 0.5004230640625 0.388489521875 0.53320186875 0.388489521875 0.53320186875 0.3423563890625 0.5004230640625 0.3423563890625
2 0.5168124656249999 0.34964056875 0.5168124656249999 0.3933456375 0.5523228390625 0.3933456375 0.5523228390625 0.34964056875 0.5168124656249999 0.34964056875
2 0.5291045171875 0.3593528078125 0.5291045171875 0.398201759375 0.5564201859375 0.398201759375 0.5564201859375 0.3593528078125 0.5291045171875 0.3593528078125
2 0.538665003125 0.361780865625 0.538665003125 0.4054859390625 0.5755411578125 0.4054859390625 0.5755411578125 0.361780865625 0.538665003125 0.361780865625
2 0.5605175375 0.3593528078125 0.5605175375 0.43219459374999997 0.60558839375 0.43219459374999997 0.60558839375 0.3593528078125 0.5605175375 0.3593528078125
2 0.5891989921875 0.361780865625 0.5891989921875 0.45404712500000005 0.650659246875 0.45404712500000005 0.650659246875 0.361780865625 0.5891989921875 0.361780865625
2 0.62607514375 0.3666369828125 0.62607514375 0.4831838421875 0.721679990625 0.4831838421875 0.721679990625 0.3666369828125 0.62607514375 0.3666369828125
2 0.3201396484375 0.34964056875 0.3201396484375 0.3957737 0.3515526671875 0.3957737 0.3515526671875 0.34964056875 0.3201396484375 0.34964056875
2 0.29145819375 0.34964056875 0.29145819375 0.41762623593750003 0.3242369953125 0.41762623593750003 0.3242369953125 0.34964056875 0.29145819375 0.34964056875
2 0.24092420468750003 0.33750027031249996 0.24092420468750003 0.42491041249999995 0.2996528921875 0.42491041249999995 0.2996528921875 0.33750027031249996 0.24092420468750003 0.33750027031249996
2 0.2259005859375 0.3666369828125 0.2259005859375 0.4346226515625 0.2655083078125 0.4346226515625 0.2655083078125 0.3666369828125 0.2259005859375 0.3666369828125
2 0.1453193609375 0.335072209375 0.1453193609375 0.46133130624999996 0.232729503125 0.46133130624999996 0.232729503125 0.335072209375 0.1453193609375 0.335072209375
2 0.055177653125000004 0.3593528078125 0.055177653125000004 0.48318384375 0.1740008140625 0.48318384375 0.1740008140625 0.3593528078125 0.055177653125000004 0.3593528078125
2 0.341992184375 0.34964056875 0.341992184375 0.4346226515625 0.415744490625 0.4346226515625 0.415744490625 0.34964056875 0.341992184375 0.34964056875