2 0.40597913593749996 0.43340861875 0.40597913593749996 0.4649733953125 0.42783167187500004 0.4649733953125 0.42783167187500004 0.43340861875 0.40597913593749996 0.43340861875
2 0.377297684375 0.43340861875 0.377297684375 0.47468563281250004 0.41280805625 0.47468563281250004 0.41280805625 0.43340861875 0.377297684375 0.43340861875
2 0.43329480781249996 0.43583668124999997 0.43329480781249996 0.45768921718750005 0.4442210765625 0.45768921718750005 0.4442210765625 0.43583668124999997 0.43329480781249996 0.43583668124999997
2 0.44831842499999996 0.43583668124999997 0.44831842499999996 0.4552611578125 0.4592446921875 0.4552611578125 0.4592446921875 0.43583668124999997 0.44831842499999996 0.43583668124999997
2 0.30354537656249997 0.42855250624999996 0.30354537656249997 0.5815202546875 0.3759319015625 0.5815202546875 0.3759319015625 0.42855250624999996 0.30354537656249997 0.42855250624999996
2 0.23662198750000002 0.42612444375 0.23662198750000002 0.63979368125 0.34725044843749997 0.63979368125 0.34725044843749997 0.42612444375 0.23662198750000002 0.42612444375
2 0.0003414453125 0.3010793796875 0.0003414453125 0.8352524718750001 0.300813809375 0.8352524718750001 0.300813809375 0.3010793796875 0.0003414453125 0.3010793796875
2 0.449684209375 0.427338475 0.449684209375 0.49532414375 0.5097786828124999 0.49532414375 0.5097786828124999 0.427338475 0.449684209375 0.427338475
2 0.5780678546875 0.4394787703125 0.5780678546875 0.5001802578125 0.6231387109375001 0.5001802578125 0.6231387109375001 0.4394787703125 0.5780678546875 0.4394787703125
6 0.68596475 0.3083635578125 0.68596475 0.558453690625 0.8484929828125001 0.558453690625 0.8484929828125001 0.3083635578125 0.68596475 0.3083635578125
2 0.9850713328125 0.5159626453125 0.9850713328125 0.5912324921875001 0.9987291671875 0.5912324921875001 0.9987291671875 0.5159626453125 0.9850713328125 0.5159626453125
2 0.6272360625 0.43098056093750003 0.6272360625 0.5062504062500001 0.69415945 0.5062504062500001 0.69415945 0.43098056093750003 0.6272360625 0.43098056093750003
2 0.3458846640625 0.43098056093750003 0.3458846640625 0.47711369374999996 0.3813950359375 0.47711369374999996 0.3813950359375 0.43098056093750003 0.3458846640625 0.43098056093750003