2 0.4734719625 0.5160933875 0.4734719625 0.6754682812499999 0.572348846875 0.6754682812499999 0.572348846875 0.5160933875 0.4734719625 0.5160933875
4 0.7147315609375 0.483280909375 0.7147315609375 0.5207808843749999 0.7318702203125 0.5207808843749999 0.7318702203125 0.483280909375 0.7147315609375 0.483280909375
4 0.7002296171875 0.48093716249999996 0.7002296171875 0.5184371359375 0.7134132015625 0.5184371359375 0.7134132015625 0.48093716249999996 0.7002296171875 0.48093716249999996
4 0.79778814375 0.48093716249999996 0.79778814375 0.6239058140625 0.8202002374999999 0.6239058140625 0.8202002374999999 0.48093716249999996 0.79778814375 0.48093716249999996
2 0.17815966249999998 0.558280859375 0.17815966249999998 0.640312053125 0.219028775 0.640312053125 0.219028775 0.558280859375 0.17815966249999998 0.558280859375
2 0.2493510203125 0.494999653125 0.2493510203125 0.5606246078125 0.33504432031250003 0.5606246078125 0.33504432031250003 0.494999653125 0.2493510203125 0.494999653125
2 0.005454703125 0.548905865625 0.005454703125 0.76218696875 0.163657721875 0.76218696875 0.163657721875 0.548905865625 0.005454703125 0.548905865625
2 0.163657721875 0.4785934140625 0.163657721875 0.8676556453125001 0.38909701874999997 0.8676556453125001 0.38909701874999997 0.4785934140625 0.163657721875 0.4785934140625
2 0.5644386953125 0.5114058921875 0.5644386953125 0.7176557484375 0.762192465625 0.7176557484375 0.762192465625 0.5114058921875 0.5644386953125 0.5114058921875
6 0.3600931328125 0.4457809359375 0.3600931328125 0.6379683046875 0.4866555453125 0.6379683046875 0.4866555453125 0.4457809359375 0.3600931328125 0.4457809359375
2 0.8215185953124999 0.52312463125 0.8215185953124999 0.8746868921875001 0.9994969890625001 0.8746868921875001 0.9994969890625001 0.52312463125 0.8215185953124999 0.52312463125