4 0.25857791875 0.6153063984375 0.25857791875 0.6474492703125 0.26460470625 0.6474492703125 0.26460470625 0.6153063984375 0.25857791875 0.6153063984375
4 0.24135852343750003 0.6183676250000001 0.24135852343750003 0.65663294375 0.2491072484375 0.65663294375 0.2491072484375 0.6183676250000001 0.24135852343750003 0.6183676250000001
4 0.22586106718750001 0.6137757859375 0.22586106718750001 0.675000303125 0.23533173437500002 0.675000303125 0.23533173437500002 0.6137757859375 0.22586106718750001 0.6137757859375
4 0.2163904 0.6168370109375 0.2163904 0.6612247859375 0.2267220359375 0.6612247859375 0.2267220359375 0.6168370109375 0.2163904 0.6168370109375
4 0.2026148828125 0.6198982375 0.2026148828125 0.6688778515625 0.21552942968750002 0.6688778515625 0.21552942968750002 0.6198982375 0.2026148828125 0.6198982375
4 0.1234056625 0.6168370109375 0.1234056625 0.68571459375 0.13718118125 0.68571459375 0.13718118125 0.6168370109375 0.1234056625 0.6168370109375
4 0.10188141875000001 0.6045921078125 0.10188141875000001 0.69030643125 0.12082275312499999 0.69030643125 0.12082275312499999 0.6045921078125 0.10188141875000001 0.6045921078125
5 0.094132690625 0.64438804375 0.094132690625 0.6933676578125 0.11479596562500001 0.6933676578125 0.11479596562500001 0.64438804375 0.094132690625 0.64438804375
0 0.0872449328125 0.68724520625 0.0872449328125 0.7392860437500001 0.111352084375 0.7392860437500001 0.111352084375 0.68724520625 0.0872449328125 0.68724520625
2 0.3673471078125 0.6066329421875001 0.3673471078125 0.6341839734375 0.376817775 0.6341839734375 0.376817775 0.6066329421875001 0.3673471078125 0.6066329421875001
2 0.4276149921875 0.6005104890624999 0.4276149921875 0.618877840625 0.44311244843750003 0.618877840625 0.44311244843750003 0.6005104890624999 0.4276149921875 0.6005104890624999
2 0.46750658749999996 0.5943880359375 0.46750658749999996 0.618877846875 0.4821430734375 0.618877846875 0.4821430734375 0.5943880359375 0.46750658749999996 0.5943880359375
2 0.4821430734375 0.5943880359375 0.4821430734375 0.62346968125 0.4967795609375 0.62346968125 0.4967795609375 0.5943880359375 0.4821430734375 0.5943880359375
2 0.345535865625 0.6086737484375 0.345535865625 0.6408166203125 0.367060109375 0.6408166203125 0.367060109375 0.6086737484375 0.345535865625 0.6086737484375
2 0.44282544843749994 0.597959459375 0.44282544843749994 0.6346941687500001 0.46434969375 0.6346941687500001 0.46434969375 0.597959459375 0.44282544843749994 0.597959459375
0 0.5355232 0.5943880359375 0.5355232 0.6464288765624999 0.5544645328125 0.6464288765624999 0.5544645328125 0.5943880359375 0.5355232 0.5943880359375
4 0.8876598375 0.52704106875 0.8876598375 0.732143196875 0.9289863859375 0.732143196875 0.9289863859375 0.52704106875 0.8876598375 0.52704106875
4 0.938457053125 0.5081634937499999 0.938457053125 0.7484697234375 0.995281059375 0.7484697234375 0.995281059375 0.5081634937499999 0.938457053125 0.5081634937499999
4 0.9332912359375 0.5142859453125 0.9332912359375 0.6918370453125 0.9634251765625 0.6918370453125 0.9634251765625 0.5142859453125 0.9332912359375 0.5142859453125
6 0.0008609437500000001 0.17948030625 0.0008609437500000001 0.8606030609375 0.0886798609375 0.8606030609375 0.0886798609375 0.17948030625 0.0008609437500000001 0.17948030625