2 0.1558052046875 0.5208712328125 0.1558052046875 0.5345958140625 0.17615813281249998 0.5345958140625 0.17615813281249998 0.5208712328125 0.1558052046875 0.5208712328125
2 0.18668551093750002 0.5133850953125 0.18668551093750002 0.529605053125 0.2217767671875 0.529605053125 0.2217767671875 0.5133850953125 0.18668551093750002 0.5133850953125
2 0.2133548671875 0.61320023125 0.2133548671875 0.63191556875 0.22809319687500001 0.63191556875 0.22809319687500001 0.61320023125 0.2133548671875 0.61320023125
2 0.2884501578125 0.60446640625 0.2884501578125 0.6394017015625 0.3066976125 0.6394017015625 0.3066976125 0.60446640625 0.2884501578125 0.60446640625
2 0.297573884375 0.6032187171875 0.297573884375 0.64688783125 0.3214359390625 0.64688783125 0.3214359390625 0.6032187171875 0.297573884375 0.6032187171875
2 0.3116103859375 0.608209471875 0.3116103859375 0.6506309015625 0.3459998203125 0.6506309015625 0.3459998203125 0.608209471875 0.3116103859375 0.608209471875
2 0.33968339375 0.5845033796875 0.33968339375 0.6643554875000001 0.3726691765625 0.6643554875000001 0.3726691765625 0.5845033796875 0.33968339375 0.5845033796875
2 0.3537198953125 0.5632926625 0.3537198953125 0.675584690625 0.4077604328125 0.675584690625 0.4077604328125 0.5632926625 0.3537198953125 0.5632926625
2 0.3789856015625 0.6007233390625 0.3789856015625 0.6855662 0.4246042359375 0.6855662 0.4246042359375 0.6007233390625 0.3789856015625 0.6007233390625
2 0.40004035625 0.5732741765625 0.40004035625 0.7167584296875 0.5193506328125 0.7167584296875 0.5193506328125 0.5732741765625 0.40004035625 0.5732741765625
2 0.22318041875 0.6050335437500001 0.22318041875 0.6462072890624999 0.24984977343749998 0.6462072890624999 0.24984977343749998 0.6050335437500001 0.22318041875 0.6050335437500001
2 0.1024664921875 0.6112719906249999 0.1024664921875 0.6586841765625 0.1354522734375 0.6586841765625 0.1354522734375 0.6112719906249999 0.1024664921875 0.6112719906249999
4 0.5937440984375 0.5613644250000001 0.5937440984375 0.6773995125 0.613395203125 0.6773995125 0.613395203125 0.5613644250000001 0.5937440984375 0.5613644250000001