2 0.17344298593750002 0.5447927124999999 0.17344298593750002 0.57275128125 0.1824296703125 0.57275128125 0.1824296703125 0.5447927124999999 0.17344298593750002 0.5447927124999999
2 0.1661413078125 0.5447927124999999 0.1661413078125 0.5737498015625 0.1768129921875 0.5737498015625 0.1768129921875 0.5447927124999999 0.1661413078125 0.5447927124999999
2 0.154346284375 0.540798628125 0.154346284375 0.5737498000000001 0.17344298593750002 0.5737498000000001 0.17344298593750002 0.540798628125 0.154346284375 0.540798628125
2 0.1442362671875 0.54279566875 0.1442362671875 0.5787424031249999 0.1667029734375 0.5787424031249999 0.1667029734375 0.54279566875 0.1442362671875 0.54279566875
2 0.2535367953125 0.54279566875 0.2535367953125 0.5537793921875 0.259715140625 0.5537793921875 0.259715140625 0.54279566875 0.2535367953125 0.54279566875
2 0.259715140625 0.54279566875 0.259715140625 0.5567749562500001 0.26982515937499996 0.5567749562500001 0.26982515937499996 0.54279566875 0.259715140625 0.54279566875
2 0.269263490625 0.5417971500000001 0.269263490625 0.560769034375 0.279373509375 0.560769034375 0.279373509375 0.5417971500000001 0.269263490625 0.5417971500000001
2 0.21545573281250002 0.5467897515625 0.21545573281250002 0.57275128125 0.23005909375 0.57275128125 0.23005909375 0.5467897515625 0.21545573281250002 0.5467897515625
2 0.2266890859375 0.548786790625 0.2266890859375 0.5567749531249999 0.2323057625 0.5567749531249999 0.2323057625 0.548786790625 0.2266890859375 0.548786790625
2 0.11008686875 0.5354565390625 0.11008686875 0.5873795953125 0.1505269421875 0.5873795953125 0.1505269421875 0.5354565390625 0.11008686875 0.5354565390625
2 0.0028083375 0.5204787328125 0.0028083375 0.6153381671875 0.08256515 0.6153381671875 0.08256515 0.5204787328125 0.0028083375 0.5204787328125
2 0.28982053125 0.5194802140625 0.28982053125 0.6003603640625 0.3448639671875 0.6003603640625 0.3448639671875 0.5194802140625 0.28982053125 0.5194802140625
2 0.18169949999999999 0.5284668984375 0.18169949999999999 0.58038995625 0.2193312359375 0.58038995625 0.2193312359375 0.5284668984375 0.18169949999999999 0.5284668984375
2 0.241236278125 0.54544174375 0.241236278125 0.5634151078125 0.25696297343749996 0.5634151078125 0.25696297343749996 0.54544174375 0.241236278125 0.54544174375
2 0.6796179140625 0.47589480625 0.6796179140625 0.5627660765625 0.802061471875 0.5627660765625 0.802061471875 0.47589480625 0.6796179140625 0.47589480625
2 0.7993655093750001 0.474796428125 0.7993655093750001 0.546590034375 0.9104633375000001 0.546590034375 0.9104633375000001 0.474796428125 0.7993655093750001 0.474796428125