2 0.5722122046875 0.4055200640625 0.5722122046875 0.4471118640625 0.5907335546875 0.4471118640625 0.5907335546875 0.4055200640625 0.5722122046875 0.4055200640625
2 0.58780913125 0.426315965625 0.58780913125 0.4419128921875 0.5956075937499999 0.4419128921875 0.5956075937499999 0.426315965625 0.58780913125 0.426315965625
2 0.593657978125 0.42458297187499994 0.593657978125 0.4384469078125 0.6024312484375 0.4384469078125 0.6024312484375 0.42458297187499994 0.593657978125 0.42458297187499994
2 0.5985320171875 0.42111698906250006 0.5985320171875 0.440179896875 0.6092549015625 0.440179896875 0.6092549015625 0.42111698906250006 0.5985320171875 0.42111698906250006
2 0.60633048125 0.42284998125 0.60633048125 0.44364588281249995 0.6151037515625 0.44364588281249995 0.6151037515625 0.42284998125 0.60633048125 0.42284998125
2 0.6121793265625 0.426315965625 0.6121793265625 0.445378875 0.6258266359375 0.445378875 0.6258266359375 0.426315965625 0.6121793265625 0.426315965625
2 0.6258266359375 0.42284998125 0.6258266359375 0.44711186718749996 0.6404487546875 0.44711186718749996 0.6404487546875 0.42284998125 0.6258266359375 0.42284998125
2 0.6307006765625001 0.43324793125000005 0.6307006765625001 0.4505778484375 0.6462976015625 0.4505778484375 0.6462976015625 0.43324793125000005 0.6307006765625001 0.43324793125000005
2 0.6423983703125 0.42458297187499994 0.6423983703125 0.45404383125000003 0.6638441421875 0.45404383125000003 0.6638441421875 0.42458297187499994 0.6423983703125 0.42458297187499994
2 0.65604568125 0.41591801406249995 0.65604568125 0.4592428078125 0.6882143390625 0.4592428078125 0.6882143390625 0.41591801406249995 0.65604568125 0.41591801406249995
2 0.666768565625 0.419383996875 0.666768565625 0.46444178281250004 0.6969876109375 0.46444178281250004 0.6969876109375 0.419383996875 0.666768565625 0.419383996875
2 0.5429679703125 0.419383996875 0.5429679703125 0.44017989999999996 0.5575900875 0.44017989999999996 0.5575900875 0.419383996875 0.5429679703125 0.419383996875
2 0.5517412421875 0.426315965625 0.5517412421875 0.44364588281249995 0.5624641265625 0.44364588281249995 0.5624641265625 0.426315965625 0.5517412421875 0.426315965625
2 0.5273710453125 0.426315965625 0.5273710453125 0.44017989999999996 0.5488168171875001 0.44017989999999996 0.5488168171875001 0.426315965625 0.5273710453125 0.426315965625
2 0.524446621875 0.4297819484375 0.524446621875 0.460975796875 0.5478420093749999 0.460975796875 0.5478420093749999 0.4297819484375 0.524446621875 0.4297819484375
2 0.189112721875 0.43151494062499995 0.189112721875 0.45231084062500004 0.20665926406250001 0.45231084062500004 0.20665926406250001 0.43151494062499995 0.189112721875 0.43151494062499995
2 0.2242058046875 0.42804895624999995 0.2242058046875 0.45750981562500004 0.246626384375 0.45750981562500004 0.246626384375 0.42804895624999995 0.2242058046875 0.42804895624999995
2 0.23980273125 0.4349809234375 0.23980273125 0.45750981562500004 0.262223309375 0.45750981562500004 0.262223309375 0.4349809234375 0.23980273125 0.4349809234375
2 0.248576 0.419383996875 0.248576 0.4349809234375 0.28659350625 0.4349809234375 0.28659350625 0.419383996875 0.248576 0.419383996875
2 0.2592988859375 0.426315965625 0.2592988859375 0.4627087890625 0.287568315625 0.4627087890625 0.287568315625 0.426315965625 0.2592988859375 0.426315965625
2 0.3850490984375 0.426315965625 0.3850490984375 0.46790776718749993 0.41429333437500004 0.46790776718749993 0.41429333437500004 0.426315965625 0.3850490984375 0.426315965625
2 0.1257502140625 0.419383996875 0.1257502140625 0.44884485625000003 0.1491456015625 0.44884485625000003 0.1491456015625 0.419383996875 0.1257502140625 0.419383996875
2 0.1384227140625 0.42804895624999995 0.1384227140625 0.4505778484375 0.1491456015625 0.4505778484375 0.1491456015625 0.42804895624999995 0.1384227140625 0.42804895624999995
2 0.1062540546875 0.43844690625 0.1062540546875 0.46790776718749993 0.1306242515625 0.46790776718749993 0.1306242515625 0.43844690625 0.1062540546875 0.43844690625
2 0.074085396875 0.4297819484375 0.074085396875 0.45231084062500004 0.083833475 0.45231084062500004 0.083833475 0.4297819484375 0.074085396875 0.4297819484375
2 0.0136473109375 0.43151494062499995 0.0136473109375 0.4505778484375 0.0253450046875 0.4505778484375 0.0253450046875 0.43151494062499995 0.0136473109375 0.43151494062499995
2 0.1462211765625 0.42458297187499994 0.1462211765625 0.47310674375 0.1920371453125 0.47310674375 0.1920371453125 0.42458297187499994 0.1462211765625 0.42458297187499994
2 0.2768454265625 0.42284998125 0.2768454265625 0.493902640625 0.346056784375 0.493902640625 0.346056784375 0.42284998125 0.2768454265625 0.42284998125
2 0.402595640625 0.4141850234375 0.402595640625 0.49390264375 0.5010512328125001 0.49390264375 0.5010512328125001 0.4141850234375 0.402595640625 0.4141850234375
2 0.6745670296874999 0.3933891234375 0.6745670296874999 0.51989751875 0.9085209125 0.51989751875 0.9085209125 0.3933891234375 0.6745670296874999 0.3933891234375
2 0.5605145109375 0.41765100625 0.5605145109375 0.45924280624999997 0.5868343234375 0.45924280624999997 0.5868343234375 0.41765100625 0.5605145109375 0.41765100625
4 0.3519056328125 0.426315965625 0.3519056328125 0.46444178125 0.3558048640625 0.46444178125 0.3558048640625 0.426315965625 0.3519056328125 0.426315965625
4 0.3411827453125 0.41591801406249995 0.3411827453125 0.46444178281250004 0.350930825 0.46444178281250004 0.350930825 0.41591801406249995 0.3411827453125 0.41591801406249995
4 0.5156733499999999 0.42284998125 0.5156733499999999 0.445378875 0.5234718140625 0.445378875 0.5234718140625 0.42284998125 0.5156733499999999 0.42284998125
4 0.0019496156250000001 0.426315965625 0.0019496156250000001 0.50603358125 0.015596926562499999 0.50603358125 0.015596926562499999 0.426315965625 0.0019496156250000001 0.426315965625