2 0.1175151734375 0.532030884375 0.1175151734375 0.5507808703125 0.1333354765625 0.5507808703125 0.1333354765625 0.532030884375 0.1175151734375 0.532030884375
2 0.1676127953125 0.532030884375 0.1676127953125 0.5554683687499999 0.179478021875 0.5554683687499999 0.179478021875 0.532030884375 0.1676127953125 0.532030884375
2 0.1412456265625 0.532030884375 0.1412456265625 0.55312461875 0.1517924953125 0.55312461875 0.1517924953125 0.532030884375 0.1412456265625 0.532030884375
2 0.13992726718749998 0.5390621296875 0.13992726718749998 0.5859370968750001 0.1728862296875 0.5859370968750001 0.1728862296875 0.5390621296875 0.13992726718749998 0.5390621296875
2 0.10301323124999999 0.5273433875 0.10301323124999999 0.546093375 0.1109233828125 0.546093375 0.1109233828125 0.5273433875 0.10301323124999999 0.5273433875
2 0.0806011359375 0.5296871359375 0.0806011359375 0.5507808703125 0.1003765140625 0.5507808703125 0.1003765140625 0.5296871359375 0.0806011359375 0.5296871359375
2 0.0067730625000000004 0.541405878125 0.0067730625000000004 0.5695308578125 0.03314023125 0.5695308578125 0.03314023125 0.541405878125 0.0067730625000000004 0.541405878125
2 0.6778175234375 0.5765621046875 0.6778175234375 0.5859370968750001 0.702866334375 0.5859370968750001 0.702866334375 0.5765621046875 0.6778175234375 0.5765621046875
2 0.7041846921875 0.5695308578125 0.7041846921875 0.59062459375 0.725278428125 0.59062459375 0.725278428125 0.5695308578125 0.7041846921875 0.5695308578125
2 0.725278428125 0.5742183562500001 0.725278428125 0.604687084375 0.7542823140625 0.604687084375 0.7542823140625 0.5742183562500001 0.725278428125 0.5742183562500001
2 0.7938330687499999 0.5812496 0.7938330687499999 0.6023433359375 0.8267920312499999 0.6023433359375 0.8267920312499999 0.5812496 0.7938330687499999 0.5812496
2 0.8637060671875 0.5929683421874999 0.8637060671875 0.6304683171875001 0.8887548781250001 0.6304683171875001 0.8887548781250001 0.5929683421874999 0.8637060671875 0.5929683421874999
2 0.9111669718750001 0.5882808453124999 0.9111669718750001 0.60937458125 0.9414892171875 0.60937458125 0.9414892171875 0.5882808453124999 0.9111669718750001 0.5882808453124999
2 0.9388525 0.5835933484375 0.9388525 0.604687084375 0.9731298203125001 0.604687084375 0.9731298203125001 0.5835933484375 0.9388525 0.5835933484375
2 0.9744481781250001 0.5882808453124999 0.9744481781250001 0.612187071875 0.9994969890625001 0.612187071875 0.9994969890625001 0.5882808453124999 0.9744481781250001 0.5882808453124999
2 0.83865725625 0.5910933359375 0.83865725625 0.6239058140625 0.8729345765625001 0.6239058140625 0.8729345765625001 0.5910933359375 0.83865725625 0.5910933359375