2 0.1712513953125 0.5528243609375 0.1712513953125 0.7018616468750001 0.2853039125 0.7018616468750001 0.2853039125 0.5528243609375 0.1712513953125 0.5528243609375
2 0.0250302171875 0.5476253859375 0.0250302171875 0.6134790703124999 0.0805942640625 0.6134790703124999 0.0805942640625 0.5476253859375 0.0250302171875 0.5476253859375
2 0.0747454171875 0.53029546875 0.0747454171875 0.5684212859375 0.0952163828125 0.5684212859375 0.0952163828125 0.53029546875 0.0747454171875 0.53029546875
2 0.241437559375 0.537227434375 0.241437559375 0.6169450546874999 0.30480006875 0.6169450546874999 0.30480006875 0.537227434375 0.241437559375 0.537227434375
2 0.3038252609375 0.564955303125 0.3038252609375 0.6100130874999999 0.318447378125 0.6100130874999999 0.318447378125 0.564955303125 0.3038252609375 0.564955303125
2 0.17612543281249998 0.5476253859375 0.17612543281249998 0.5926831703125 0.21219332343750003 0.5926831703125 0.21219332343750003 0.5476253859375 0.17612543281249998 0.5476253859375
2 0.06304772343750001 0.5285624765625 0.06304772343750001 0.5476253859375 0.07182099374999999 0.5476253859375 0.07182099374999999 0.5285624765625 0.06304772343750001 0.5285624765625
2 0.86239015625 0.5926831703125 0.86239015625 0.634274971875 0.90430689375 0.634274971875 0.90430689375 0.5926831703125 0.86239015625 0.5926831703125
2 0.7883047609375 0.5840182109375001 0.7883047609375 0.6221440296875 0.8321711140625 0.6221440296875 0.8321711140625 0.5840182109375001 0.7883047609375 0.5840182109375001
2 0.76295975625 0.5788192359375001 0.76295975625 0.592683171875 0.7863551453125 0.592683171875 0.7863551453125 0.5788192359375001 0.76295975625 0.5788192359375001
2 0.6810758984375 0.570154278125 0.6810758984375 0.6100130874999999 0.730791096875 0.6100130874999999 0.730791096875 0.570154278125 0.6810758984375 0.570154278125
2 0.6469576234375001 0.5684212859375 0.6469576234375001 0.6030811203125 0.6849751281249999 0.6030811203125 0.6849751281249999 0.5684212859375 0.6469576234375001 0.5684212859375
2 0.539728759375 0.564955303125 0.539728759375 0.5944161625 0.577746265625 0.5944161625 0.577746265625 0.564955303125 0.539728759375 0.564955303125
2 0.607965309375 0.57708624375 0.607965309375 0.59095018125 0.615763771875 0.59095018125 0.615763771875 0.57708624375 0.607965309375 0.57708624375
2 0.25216044531250004 0.51989751875 0.25216044531250004 0.537227434375 0.2921275671875 0.537227434375 0.2921275671875 0.51989751875 0.25216044531250004 0.51989751875
2 0.21414293906249998 0.5233635015625 0.21414293906249998 0.5510913687500001 0.2482612140625 0.5510913687500001 0.2482612140625 0.5233635015625 0.21414293906249998 0.5233635015625
1 0.12251100156250001 0.5233635015625 0.12251100156250001 0.56668829375 0.1683269703125 0.56668829375 0.1683269703125 0.5233635015625 0.12251100156250001 0.5233635015625
2 0.1371331203125 0.5476253859375 0.1371331203125 0.5718872687500001 0.1683269703125 0.5718872687500001 0.1683269703125 0.5476253859375 0.1371331203125 0.5476253859375
2 0.4295754734375 0.559756328125 0.4295754734375 0.5996151375000001 0.4812402890625 0.5996151375000001 0.4812402890625 0.559756328125 0.4295754734375 0.559756328125
2 0.7122697484375 0.5822852187499999 0.7122697484375 0.6221440296875 0.7736826421874999 0.6221440296875 0.7736826421874999 0.5822852187499999 0.7122697484375 0.5822852187499999