2 0 0.8699618453125 0.22907984374999998 0.8699618453125 0.22907984374999998 0.60828009375 0 0.60828009375 0 0.8699618453125
2 0.5848847078125 0.65853685625 0.5848847078125 0.82837004375 0.690163953125 0.82837004375 0.690163953125 0.65853685625 0.5848847078125 0.65853685625
2 0.398696409375 0.675866775 0.398696409375 0.7399874671875 0.43866353125 0.7399874671875 0.43866353125 0.675866775 0.398696409375 0.675866775
2 0.456210071875 0.6966626734375 0.456210071875 0.7243905421875 0.47765584531250005 0.7243905421875 0.47765584531250005 0.6966626734375 0.456210071875 0.6966626734375
2 0.47668103593750005 0.6983956640625 0.47668103593750005 0.73132250625 0.5010512328125001 0.73132250625 0.5010512328125001 0.6983956640625 0.47668103593750005 0.6983956640625
2 0.2203065734375 0.6654688203125 0.2203065734375 0.804108159375 0.349956015625 0.804108159375 0.349956015625 0.6654688203125 0.2203065734375 0.6654688203125
2 0.386998715625 0.686264721875 0.386998715625 0.7261235312500001 0.40454525781250006 0.7261235312500001 0.40454525781250006 0.686264721875 0.386998715625 0.686264721875
2 0.43378949218749996 0.703594640625 0.43378949218749996 0.73132250625 0.44451237812500005 0.73132250625 0.44451237812500005 0.703594640625 0.43378949218749996 0.703594640625
2 0.43768872343750004 0.703594640625 0.43768872343750004 0.7243905421875 0.44548718750000005 0.7243905421875 0.44548718750000005 0.703594640625 0.43768872343750004 0.703594640625
2 0.44256276093749997 0.69492968125 0.44256276093749997 0.717458575 0.45523526406250003 0.717458575 0.45523526406250003 0.69492968125 0.44256276093749997 0.69492968125
2 0.498126809375 0.7018616484375 0.498126809375 0.727856525 0.512748925 0.727856525 0.512748925 0.7018616484375 0.498126809375 0.7018616484375
2 0.552716046875 0.6931966921875 0.552716046875 0.74518644375 0.5956075937499999 0.74518644375 0.5956075937499999 0.6931966921875 0.552716046875 0.6931966921875