4 0.2526005375 0.45852403906249994 0.2526005375 0.535595859375 0.26378838125000004 0.535595859375 0.26378838125000004 0.45852403906249994 0.2526005375 0.45852403906249994
4 0.8287745453124999 0.49581685625 0.8287745453124999 0.5704024890625 0.8427593515625 0.5704024890625 0.8427593515625 0.49581685625 0.8287745453124999 0.49581685625
4 0.8889092109375 0.50327541875 0.8889092109375 0.5704024875 0.8959016140625 0.5704024875 0.8959016140625 0.50327541875 0.8889092109375 0.50327541875
4 0.891706171875 0.49084448125 0.891706171875 0.5952643625 0.9140818625 0.5952643625 0.9140818625 0.49084448125 0.891706171875 0.49084448125
4 0.068001096875 0.45355166406249997 0.068001096875 0.5455406093749999 0.0833843828125 0.5455406093749999 0.0833843828125 0.45355166406249997 0.068001096875 0.45355166406249997
4 0.0945722296875 0.44360691250000006 0.0945722296875 0.5778610484375 0.11694792031250001 0.5778610484375 0.11694792031250001 0.44360691250000006 0.0945722296875 0.44360691250000006
4 0.11974488125 0.4411207265625 0.11974488125 0.600236740625 0.17009018125 0.600236740625 0.17009018125 0.4411207265625 0.11974488125 0.4411207265625
4 0.05121933125 0.46846879062499996 0.05121933125 0.565430109375 0.0749935015625 0.565430109375 0.0749935015625 0.46846879062499996 0.05121933125 0.46846879062499996
4 0.839962390625 0.49581685625 0.839962390625 0.585319615625 0.8665335203125 0.585319615625 0.8665335203125 0.49581685625 0.839962390625 0.49581685625
4 0.8637365609375 0.49084448125 0.8637365609375 0.5927781765625 0.8903076921874999 0.5927781765625 0.8903076921874999 0.49084448125 0.8637365609375 0.49084448125
4 0.9140818625 0.475927353125 0.9140818625 0.6101814921875001 0.9364575515625001 0.6101814921875001 0.9364575515625001 0.475927353125 0.9140818625 0.475927353125
2 0.501530084375 0.50078923125 0.501530084375 0.5306234843750001 0.5141164125000001 0.5306234843750001 0.5141164125000001 0.50078923125 0.501530084375 0.50078923125
2 0.49174072031250005 0.49333066875 0.49174072031250005 0.5604577374999999 0.5043270468750001 0.5604577374999999 0.5043270468750001 0.49333066875 0.49174072031250005 0.49333066875
2 0.48334983749999993 0.4808997296875 0.48334983749999993 0.5604577390625 0.49453768125 0.5604577390625 0.49453768125 0.4808997296875 0.48334983749999993 0.4808997296875
2 0.3966440390625 0.48338591875 0.3966440390625 0.5505129859375 0.4246136515625 0.5505129859375 0.4246136515625 0.48338591875 0.3966440390625 0.48338591875
2 0.37566683125 0.4858721046875 0.37566683125 0.5629439234375 0.41062884374999997 0.5629439234375 0.41062884374999997 0.4858721046875 0.37566683125 0.4858721046875
2 0.528101215625 0.50078923125 0.528101215625 0.5306234843750001 0.5448829828124999 0.5306234843750001 0.5448829828124999 0.50078923125 0.528101215625 0.50078923125
2 0.53789058125 0.4883582921875 0.53789058125 0.5604577390625 0.556070828125 0.5604577390625 0.556070828125 0.4883582921875 0.53789058125 0.4883582921875
1 0.5518753859375 0.4460931 0.5518753859375 0.49084448125 0.599423728125 0.49084448125 0.599423728125 0.4460931 0.5518753859375 0.4460931
2 0.6148070140625 0.49333066875 0.6148070140625 0.5554853625 0.6679492765624999 0.5554853625 0.6679492765624999 0.49333066875 0.6148070140625 0.49333066875
2 0.549078425 0.4808997296875 0.549078425 0.572888678125 0.6064161296874999 0.572888678125 0.6064161296874999 0.4808997296875 0.549078425 0.4808997296875
2 0.4120273265625 0.4659826015625 0.4120273265625 0.5828334234375 0.490342240625 0.5828334234375 0.490342240625 0.4659826015625 0.4120273265625 0.4659826015625
2 0.2707807859375 0.4485792875 0.2707807859375 0.5803472375000001 0.37566683125 0.5803472375000001 0.37566683125 0.4485792875 0.2707807859375 0.4485792875
4 0.12282578749999999 0.45750981562500004 0.12282578749999999 0.49563563281249995 0.13549829062500002 0.49563563281249995 0.13549829062500002 0.45750981562500004 0.12282578749999999 0.45750981562500004