4 0.5881404890625 0.44225369531250003 0.5881404890625 0.609789803125 0.6318455578125 0.609789803125 0.6318455578125 0.44225369531250003 0.5881404890625 0.44225369531250003
4 0.640040259375 0.4349695171875 0.640040259375 0.5830811484375 0.6728190625 0.5830811484375 0.6728190625 0.4349695171875 0.640040259375 0.4349695171875
4 0.77252125625 0.4398256359375 0.77252125625 0.5660847328124999 0.81076319375 0.5660847328124999 0.81076319375 0.4398256359375 0.77252125625 0.4398256359375
4 0.5403380671875 0.4398256359375 0.5403380671875 0.5126674203125 0.5539959 0.5126674203125 0.5539959 0.4398256359375 0.5403380671875 0.4398256359375
4 0.55672746875 0.4786745875 0.55672746875 0.517523540625 0.5758484375 0.517523540625 0.5758484375 0.4786745875 0.55672746875 0.4786745875
4 0.2466946203125 0.44953787343749996 0.2466946203125 0.5053832421875 0.2576208859375 0.5053832421875 0.2576208859375 0.44953787343749996 0.2466946203125 0.44953787343749996
4 0.1866001453125 0.44953787343749996 0.1866001453125 0.5078113015625 0.20298954687499998 0.5078113015625 0.20298954687499998 0.44953787343749996 0.1866001453125 0.44953787343749996
4 0.1702107453125 0.44953787343749996 0.1702107453125 0.49809906406250004 0.1852343640625 0.49809906406250004 0.1852343640625 0.44953787343749996 0.1702107453125 0.44953787343749996
4 0.7656923390625 0.44953787343749996 0.7656923390625 0.52480771875 0.7807159578125 0.52480771875 0.7807159578125 0.44953787343749996 0.7656923390625 0.44953787343749996
4 0.6168219406250001 0.4471098140625 0.6168219406250001 0.5636566703125 0.6345771265625 0.5636566703125 0.6345771265625 0.4471098140625 0.6168219406250001 0.4471098140625
4 0.665990146875 0.4471098140625 0.665990146875 0.5345199578125001 0.6782821984375 0.5345199578125001 0.6782821984375 0.4471098140625 0.665990146875 0.4471098140625
4 0.6769164140624999 0.44468175624999995 0.6769164140624999 0.527235778125 0.68374533125 0.527235778125 0.68374533125 0.44468175624999995 0.6769164140624999 0.44468175624999995
4 0.555361684375 0.4325414578125 0.555361684375 0.4762465296875 0.56901951875 0.4762465296875 0.56901951875 0.4325414578125 0.555361684375 0.4325414578125
4 0.5717510859375 0.43739757656249995 0.5717510859375 0.4786745859375 0.5854089203124999 0.4786745859375 0.5854089203124999 0.43739757656249995 0.5717510859375 0.43739757656249995
4 0.81076319375 0.42525727968749993 0.81076319375 0.554638153125 0.835347296875 0.554638153125 0.835347296875 0.42525727968749993 0.81076319375 0.42525727968749993
4 0.9377810562500001 0.3791241484375 0.9377810562500001 0.6195020390625 0.974657209375 0.6195020390625 0.974657209375 0.3791241484375 0.9377810562500001 0.3791241484375
4 0.97192564375 0.3985486234375 0.97192564375 0.44225369531250003 0.9951439625 0.44225369531250003 0.9951439625 0.3985486234375 0.97192564375 0.3985486234375
4 0.7001347328125 0.44468175624999995 0.7001347328125 0.4956710046875 0.7137925671875001 0.4956710046875 0.7137925671875001 0.44468175624999995 0.7001347328125 0.44468175624999995
4 0.711061 0.44225369531250003 0.711061 0.4908148875 0.716524134375 0.4908148875 0.716524134375 0.44225369531250003 0.711061 0.44225369531250003
2 0 0.8095844 0.209818465625 0.8095844 0.209818465625 0.45023159375 0 0.45023159375 0 0.8095844
6 0.3982965859375 0.4138107015625 0.3982965859375 0.586202928125 0.5007303453125 0.586202928125 0.5007303453125 0.4138107015625 0.3982965859375 0.4138107015625
2 0.49663299531250005 0.4526596515625 0.49663299531250005 0.510933078125 0.53487493125 0.510933078125 0.53487493125 0.4526596515625 0.49663299531250005 0.4526596515625
2 0.3887361 0.4453754734375 0.3887361 0.5085050203125 0.4105886359375 0.5085050203125 0.4105886359375 0.4453754734375 0.3887361 0.4453754734375
4 0.5854089203124999 0.44051935625 0.5854089203124999 0.4890805453125 0.5977009718749999 0.4890805453125 0.5977009718749999 0.44051935625 0.5854089203124999 0.44051935625