2 0.23253173437500002 0.4393219484375 0.23253173437500002 0.45610160625 0.259131309375 0.45610160625 0.259131309375 0.4393219484375 0.23253173437500002 0.4393219484375
2 0.3912711109375 0.44542364375 0.3912711109375 0.45610160625 0.39985161874999997 0.45610160625 0.39985161874999997 0.44542364375 0.3912711109375 0.44542364375
2 0.3801164515625 0.44542364375 0.3801164515625 0.4652541515625 0.3947033140625 0.4652541515625 0.3947033140625 0.44542364375 0.3801164515625 0.44542364375
2 0.44189610156250003 0.44389822187499994 0.44189610156250003 0.456101609375 0.44618635624999997 0.456101609375 0.44618635624999997 0.44389822187499994 0.44189610156250003 0.44389822187499994
2 0.434173646875 0.44542364375 0.434173646875 0.459152453125 0.44018000312499994 0.459152453125 0.44018000312499994 0.44542364375 0.434173646875 0.44542364375
2 0.44704440625 0.44389822187499994 0.44704440625 0.456101609375 0.4521927109375 0.456101609375 0.4521927109375 0.44389822187499994 0.44704440625 0.44389822187499994
2 0.282298675 0.4118643296875 0.282298675 0.42406771875000004 0.29516943281249997 0.42406771875000004 0.29516943281249997 0.4118643296875 0.282298675 0.4118643296875
2 0.21193851718749998 0.4377965265625 0.21193851718749998 0.4530507640625 0.2265253828125 0.4530507640625 0.2265253828125 0.4377965265625 0.21193851718749998 0.4377965265625
2 0.356091034375 0.43627110625 0.356091034375 0.47288126875 0.38354865625 0.47288126875 0.38354865625 0.43627110625 0.356091034375 0.43627110625
2 0.405857971875 0.4423727984375 0.405857971875 0.47593211406249997 0.4315994953125 0.47593211406249997 0.4315994953125 0.4423727984375 0.405857971875 0.4423727984375
2 0.4573410125 0.44694906874999996 0.4573410125 0.45762703125000004 0.4642054203125 0.45762703125000004 0.4642054203125 0.44694906874999996 0.4573410125 0.44694906874999996