2 0.2595759578125 0.5478534484375001 0.2595759578125 0.6581720578125 0.335303140625 0.6581720578125 0.335303140625 0.5478534484375001 0.2595759578125 0.5478534484375001
2 0.293232484375 0.5385044109375 0.293232484375 0.6151664984375 0.343717271875 0.6151664984375 0.343717271875 0.5385044109375 0.293232484375 0.5385044109375
2 0.3300443078125 0.542244025 0.3300443078125 0.602077846875 0.34792433749999996 0.602077846875 0.34792433749999996 0.542244025 0.3300443078125 0.542244025
2 0.3405619734375 0.551593059375 0.3405619734375 0.5927288125 0.35949376875 0.5927288125 0.35949376875 0.551593059375 0.3405619734375 0.551593059375
2 0.35318316875 0.5553326765625 0.35318316875 0.58711939375 0.3647526 0.58711939375 0.3647526 0.5553326765625 0.35318316875 0.5553326765625
2 0.36264906875 0.551593059375 0.36264906875 0.59459861875 0.375270265625 0.59459861875 0.375270265625 0.551593059375 0.36264906875 0.551593059375
2 0.368959665625 0.551593059375 0.368959665625 0.59459861875 0.38158086406249997 0.59459861875 0.38158086406249997 0.551593059375 0.368959665625 0.551593059375
2 0.37316673125 0.542244025 0.37316673125 0.609557078125 0.41208209062499995 0.609557078125 0.41208209062499995 0.542244025 0.37316673125 0.542244025
2 0.5669021046875 0.579640165625 0.5669021046875 0.6039476546875 0.5858339015625 0.6039476546875 0.5858339015625 0.579640165625 0.5669021046875 0.579640165625
2 0.582678603125 0.5777703578125 0.582678603125 0.60768726875 0.6068692296875 0.60768726875 0.6068692296875 0.5777703578125 0.582678603125 0.5777703578125
2 0.59740333125 0.5665515171875 0.59740333125 0.6114268875 0.64052575625 0.6114268875 0.64052575625 0.5665515171875 0.59740333125 0.5665515171875
2 0.6089727625 0.5777703578125 0.6089727625 0.6469532171875 0.6615610843749999 0.6469532171875 0.6615610843749999 0.5777703578125 0.6089727625 0.5777703578125
2 0.6531469515625 0.579640165625 0.6531469515625 0.6301249531249999 0.682596409375 0.6301249531249999 0.682596409375 0.579640165625 0.6531469515625 0.579640165625
2 0.5416597125 0.5759005515625 0.5416597125 0.59085900625 0.558487975 0.59085900625 0.558487975 0.5759005515625 0.5416597125 0.5759005515625
2 0.5342973453125001 0.5590722890625 0.5342973453125001 0.58711939375 0.558487975 0.58711939375 0.558487975 0.5590722890625 0.5342973453125001 0.5590722890625
2 0.51010671875 0.5553326765625 0.51010671875 0.5721609375 0.5258832171875001 0.5721609375 0.5258832171875001 0.5553326765625 0.51010671875 0.5553326765625
2 0.39195828593750004 0.5291553765625 0.39195828593750004 0.6899587781250001 0.500290228125 0.6899587781250001 0.500290228125 0.5291553765625 0.39195828593750004 0.5291553765625
2 0.11464254062499998 0.54794155 0.11464254062499998 0.7423133749999999 0.29239106718749996 0.7423133749999999 0.29239106718749996 0.54794155 0.11464254062499998 0.54794155
2 0.6685027796874999 0.579640165625 0.6685027796874999 0.650692828125 0.71898756875 0.650692828125 0.71898756875 0.579640165625 0.6685027796874999 0.579640165625
2 0.7337123 0.579640165625 0.7337123 0.69182858125 0.8262677437500001 0.69182858125 0.8262677437500001 0.579640165625 0.7337123 0.579640165625
2 0.8439374093750001 0.5964684265625 0.8439374093750001 0.8040170015625 0.9995988421875 0.8040170015625 0.9995988421875 0.5964684265625 0.8439374093750001 0.5964684265625