2 0.54909596875 0.4429744015625 0.54909596875 0.4829086546875 0.558455559375 0.4829086546875 0.558455559375 0.4429744015625 0.54909596875 0.4429744015625
1 0.494186371875 0.4196794203125 0.494186371875 0.452957965625 0.51852130625 0.452957965625 0.51852130625 0.4196794203125 0.494186371875 0.4196794203125
6 0.51852130625 0.4185701359375 0.51852130625 0.4318815546875 0.5453521328125001 0.4318815546875 0.5453521328125001 0.4185701359375 0.51852130625 0.4185701359375
2 0.514153496875 0.4318815546875 0.514153496875 0.4951107875 0.5503439125 0.4951107875 0.5503439125 0.4318815546875 0.514153496875 0.4318815546875
2 0.436312903125 0.4365035625 0.436312903125 0.4631263953125 0.456904003125 0.4631263953125 0.456904003125 0.4365035625 0.436312903125 0.4365035625
2 0.40761016093749997 0.44094069999999996 0.40761016093749997 0.4864213765625 0.435064959375 0.4864213765625 0.435064959375 0.44094069999999996 0.40761016093749997 0.44094069999999996
2 0.181966046875 0.43357188593749996 0.181966046875 0.5600303515625 0.30052085625 0.5600303515625 0.30052085625 0.43357188593749996 0.181966046875 0.43357188593749996
2 0.33370059531249996 0.41775665625 0.33370059531249996 0.554483928125 0.4115879953125 0.554483928125 0.4115879953125 0.41775665625 0.33370059531249996 0.41775665625
2 0.43467498437499996 0.41986429062499997 0.43467498437499996 0.60883888125 0.5451181515625 0.60883888125 0.5451181515625 0.41986429062499997 0.43467498437499996 0.41986429062499997
6 0.557987578125 0.368837190625 0.557987578125 0.4930770875 0.606033475 0.4930770875 0.606033475 0.368837190625 0.557987578125 0.368837190625
2 0.0012601328125 0.4448448640625 0.0012601328125 0.97397370625 0.25147318125 0.97397370625 0.25147318125 0.4448448640625 0.0012601328125 0.4448448640625
6 0.57437905 0 0.57437905 0.8386409640625001 0.9986804796875 0.8386409640625001 0.9986804796875 0 0.57437905 0