2 0.3885309921875 0.46185574531249995 0.3885309921875 0.49072173125 0.40012893125 0.49072173125 0.40012893125 0.46185574531249995 0.3885309921875 0.46185574531249995
2 0.37577325781250004 0.45938152499999996 0.37577325781250004 0.494433078125 0.39085058125 0.494433078125 0.39085058125 0.45938152499999996 0.37577325781250004 0.45938152499999996
2 0.3572165546875 0.46144338124999995 0.3572165546875 0.498556790625 0.3838918171875 0.498556790625 0.3838918171875 0.46144338124999995 0.3572165546875 0.46144338124999995
2 0.31314438125 0.475876375 0.31314438125 0.50474235625 0.3340206734375 0.50474235625 0.3340206734375 0.475876375 0.31314438125 0.475876375
2 0.3003866484375 0.4800000875 0.3003866484375 0.51298978125 0.31894335156250003 0.51298978125 0.31894335156250003 0.4800000875 0.3003866484375 0.4800000875
2 0.27719076875000004 0.47175266093749996 0.27719076875000004 0.51298978125 0.3085052046875 0.51298978125 0.3085052046875 0.47175266093749996 0.27719076875000004 0.47175266093749996
2 0.3943299609375 0.46144337343749997 0.3943299609375 0.49649492500000003 0.41868563593749997 0.49649492500000003 0.41868563593749997 0.46144337343749997 0.3943299609375 0.46144337343749997
2 0.334020675 0.46350523125 0.334020675 0.5129897765625 0.36881449375 0.5129897765625 0.36881449375 0.46350523125 0.334020675 0.46350523125
2 0.42100522500000004 0.45731966249999995 0.42100522500000004 0.49649492500000003 0.436082546875 0.49649492500000003 0.436082546875 0.45731966249999995 0.42100522500000004 0.45731966249999995
4 0.2400773578125 0.47422688125 0.2400773578125 0.49278358750000006 0.2505155046875 0.49278358750000006 0.2505155046875 0.47422688125 0.2400773578125 0.47422688125
4 0.208762921875 0.4804124515625 0.208762921875 0.5051547234375 0.2226804484375 0.5051547234375 0.2226804484375 0.4804124515625 0.208762921875 0.4804124515625
4 0.194845390625 0.48247430625 0.194845390625 0.507216578125 0.20876292031250002 0.507216578125 0.20876292031250002 0.48247430625 0.194845390625 0.48247430625
4 0.1716495125 0.47010317031250004 0.1716495125 0.5484537015625001 0.1890464234375 0.5484537015625001 0.1890464234375 0.47010317031250004 0.1716495125 0.47010317031250004
4 0.14149486875 0.48659801874999997 0.14149486875 0.544329984375 0.155412396875 0.544329984375 0.155412396875 0.48659801874999997 0.14149486875 0.48659801874999997
4 0.12525775156250002 0.484536159375 0.12525775156250002 0.548453696875 0.13917527968750001 0.548453696875 0.13917527968750001 0.484536159375 0.12525775156250002 0.484536159375
4 0.0487113484375 0.48865987187500004 0.0487113484375 0.5567011203125001 0.070747434375 0.5567011203125001 0.070747434375 0.48865987187500004 0.0487113484375 0.48865987187500004
4 0.0672680515625 0.49072173125 0.0672680515625 0.5690722609375001 0.0927835203125 0.5690722609375001 0.0927835203125 0.49072173125 0.0672680515625 0.49072173125
4 0 0.57319596875 0.013917528125 0.57319596875 0.013917528125 0.484536159375 0 0.484536159375 0 0.57319596875
2 0.42332481250000004 0.41237120000000005 0.42332481250000004 0.5216495703125 0.5439433890625 0.5216495703125 0.5439433890625 0.41237120000000005 0.42332481250000004 0.41237120000000005
4 0.5682990625000001 0.44123718749999996 0.5682990625000001 0.48247430781249995 0.581056796875 0.48247430781249995 0.581056796875 0.44123718749999996 0.5682990625000001 0.44123718749999996
4 0.606572265625 0.4247423375 0.606572265625 0.47216502812499994 0.6193299984375 0.47216502812499994 0.6193299984375 0.4247423375 0.606572265625 0.4247423375
4 0.6146908234375 0.420618628125 0.6146908234375 0.455670178125 0.6239691765625001 0.455670178125 0.6239691765625001 0.420618628125 0.6146908234375 0.420618628125
4 0.6471650546875 0.42268048125 0.6471650546875 0.507216578125 0.669201140625 0.507216578125 0.669201140625 0.42268048125 0.6471650546875 0.42268048125
4 0.6715207296875 0.4164949125 0.6715207296875 0.5092784359375 0.6889176390625 0.5092784359375 0.6889176390625 0.4164949125 0.6715207296875 0.4164949125
4 0.7443558140625 0.4185567671875 0.7443558140625 0.4989691546875 0.7571135484375 0.4989691546875 0.7571135484375 0.4185567671875 0.7443558140625 0.4185567671875
4 0.7304382859375 0.41237120000000005 0.7304382859375 0.507216578125 0.747835196875 0.507216578125 0.747835196875 0.41237120000000005 0.7304382859375 0.41237120000000005
4 0.71675269375 0.4164949125 0.71675269375 0.5092784359375 0.74458775 0.5092784359375 0.74458775 0.4164949125 0.71675269375 0.4164949125
4 0.96819605625 0.3835052203125 0.96819605625 0.49484544374999995 0.9983507015624999 0.49484544374999995 0.9983507015624999 0.3835052203125 0.96819605625 0.3835052203125
4 0.9125259453125001 0.42680419374999995 0.9125259453125001 0.6144330890624999 0.96123729375 0.6144330890624999 0.96123729375 0.42680419374999995 0.9125259453125001 0.42680419374999995
4 0.8707733624999999 0.400000065625 0.8707733624999999 0.453608321875 0.8986084171875 0.453608321875 0.8986084171875 0.400000065625 0.8707733624999999 0.400000065625
4 0.866134184375 0.4202062609375 0.866134184375 0.6408248515625 0.906726975 0.6408248515625 0.906726975 0.4202062609375 0.866134184375 0.4202062609375
5 0.610051646875 0.420618628125 0.610051646875 0.5855671078125 0.65644340625 0.5855671078125 0.65644340625 0.420618628125 0.610051646875 0.420618628125
0 0.612139296875 0.498556790625 0.612139296875 0.6202062953125 0.6585310578125 0.6202062953125 0.6585310578125 0.498556790625 0.612139296875 0.498556790625
2 0 0.9995877999999999 0.1612113671875 0.9995877999999999 0.1612113671875 0.5377320546875 0 0.5377320546875 0 0.9995877999999999