2 0.0239173296875 0.46559068124999997 0.0239173296875 0.48047257343750005 0.0502263921875 0.48047257343750005 0.0502263921875 0.46559068124999997 0.0239173296875 0.46559068124999997
2 0.05500985781249999 0.46346469375000005 0.05500985781249999 0.48047257343750005 0.0825147859375 0.48047257343750005 0.0825147859375 0.46346469375000005 0.05500985781249999 0.46346469375000005
2 0.087298253125 0.46346469375000005 0.087298253125 0.48047257343750005 0.0992569171875 0.48047257343750005 0.0992569171875 0.46346469375000005 0.087298253125 0.46346469375000005
2 0.0980610515625 0.4677166671875 0.0980610515625 0.4847245453125 0.115999046875 0.4847245453125 0.115999046875 0.4677166671875 0.0980610515625 0.4677166671875
2 0.1159990484375 0.46984265000000003 0.1159990484375 0.486850528125 0.1375246453125 0.486850528125 0.1375246453125 0.46984265000000003 0.1159990484375 0.46984265000000003
2 0.136328778125 0.4762206046875 0.136328778125 0.48897651406250003 0.1566585078125 0.48897651406250003 0.1566585078125 0.4762206046875 0.136328778125 0.4762206046875
2 0.1578543734375 0.4762206046875 0.1578543734375 0.493228484375 0.1817717015625 0.493228484375 0.1817717015625 0.4762206046875 0.1578543734375 0.4762206046875
2 0.18655516875 0.48259855781249994 0.18655516875 0.4974804546875 0.20090556875 0.4974804546875 0.20090556875 0.48259855781249994 0.18655516875 0.48259855781249994
2 0.20090556718750002 0.48259855781249994 0.20090556718750002 0.49960643749999994 0.2068849 0.49960643749999994 0.2068849 0.48259855781249994 0.20090556718750002 0.48259855781249994
2 0.2403691609375 0.48685053125 0.2403691609375 0.4996064390625 0.251131959375 0.4996064390625 0.251131959375 0.48685053125 0.2403691609375 0.48685053125
2 0.2284104953125 0.48685053125 0.2284104953125 0.4996064390625 0.2403691609375 0.4996064390625 0.2403691609375 0.48685053125 0.2284104953125 0.48685053125
2 0.21764769843749998 0.48472454374999996 0.21764769843749998 0.497480453125 0.2272146296875 0.497480453125 0.2272146296875 0.48472454374999996 0.21764769843749998 0.48472454374999996
2 0.2786368875 0.4932284828125 0.2786368875 0.5059843921875 0.29537901875 0.5059843921875 0.29537901875 0.4932284828125 0.2786368875 0.4932284828125
2 0.2571112921875 0.48685053125 0.2571112921875 0.5017324234375 0.2666782234375 0.5017324234375 0.2666782234375 0.48685053125 0.2571112921875 0.48685053125
2 0.4137698 0.49960643749999994 0.4137698 0.5102363624999999 0.42453259687499995 0.5102363624999999 0.42453259687499995 0.49960643749999994 0.4137698 0.49960643749999994
2 0.44007886249999995 0.5059843921875 0.44007886249999995 0.5187402999999999 0.44964579374999997 0.5187402999999999 0.44964579374999997 0.5059843921875 0.44007886249999995 0.5059843921875
2 0.3874607375 0.49748045156250004 0.3874607375 0.520866284375 0.3970276703125 0.520866284375 0.3970276703125 0.49748045156250004 0.3874607375 0.49748045156250004
2 0.3683268734375 0.49748045156250004 0.3683268734375 0.5314962078125001 0.39344006875000004 0.5314962078125001 0.39344006875000004 0.49748045156250004 0.3683268734375 0.49748045156250004
2 0.3109252828125 0.5102363624999999 0.3109252828125 0.542126134375 0.3276674125 0.542126134375 0.3276674125 0.5102363624999999 0.3109252828125 0.5102363624999999
2 0.4783465890625 0.49960643749999994 0.4783465890625 0.527244240625 0.501068053125 0.527244240625 0.501068053125 0.49960643749999994 0.4783465890625 0.49960643749999994
2 0.5130267171875 0.49960643749999994 0.5130267171875 0.5336221953125 0.5441192453125 0.5336221953125 0.5441192453125 0.49960643749999994 0.5130267171875 0.49960643749999994
2 0.5321605796875 0.50385840625 0.5321605796875 0.5336221953125 0.566840709375 0.5336221953125 0.566840709375 0.50385840625 0.5321605796875 0.50385840625
2 0.5620572421875 0.49960643749999994 0.5620572421875 0.5336221953125 0.589562171875 0.5336221953125 0.589562171875 0.49960643749999994 0.5620572421875 0.49960643749999994
2 0.5752117734375 0.5059843921875 0.5752117734375 0.5336221953125 0.60391256875 0.5336221953125 0.60391256875 0.5059843921875 0.5752117734375 0.5059843921875
2 0.6230464328124999 0.4762206046875 0.6230464328124999 0.5633859828125 0.7450248125 0.5633859828125 0.7450248125 0.4762206046875 0.6230464328124999 0.4762206046875
2 0.40228949218750004 0.49748045156250004 0.40228949218750004 0.527244240625 0.41783575781250004 0.527244240625 0.41783575781250004 0.49748045156250004 0.40228949218750004 0.49748045156250004
2 0.41783575781250004 0.49748045156250004 0.41783575781250004 0.53574818125 0.44294895156249997 0.53574818125 0.44294895156249997 0.49748045156250004 0.41783575781250004 0.49748045156250004
2 0.3185788390625 0.49748045156250004 0.3185788390625 0.57614189375 0.3819597625 0.57614189375 0.3819597625 0.49748045156250004 0.3185788390625 0.49748045156250004
6 0.100452784375 0.448582803125 0.100452784375 0.4677166671875 0.11480318125 0.4677166671875 0.11480318125 0.448582803125 0.100452784375 0.448582803125
2 0.21645183281249997 0.4660158703125 0.21645183281249997 0.480897765625 0.2272146296875 0.480897765625 0.2272146296875 0.4660158703125 0.21645183281249997 0.4660158703125