2 0.4361148375 0.4699498828125 0.4361148375 0.4886526640625 0.45332989843749993 0.4886526640625 0.45332989843749993 0.4699498828125 0.4361148375 0.4699498828125
2 0.42463813124999994 0.474370525 0.42463813124999994 0.49647381093750004 0.43707123125 0.49647381093750004 0.43707123125 0.474370525 0.42463813124999994 0.474370525
2 0.3806440921875 0.476070778125 0.3806440921875 0.50157456875 0.40933585624999996 0.50157456875 0.40933585624999996 0.476070778125 0.3806440921875 0.476070778125
2 0.33760644375000004 0.4692697671875 0.33760644375000004 0.518577096875 0.3844696609375 0.518577096875 0.3844696609375 0.4692697671875 0.33760644375000004 0.4692697671875
2 0.13676408281250002 0.50157456875 0.13676408281250002 0.5797862 0.23527247812500002 0.5797862 0.23527247812500002 0.50157456875 0.13676408281250002 0.50157456875
2 0.4781960953125 0.476070778125 0.4781960953125 0.4896728 0.486803625 0.4896728 0.486803625 0.476070778125 0.4781960953125 0.476070778125
2 0.48010887812499997 0.4794712828125 0.48010887812499997 0.49307330625 0.488716409375 0.49307330625 0.488716409375 0.4794712828125 0.48010887812499997 0.4794712828125
2 0.5212337421875 0.476070778125 0.5212337421875 0.48627229375000003 0.529841271875 0.48627229375000003 0.529841271875 0.476070778125 0.5212337421875 0.476070778125
2 0.5107134296875 0.48117153593750006 0.5107134296875 0.4913730546875 0.52888488125 0.4913730546875 0.52888488125 0.48117153593750006 0.5107134296875 0.48117153593750006
2 0.5059314671874999 0.4896728 0.5059314671874999 0.51687684375 0.52888488125 0.51687684375 0.52888488125 0.4896728 0.5059314671874999 0.4896728
2 0.48584723125 0.48117153593750006 0.48584723125 0.49817406562500005 0.49828032968749997 0.49817406562500005 0.49828032968749997 0.48117153593750006 0.48584723125 0.48117153593750006
2 0.4552426828125 0.476070778125 0.4552426828125 0.52027735 0.48202166249999995 0.52027735 0.48202166249999995 0.476070778125 0.4552426828125 0.476070778125
2 0.5202773515625 0.45736799687499996 0.5202773515625 0.56788443125 0.5910503734375 0.56788443125 0.5910503734375 0.45736799687499996 0.5202773515625 0.45736799687499996
6 0.4026411125 0.46246875625 0.4026411125 0.4998743171875 0.4208125640625 0.4998743171875 0.4208125640625 0.46246875625 0.4026411125 0.46246875625
6 0.27926651874999997 0.442065721875 0.27926651874999997 0.535579625 0.33760644375000004 0.535579625 0.33760644375000004 0.442065721875 0.27926651874999997 0.442065721875
6 0 0.620592265625 0.0315609421875 0.620592265625 0.0315609421875 0.23973564218750001 0 0.23973564218750001 0 0.620592265625
2 0.9403943640625 0.7597280140625 0.9403943640625 0.9297532937499999 0.9987342874999999 0.9297532937499999 0.9987342874999999 0.7597280140625 0.9403943640625 0.7597280140625