2 0.4198938 0.45994473124999996 0.4198938 0.499723734375 0.44366797187499996 0.499723734375 0.44366797187499996 0.45994473124999996 0.4198938 0.45994473124999996
2 0.382134821875 0.45621545 0.382134821875 0.51837014375 0.42408924218750005 0.51837014375 0.42408924218750005 0.45621545 0.382134821875 0.45621545
2 0.45366710781249997 0.46988948124999996 0.45366710781249997 0.49723754531250003 0.46485495312499997 0.49723754531250003 0.46485495312499997 0.46988948124999996 0.45366710781249997 0.46988948124999996
2 0.4563333015625 0.4624309203125 0.4563333015625 0.4972375484375 0.474644315625 0.4972375484375 0.474644315625 0.4624309203125 0.4563333015625 0.4624309203125
2 0.46765191250000004 0.44005522812500003 0.46765191250000004 0.49723754531250003 0.5026139281249999 0.49723754531250003 0.5026139281249999 0.44005522812500003 0.46765191250000004 0.44005522812500003
2 0.49282456406249997 0.44999998124999996 0.49282456406249997 0.5071823 0.531982021875 0.5071823 0.531982021875 0.44999998124999996 0.49282456406249997 0.44999998124999996
2 0.520794175 0.44502760468749997 0.520794175 0.512154675 0.57813188125 0.512154675 0.57813188125 0.44502760468749997 0.520794175 0.44502760468749997
2 0.5935151671875001 0.43756904218750003 0.5935151671875001 0.537016553125 0.6802209640625 0.537016553125 0.6802209640625 0.43756904218750003 0.5935151671875001 0.43756904218750003
2 0.260676784375 0.4922651734375 0.260676784375 0.5295579890625 0.2844509546875 0.5295579890625 0.2844509546875 0.4922651734375 0.260676784375 0.4922651734375
2 0.23484907812500003 0.4872927953125 0.23484907812500003 0.5320441734375 0.2606767859375 0.5320441734375 0.2606767859375 0.4872927953125 0.23484907812500003 0.4872927953125
2 0 0.6851223 0.234420290625 0.6851223 0.234420290625 0.4439620890625 0 0.4439620890625 0 0.6851223
2 0.34018040625 0.479834234375 0.34018040625 0.5022099250000001 0.358360653125 0.5022099250000001 0.358360653125 0.479834234375 0.34018040625 0.479834234375