2 0.3410687109375 0.46223561875 0.3410687109375 0.48398788125000003 0.354833815625 0.48398788125000003 0.354833815625 0.46223561875 0.3410687109375 0.46223561875
2 0.30895013125 0.4608761078125 0.30895013125 0.5220543484375 0.3456570796875 0.5220543484375 0.3456570796875 0.4608761078125 0.30895013125 0.4608761078125
2 0.5654399171875 0.41220540781250004 0.5654399171875 0.43939574062500003 0.5707930125 0.43939574062500003 0.5707930125 0.41220540781250004 0.5654399171875 0.41220540781250004
2 0.5692635546875 0.41220540781250004 0.5692635546875 0.44075525468750004 0.5784402937500001 0.44075525468750004 0.5784402937500001 0.41220540781250004 0.5692635546875 0.41220540781250004
2 0.5746166546875 0.3877341109375 0.5746166546875 0.44483380625 0.6029115921875 0.44483380625 0.6029115921875 0.3877341109375 0.5746166546875 0.3877341109375
2 0.593734853125 0.399969759375 0.593734853125 0.4557099375 0.6151472390625 0.4557099375 0.6151472390625 0.399969759375 0.593734853125 0.399969759375
2 0.0290596671875 0.5540029890625 0.0290596671875 0.5893504187499999 0.058884059375 0.5893504187499999 0.058884059375 0.5540029890625 0.0290596671875 0.5540029890625
2 0.07647280468749999 0.5336102421875 0.07647280468749999 0.5947884828125 0.121591759375 0.5947884828125 0.121591759375 0.5336102421875 0.07647280468749999 0.5336102421875
2 0.2668900890625 0.4737915140625 0.2668900890625 0.53904830625 0.3211857796875 0.53904830625 0.3211857796875 0.4737915140625 0.2668900890625 0.4737915140625
2 0.3349508875 0.42892746875 0.3349508875 0.5703171890625 0.4496600953125 0.5703171890625 0.4496600953125 0.42892746875 0.3349508875 0.42892746875
2 0.6094882546875 0.3861026953125 0.6094882546875 0.470392721875 0.665313403125 0.470392721875 0.665313403125 0.3861026953125 0.6094882546875 0.3861026953125
2 0.52154453125 0.426888190625 0.52154453125 0.45271900625 0.5414274609375 0.45271900625 0.5414274609375 0.426888190625 0.52154453125 0.426888190625
0 0.8055294453125 0.3743202140625 0.8055294453125 0.4681268515625 0.8720607859375 0.4681268515625 0.8720607859375 0.3743202140625 0.8055294453125 0.3743202140625
0 0.9482786984375 0.34441085 0.9482786984375 0.472205403125 0.9987507499999999 0.472205403125 0.9987507499999999 0.34441085 0.9482786984375 0.34441085