2 0.47765584531250005 0.5043005921875 0.47765584531250005 0.5389604265625 0.5010512328125001 0.5389604265625 0.5010512328125001 0.5043005921875 0.47765584531250005 0.5043005921875
2 0.5146985421875 0.49563563437499997 0.5146985421875 0.5562903453125 0.543942778125 0.5562903453125 0.543942778125 0.49563563437499997 0.5146985421875 0.49563563437499997
2 0.5263962375 0.49563563437499997 0.5263962375 0.5822852203125 0.5809854765625 0.5822852203125 0.5809854765625 0.49563563437499997 0.5263962375 0.49563563437499997
2 0.40357044843749995 0.49563563437499997 0.40357044843749995 0.5337614515625 0.4269658359375 0.5337614515625 0.4269658359375 0.49563563437499997 0.40357044843749995 0.49563563437499997
2 0.37530102187500003 0.49563563437499997 0.37530102187500003 0.53029546875 0.4025956421875 0.53029546875 0.4025956421875 0.49563563437499997 0.37530102187500003 0.49563563437499997
2 0.356779671875 0.5060335828125 0.356779671875 0.528562478125 0.376275828125 0.528562478125 0.376275828125 0.5060335828125 0.356779671875 0.5060335828125
2 0.3070644703125 0.4817717 0.3070644703125 0.537227434375 0.3431323609375 0.537227434375 0.3431323609375 0.4817717 0.3070644703125 0.4817717
2 0.28659350781250004 0.4852376828125 0.28659350781250004 0.5389604265625 0.3138881265625 0.5389604265625 0.3138881265625 0.4852376828125 0.28659350781250004 0.4852376828125
2 0.2437019625 0.4627087890625 0.2437019625 0.5510913687500001 0.28659350781250004 0.5510913687500001 0.28659350781250004 0.4627087890625 0.2437019625 0.4627087890625
2 0.164742525 0.466174775 0.164742525 0.564955303125 0.25832407812499997 0.564955303125 0.25832407812499997 0.466174775 0.164742525 0.466174775
2 0 0.592683171875 0.1306242515625 0.592683171875 0.1306242515625 0.4835046921875 0 0.4835046921875 0 0.592683171875
2 0.5712373984375 0.4852376828125 0.5712373984375 0.6204110375 0.6901639546875 0.6204110375 0.6901639546875 0.4852376828125 0.5712373984375 0.4852376828125
2 0.7808210843750001 0.5753532515625001 0.7808210843750001 0.88382578125 0.9982032343749999 0.88382578125 0.9982032343749999 0.5753532515625001 0.7808210843750001 0.5753532515625001
2 0.42014217968749995 0.473106740625 0.42014217968749995 0.57708624375 0.481555075 0.57708624375 0.481555075 0.473106740625 0.42014217968749995 0.473106740625