2 0.471599153125 0.5340657671875 0.471599153125 0.5637360859375 0.4859044859375 0.5637360859375 0.4859044859375 0.5340657671875 0.471599153125 0.5340657671875
2 0.402456709375 0.52558853125 0.402456709375 0.5489009265625 0.42033837656250006 0.5489009265625 0.42033837656250006 0.52558853125 0.402456709375 0.52558853125
2 0.6530384734375 0.5637360859375 0.6530384734375 0.65486635625 0.7042992515625001 0.65486635625 0.7042992515625001 0.5637360859375 0.6530384734375 0.5637360859375
2 0.0643739984375 0.46624789218749996 0.0643739984375 0.7057297609375001 0.3027962171875 0.7057297609375001 0.3027962171875 0.46624789218749996 0.0643739984375 0.46624789218749996
2 0.3511959328125 0.5065147546875 0.3511959328125 0.5679747046875 0.4000724875 0.5679747046875 0.4000724875 0.5065147546875 0.3511959328125 0.5065147546875
2 0.402456709375 0.4980375203125 0.402456709375 0.6273153437500001 0.48113604062500004 0.6273153437500001 0.48113604062500004 0.4980375203125 0.402456709375 0.4980375203125
2 0.47827498124999995 0.5065147546875 0.47827498124999995 0.5997643328125 0.5354963140625 0.5997643328125 0.5354963140625 0.5065147546875 0.47827498124999995 0.5065147546875
2 0.5409800328125 0.5171112953125 0.5409800328125 0.697252528125 0.663767475 0.697252528125 0.663767475 0.5171112953125 0.5409800328125 0.5171112953125
2 0 0.6188381109375001 0.13470855312500002 0.6188381109375001 0.13470855312500002 0.45777065625 0 0.45777065625 0 0.6188381109375001
2 0.658641375 0.48532166875 0.658641375 0.99819435 0.9983930328125 0.99819435 0.9983930328125 0.48532166875 0.658641375 0.48532166875
2 0.3147173265625 0.4980375203125 0.3147173265625 0.5552588515625 0.3516727703125 0.5552588515625 0.3516727703125 0.4980375203125 0.3147173265625 0.4980375203125
2 0.276569771875 0.5022761359375 0.276569771875 0.55949746875 0.3171015484375 0.55949746875 0.3171015484375 0.5022761359375 0.276569771875 0.5022761359375