4 0.154853046875 0.48441209531249996 0.154853046875 0.5320591875 0.1652758484375 0.5320591875 0.1652758484375 0.48441209531249996 0.154853046875 0.48441209531249996
4 0.05806989218750001 0.473823853125 0.05806989218750001 0.5320591890624999 0.067003721875 0.5320591890624999 0.067003721875 0.473823853125 0.05806989218750001 0.473823853125
4 0.07593754999999999 0.48970621875000003 0.07593754999999999 0.5294121281249999 0.080404465625 0.5294121281249999 0.080404465625 0.48970621875000003 0.07593754999999999 0.48970621875000003
4 0.069981665625 0.473823853125 0.069981665625 0.5294121281249999 0.075937553125 0.5294121281249999 0.075937553125 0.473823853125 0.069981665625 0.473823853125
2 0.18909939375 0.48970621875000003 0.18909939375 0.5294121281249999 0.24419134374999998 0.5294121281249999 0.24419134374999998 0.48970621875000003 0.18909939375 0.48970621875000003
2 0.42227235625 0.473823853125 0.42227235625 0.5611768546875 0.45502973124999996 0.5611768546875 0.45502973124999996 0.473823853125 0.42227235625 0.473823853125
2 0.4356731 0.46852973125 0.4356731 0.5823533390625 0.49076505 0.5823533390625 0.49076505 0.46852973125 0.4356731 0.46852973125
2 0.4654525328125 0.4500003078125 0.4654525328125 0.6194121906250001 0.589037175 0.6194121906250001 0.589037175 0.4500003078125 0.4654525328125 0.4500003078125
2 0.5238202375000001 0.473823853125 0.5238202375000001 0.693529884375 0.7173865453125 0.693529884375 0.7173865453125 0.473823853125 0.5238202375000001 0.473823853125
2 0.24032001875 0.36529436875 0.24032001875 0.693529884375 0.43686427187500004 0.693529884375 0.43686427187500004 0.36529436875 0.24032001875 0.36529436875
2 0.653658534375 0.23823545781250002 0.653658534375 0.8311770375 0.9976109750000001 0.8311770375 0.9976109750000001 0.23823545781250002 0.653658534375 0.23823545781250002