2 0.47215360312500004 0.360937253125 0.47215360312500004 0.379687240625 0.48270046874999994 0.379687240625 0.48270046874999994 0.360937253125 0.47215360312500004 0.360937253125
2 0.46292509375 0.360937253125 0.46292509375 0.3843747359375 0.47083524375 0.3843747359375 0.47083524375 0.360937253125 0.46292509375 0.360937253125
2 0.4550149421875 0.35624975625 0.4550149421875 0.3796872390625 0.465561809375 0.3796872390625 0.465561809375 0.35624975625 0.4550149421875 0.35624975625
2 0.44578643281249997 0.35624975625 0.44578643281249997 0.38906223125 0.45501494375 0.38906223125 0.45501494375 0.35624975625 0.44578643281249997 0.35624975625
2 0.43392120624999997 0.35624975625 0.43392120624999997 0.3937497296875 0.44446807499999996 0.3937497296875 0.44446807499999996 0.35624975625 0.43392120624999997 0.35624975625
2 0.42205598125000005 0.35156225937499996 0.42205598125000005 0.4007809765625 0.43919464062499997 0.4007809765625 0.43919464062499997 0.35156225937499996 0.42205598125000005 0.35156225937499996
2 0.3785501515625 0.3398435171875 0.3785501515625 0.4171872125 0.42601105625 0.4171872125 0.42601105625 0.3398435171875 0.3785501515625 0.3398435171875
2 0.374595075 0.360937253125 0.374595075 0.42656220625 0.4075540375 0.42656220625 0.4075540375 0.360937253125 0.374595075 0.360937253125
2 0.29285685 0.33749976875 0.29285685 0.44531219375 0.38514194375 0.44531219375 0.38514194375 0.33749976875 0.29285685 0.33749976875
2 0.0186382890625 0.29999979374999997 0.0186382890625 0.5835933484375 0.296811925 0.5835933484375 0.296811925 0.29999979374999997 0.0186382890625 0.29999979374999997
2 0.001499628125 0.3304685234375 0.001499628125 0.7265620015625001 0.1306987578125 0.7265620015625001 0.1306987578125 0.3304685234375 0.001499628125 0.3304685234375
2 0.487973903125 0.35624975625 0.487973903125 0.3820309890625 0.4998391296875 0.3820309890625 0.4998391296875 0.35624975625 0.487973903125 0.35624975625
2 0.49720241249999997 0.35624975625 0.49720241249999997 0.38906223125 0.5103859984375 0.38906223125 0.5103859984375 0.35624975625 0.49720241249999997 0.35624975625
2 0.5051125640625 0.363281 0.5051125640625 0.3890622328125 0.516977790625 0.3890622328125 0.516977790625 0.363281 0.5051125640625 0.363281
2 0.5103859984375 0.358593503125 0.5103859984375 0.39843722656249997 0.5327980906249999 0.39843722656249997 0.5327980906249999 0.358593503125 0.5103859984375 0.358593503125
2 0.5196145078125001 0.358593503125 0.5196145078125001 0.41015596875 0.535434809375 0.41015596875 0.535434809375 0.358593503125 0.5196145078125001 0.358593503125
2 0.5301613734374999 0.35390600625 0.5301613734374999 0.414843465625 0.5631203375 0.414843465625 0.5631203375 0.35390600625 0.5301613734374999 0.35390600625
2 0.538071525 0.349218509375 0.538071525 0.4546871859375 0.627719903125 0.4546871859375 0.627719903125 0.349218509375 0.538071525 0.349218509375
2 0.64222184375 0.2671873171875 0.64222184375 0.5953120890625 0.9375341421875 0.5953120890625 0.9375341421875 0.2671873171875 0.64222184375 0.2671873171875
2 0.8175635218749999 0.32109353125 0.8175635218749999 0.7851557109375 0.9981786312500001 0.7851557109375 0.9981786312500001 0.32109353125 0.8175635218749999 0.32109353125