2 0.358507578125 0.394897875 0.358507578125 0.43530603125 0.3771045109375 0.43530603125 0.3771045109375 0.394897875 0.358507578125 0.394897875
2 0.000344384375 0.385714203125 0.000344384375 0.5510202921875 0.14602037343750002 0.5510202921875 0.14602037343750002 0.385714203125 0.000344384375 0.385714203125
2 0.556186103125 0.42795909375 0.556186103125 0.4812243890625 0.590280484375 0.4812243890625 0.590280484375 0.42795909375 0.556186103125 0.42795909375
2 0.6088774171875 0.4169386859375 0.6088774171875 0.55653049375 0.700828928125 0.55653049375 0.700828928125 0.4169386859375 0.6088774171875 0.4169386859375
2 0.7173595374999999 0.4481631703125 0.7173595374999999 0.5326529484375 0.782448809375 0.5326529484375 0.782448809375 0.4481631703125 0.7173595374999999 0.4481631703125
2 0.3758835109375 0.395424896875 0.3758835109375 0.46154733124999997 0.4182431953125 0.46154733124999997 0.4182431953125 0.395424896875 0.3758835109375 0.395424896875
2 0.316993215625 0.3788942859375 0.316993215625 0.45052692656250004 0.3645187171875 0.45052692656250004 0.3645187171875 0.3788942859375 0.316993215625 0.3788942859375
2 0.1878478375 0.3697106171875 0.1878478375 0.5239962984375001 0.2901309796875 0.5239962984375001 0.2901309796875 0.3697106171875 0.1878478375 0.3697106171875
2 0.4265085 0.3495065375 0.4265085 0.62317995 0.5701181625 0.62317995 0.5701181625 0.3495065375 0.4265085 0.3495065375
2 0.0016071265625 0.42166444687500004 0.0016071265625 0.93411331875 0.214438715625 0.93411331875 0.214438715625 0.42166444687500004 0.0016071265625 0.42166444687500004
4 0.8072447265625 0.44510195 0.8072447265625 0.52591825625 0.8289411515625 0.52591825625 0.8289411515625 0.44510195 0.8072447265625 0.44510195
4 0.8366742296874999 0.4562040953125 0.8366742296874999 0.538857140625 0.8532048390625 0.538857140625 0.8532048390625 0.4562040953125 0.8366742296874999 0.4562040953125
4 0.91106196875 0.44702042343750004 0.91106196875 0.57375509375 0.9410236968750001 0.57375509375 0.9410236968750001 0.44702042343750004 0.91106196875 0.44702042343750004
2 0.9560416875 0.5516325265625001 0.9560416875 0.6673467890625 0.998709096875 0.6673467890625 0.998709096875 0.5516325265625001 0.9560416875 0.5516325265625001
2 0.4115517640625 0.410294396875 0.4115517640625 0.45264736875 0.44133119687500005 0.45264736875 0.44133119687500005 0.410294396875 0.4115517640625 0.410294396875
4 0.59380188125 0.4314708828125 0.59380188125 0.4658826703125 0.5982687953125 0.4658826703125 0.5982687953125 0.4314708828125 0.59380188125 0.4314708828125
4 0.5997577656249999 0.428823821875 0.5997577656249999 0.46852973125 0.605713653125 0.46852973125 0.605713653125 0.428823821875 0.5997577656249999 0.428823821875