2 0.22891308906250002 0.40898604687500006 0.22891308906250002 0.47657272500000003 0.2641729265625 0.47657272500000003 0.2641729265625 0.40898604687500006 0.22891308906250002 0.40898604687500006
2 0.3450819765625 0.414185021875 0.3450819765625 0.46444178125 0.3753010203125 0.46444178125 0.3753010203125 0.414185021875 0.3450819765625 0.414185021875
2 0.3051148546875 0.4055200640625 0.3051148546875 0.497368625 0.34898120781249997 0.497368625 0.34898120781249997 0.4055200640625 0.3051148546875 0.4055200640625
2 0.24370196093750002 0.40725305624999997 0.24370196093750002 0.5285624765625 0.3285102421875 0.5285624765625 0.3285102421875 0.40725305624999997 0.24370196093750002 0.40725305624999997
6 0.372376596875 0.3448653546875 0.372376596875 0.516431534375 0.460109303125 0.516431534375 0.460109303125 0.3448653546875 0.372376596875 0.3448653546875
1 0.0604380859375 0.3691272375 0.0604380859375 0.504300590625 0.1881379140625 0.504300590625 0.1881379140625 0.3691272375 0.0604380859375 0.3691272375
2 0.4347642984375 0.4130040515625 0.4347642984375 0.592683171875 0.579035859375 0.592683171875 0.579035859375 0.4130040515625 0.4347642984375 0.4130040515625
2 0.599506825 0.44884485625000003 0.599506825 0.49563563281249995 0.6277762546875 0.49563563281249995 0.6277762546875 0.44884485625000003 0.599506825 0.44884485625000003
0 0.6307006765625001 0.47657272500000003 0.6307006765625001 0.5978821453125 0.6755418375 0.5978821453125 0.6755418375 0.47657272500000003 0.6307006765625001 0.47657272500000003
5 0.6307006765625001 0.3899231390625 0.6307006765625001 0.570154278125 0.6794410703125 0.570154278125 0.6794410703125 0.3899231390625 0.6307006765625001 0.3899231390625
4 0.8100653203125001 0.3569962953125 0.8100653203125001 0.56148931875 0.8734278281250001 0.56148931875 0.8734278281250001 0.3569962953125 0.8100653203125001 0.3569962953125