6 0.12426663281250001 0.342857296875 0.12426663281250001 0.411734878125 0.2346729921875 0.411734878125 0.2346729921875 0.342857296875 0.12426663281250001 0.342857296875
6 0.4557399953125 0.40153079218750004 0.4557399953125 0.45969408281249996 0.48587393749999996 0.45969408281249996 0.48587393749999996 0.40153079218750004 0.4557399953125 0.40153079218750004
6 0.42044024062499996 0.4051022203125 0.42044024062499996 0.4341838625 0.4411035140625 0.4341838625 0.4411035140625 0.4051022203125 0.42044024062499996 0.4051022203125
2 0.5073981812499999 0.42244916874999994 0.5073981812499999 0.4423471359375 0.5185907875 0.4423471359375 0.5185907875 0.42244916874999994 0.5073981812499999 0.42244916874999994
2 0.44713029843749996 0.42857162187500003 0.44713029843749996 0.45306142656250004 0.4600448453125 0.45306142656250004 0.4600448453125 0.42857162187500003 0.44713029843749996 0.42857162187500003
2 0.4652106640625 0.42244916874999994 0.4652106640625 0.45918387968749996 0.48329103125 0.45918387968749996 0.48329103125 0.42244916874999994 0.4652106640625 0.42244916874999994
2 0.414413446875 0.427041009375 0.414413446875 0.48469409375000005 0.45573999687500005 0.48469409375000005 0.45573999687500005 0.427041009375 0.414413446875 0.427041009375
2 0.471237453125 0.41734712187499995 0.471237453125 0.4785716390625 0.5125640015624999 0.4785716390625 0.5125640015624999 0.41734712187499995 0.471237453125 0.41734712187499995
2 0.5073981812499999 0.40051039218750006 0.5073981812499999 0.5122451359375 0.588329340625 0.5122451359375 0.588329340625 0.40051039218750006 0.5073981812499999 0.40051039218750006
2 0.6101405843750001 0.4158165203125 0.6101405843750001 0.5045920703125 0.6962375609375 0.5045920703125 0.6962375609375 0.4158165203125 0.6101405843750001 0.4158165203125
2 0.828373384375 0.379651084375 0.828373384375 0.5648126312499999 0.9982456718750001 0.5648126312499999 0.9982456718750001 0.379651084375 0.828373384375 0.379651084375