2 0.4091467171875 0.5179510609375 0.4091467171875 0.54915293125 0.43020797968749996 0.54915293125 0.43020797968749996 0.5179510609375 0.4091467171875 0.5179510609375
2 0.38223510312500003 0.5137908109375 0.38223510312500003 0.5553933062499999 0.40563650625000003 0.5553933062499999 0.40563650625000003 0.5137908109375 0.38223510312500003 0.5137908109375
2 0.3728745421875 0.5075504359375 0.3728745421875 0.55747343125 0.3857453125 0.55747343125 0.3857453125 0.5075504359375 0.3728745421875 0.5075504359375
2 0.336602365625 0.5054703125 0.336602365625 0.56163368125 0.3740446109375 0.56163368125 0.3740446109375 0.5054703125 0.336602365625 0.5054703125
2 0.11545910625 0.54291255625 0.11545910625 0.65107904375 0.21140485781249999 0.65107904375 0.21140485781249999 0.54291255625 0.11545910625 0.54291255625
2 0.2874594203125 0.520031184375 0.2874594203125 0.576194553125 0.3178812453125 0.576194553125 0.3178812453125 0.520031184375 0.2874594203125 0.520031184375
2 0.2523573140625 0.5158709359375 0.2523573140625 0.5907554265625 0.29799005 0.5907554265625 0.29799005 0.5158709359375 0.2523573140625 0.5158709359375
2 0.20204429687499997 0.5366721828125 0.20204429687499997 0.6157169234375 0.2710784359375 0.6157169234375 0.2710784359375 0.5366721828125 0.20204429687499997 0.5366721828125
1 0.48169106875 0.4347460703125 0.48169106875 0.5845150515624999 0.5624259109375 0.5845150515624999 0.5624259109375 0.4347460703125 0.48169106875 0.4347460703125
2 0.4243576296875 0.5117106859375 0.4243576296875 0.6365181718749999 0.507432609375 0.6365181718749999 0.507432609375 0.5117106859375 0.4243576296875 0.5117106859375
2 0.5635959796875001 0.5158709359375 0.5635959796875001 0.565793928125 0.5823171015625 0.565793928125 0.5823171015625 0.5158709359375 0.5635959796875001 0.5158709359375
2 0.577636821875 0.5075504359375 0.577636821875 0.56787405625 0.6338001890625 0.56787405625 0.6338001890625 0.5075504359375 0.577636821875 0.5075504359375
2 0.6314600484375 0.49506968906250004 0.6314600484375 0.5969957984375001 0.6958139078125 0.5969957984375001 0.6958139078125 0.49506968906250004 0.6314600484375 0.49506968906250004
2 0.675922715625 0.482588940625 0.675922715625 0.626117546875 0.78122903125 0.626117546875 0.78122903125 0.482588940625 0.675922715625 0.482588940625
2 0.7472969953125 0.5075504359375 0.7472969953125 0.6822809171875 0.9333381515625 0.6822809171875 0.9333381515625 0.5075504359375 0.7472969953125 0.5075504359375
2 0.8912156250000001 0.5179510609375 0.8912156250000001 0.7155629109375 0.9976920109374999 0.7155629109375 0.9976920109374999 0.5179510609375 0.8912156250000001 0.5179510609375
2 0.0019623 0.5657939296875 0.0019623 0.6760405421875 0.0651460875 0.6760405421875 0.0651460875 0.5657939296875 0.0019623 0.5657939296875