2 0.35577789531250004 0.45566774375 0.35577789531250004 0.477771028125 0.3691673859375 0.477771028125 0.3691673859375 0.45566774375 0.35577789531250004 0.45566774375
2 0.304132715625 0.44716648125 0.304132715625 0.5049750765625001 0.33282448124999997 0.5049750765625001 0.33282448124999997 0.44716648125 0.304132715625 0.44716648125
2 0.278310128125 0.46246875625 0.278310128125 0.51007583125 0.30700189375 0.51007583125 0.30700189375 0.46246875625 0.278310128125 0.46246875625
2 0.2448364 0.47437052656249995 0.2448364 0.5202773484375001 0.28691765468749997 0.5202773484375001 0.28691765468749997 0.47437052656249995 0.2448364 0.47437052656249995
2 0.184583690625 0.45736799687499996 0.184583690625 0.5423806359375 0.25344393125 0.5423806359375 0.25344393125 0.45736799687499996 0.184583690625 0.45736799687499996
1 0.0535579625 0.4006929125 0.0535579625 0.5707181921875 0.1941476140625 0.5707181921875 0.1941476140625 0.4006929125 0.0535579625 0.4006929125
2 0.41284264843749996 0.46926976875 0.41284264843749996 0.504975078125 0.4396216296875 0.504975078125 0.4396216296875 0.46926976875 0.41284264843749996 0.46926976875
2 0.47596453125 0.46756951406249997 0.47596453125 0.5117760859375 0.4941359828125 0.5117760859375 0.4941359828125 0.46756951406249997 0.47596453125 0.46756951406249997
2 0.5056126890625 0.47607078124999996 0.5056126890625 0.5474813968750001 0.5457811609375 0.5474813968750001 0.5457811609375 0.47607078124999996 0.5056126890625 0.47607078124999996
6 0.3688485921875 0.41542843281249997 0.3688485921875 0.5123428421875 0.4090170640625 0.5123428421875 0.4090170640625 0.41542843281249997 0.3688485921875 0.41542843281249997
2 0.3289989140625 0.46161863125 0.3289989140625 0.50922570625 0.3634290328125 0.50922570625 0.3634290328125 0.46161863125 0.3289989140625 0.46161863125
2 0.4361148375 0.4599183765625 0.4361148375 0.534729496875 0.48202166249999995 0.534729496875 0.48202166249999995 0.4599183765625 0.4361148375 0.4599183765625
2 0 0.6571477 0.15780471093749998 0.6571477 0.15780471093749998 0.4208125609375 0 0.4208125609375 0 0.6571477
2 0 0.8475760140625 0.0353865109375 0.8475760140625 0.0353865109375 0.6350444140625 0 0.6350444140625 0 0.8475760140625
4 0.6733001 0.47352039843749993 0.6733001 0.5840368328125 0.6981662984375 0.5840368328125 0.6981662984375 0.47352039843749993 0.6733001 0.47352039843749993
4 0.731640025 0.4888226734375 0.731640025 0.6163416328125 0.7632009671875 0.6163416328125 0.7632009671875 0.4888226734375 0.731640025 0.4888226734375
4 0.78137241875 0.47011989375 0.78137241875 0.6044398640625 0.8100641843749999 0.6044398640625 0.8100641843749999 0.47011989375 0.78137241875 0.47011989375
4 0.8160416343750001 0.48627229375000003 0.8160416343750001 0.6307937828125 0.8523845375000001 0.6307937828125 0.8523845375000001 0.48627229375000003 0.8160416343750001 0.48627229375000003
4 0.9164628140625 0.46926976875 0.9164628140625 0.60699024375 0.9566312874999999 0.60699024375 0.9566312874999999 0.46926976875 0.9164628140625 0.46926976875
4 0.751006965625 0.45056698281249996 0.751006965625 0.6477963109375 0.7835243000000001 0.6477963109375 0.7835243000000001 0.45056698281249996 0.751006965625 0.45056698281249996
4 0.9707380859375 0.5117760859375 0.9707380859375 0.7260079359375 0.9994298515625 0.7260079359375 0.9994298515625 0.5117760859375 0.9707380859375 0.5117760859375
5 0.4829780546875 0.46790956093749997 0.4829780546875 0.5648239687500001 0.5107134296875 0.5648239687500001 0.5107134296875 0.46790956093749997 0.4829780546875 0.46790956093749997
0 0.48202166249999995 0.5117760859375 0.48202166249999995 0.612091 0.5097570359375 0.612091 0.5097570359375 0.5117760859375 0.48202166249999995 0.5117760859375