2 0.0005197796875 0.299565190625 0.0005197796875 0.7541854390625 0.2172613703125 0.7541854390625 0.2172613703125 0.299565190625 0.0005197796875 0.299565190625
2 0.859217146875 0.380543375 0.859217146875 0.7362929609375 0.9995534265625 0.7362929609375 0.9995534265625 0.380543375 0.859217146875 0.380543375
4 0.43896432812499997 0.42271251562499995 0.43896432812499997 0.4753819328125 0.4509189 0.4753819328125 0.4509189 0.42271251562499995 0.43896432812499997 0.42271251562499995
4 0.5153696375 0.440268990625 0.5153696375 0.5465318546875 0.5309625578125 0.5465318546875 0.5309625578125 0.440268990625 0.5153696375 0.440268990625
2 0.504482946875 0.407864596875 0.504482946875 0.5187475828125 0.57621038125 0.5187475828125 0.57621038125 0.407864596875 0.504482946875 0.407864596875
2 0.549702415625 0.4254210734375 0.549702415625 0.5446202828125 0.6411808812500001 0.5446202828125 0.6411808812500001 0.4254210734375 0.549702415625 0.4254210734375
2 0.5985602328125 0.41340875 0.5985602328125 0.6028338546875001 0.750331321875 0.6028338546875001 0.750331321875 0.41340875 0.5985602328125 0.41340875
2 0.71446760625 0.45591389375 0.71446760625 0.68599609375 0.8849501999999999 0.68599609375 0.8849501999999999 0.45591389375 0.71446760625 0.45591389375
2 0.3910357921875 0.43737179375 0.3910357921875 0.4503081421875 0.3993520171875 0.4503081421875 0.3993520171875 0.43737179375 0.3910357921875 0.43737179375
2 0.40039154374999997 0.4392198453125 0.40039154374999997 0.44938411875 0.40610894843749995 0.44938411875 0.40610894843749995 0.4392198453125 0.40039154374999997 0.4392198453125
2 0.361929009375 0.44291594375 0.361929009375 0.4549282671875 0.3728440515625 0.4549282671875 0.3728440515625 0.44291594375 0.361929009375 0.44291594375
2 0.2288694234375 0.40071881718749996 0.2288694234375 0.56519525 0.3416582125 0.56519525 0.3416582125 0.40071881718749996 0.2288694234375 0.40071881718749996
2 0.37381427968750003 0.44020545625 0.37381427968750003 0.46238205624999995 0.38836767031249997 0.46238205624999995 0.38836767031249997 0.44020545625 0.37381427968750003 0.44020545625
2 0.40707917499999996 0.43466130625000005 0.40707917499999996 0.45868595624999997 0.42371162343749996 0.45868595624999997 0.42371162343749996 0.43466130625000005 0.40707917499999996 0.43466130625000005
2 0.45531326875 0.44291594375 0.45531326875 0.4752568140625 0.48130146875 0.4752568140625 0.48130146875 0.44291594375 0.45531326875 0.44291594375
6 0.42529689687500005 0.39132454375000003 0.42529689687500005 0.465246534375 0.4637594328125 0.465246534375 0.4637594328125 0.39132454375000003 0.42529689687500005 0.39132454375000003