2 0.4503514046875 0.4512498375 0.4503514046875 0.479374825 0.4619529625 0.479374825 0.4619529625 0.4512498375 0.4503514046875 0.4512498375
2 0.436640471875 0.4493748375 0.436640471875 0.4812498265625 0.45246077968750004 0.4812498265625 0.45246077968750004 0.4493748375 0.436640471875 0.4493748375
2 0.402890484375 0.4474998390625 0.402890484375 0.4999998203125 0.436640471875 0.4999998203125 0.436640471875 0.4474998390625 0.402890484375 0.4474998390625
2 0.25523428593749997 0.4287498453125 0.25523428593749997 0.51124981875 0.3248436359375 0.51124981875 0.3248436359375 0.4287498453125 0.25523428593749997 0.4287498453125
2 0.202499928125 0.4474998390625 0.202499928125 0.5318748125 0.2425780390625 0.5318748125 0.2425780390625 0.4474998390625 0.202499928125 0.4474998390625
2 0.32906238593750003 0.43437484375 0.32906238593750003 0.5318748125 0.40289048281250006 0.5318748125 0.40289048281250006 0.43437484375 0.32906238593750003 0.43437484375
2 0 0.8487496968749999 0.225703046875 0.8487496968749999 0.225703046875 0.3874998578125 0 0.3874998578125 0 0.8487496968749999
2 0.48832014218750003 0.45437483125 0.48832014218750003 0.47687482187499997 0.5020310765625 0.47687482187499997 0.5020310765625 0.45437483125 0.48832014218750003 0.45437483125
2 0.49992169999999997 0.4649998375 0.49992169999999997 0.487499828125 0.51574200625 0.487499828125 0.51574200625 0.4649998375 0.49992169999999997 0.4649998375
2 0.511523259375 0.46874983593749997 0.511523259375 0.5024998234375 0.5315623140625 0.5024998234375 0.5315623140625 0.46874983593749997 0.511523259375 0.46874983593749997
2 0.5368357500000001 0.47124982343750005 0.5368357500000001 0.5162498078125 0.55265605625 0.5162498078125 0.55265605625 0.47124982343750005 0.5368357500000001 0.47124982343750005
2 0.5421091859375 0.47124982343750005 0.5421091859375 0.5312498031249999 0.5663669875 0.5312498031249999 0.5663669875 0.47124982343750005 0.5421091859375 0.47124982343750005
2 0.55054668125 0.4749998203125 0.55054668125 0.5349998 0.575859175 0.5349998 0.575859175 0.4749998203125 0.55054668125 0.4749998203125
2 0.5674216765625 0.46937482656249996 0.5674216765625 0.55749979375 0.6180466578125 0.55749979375 0.6180466578125 0.46937482656249996 0.5674216765625 0.46937482656249996
2 0.58851541875 0.48624982031249997 0.58851541875 0.5931247828124999 0.6749997624999999 0.5931247828124999 0.6749997624999999 0.48624982031249997 0.58851541875 0.48624982031249997
2 0.657070084375 0.477499828125 0.657070084375 0.6912497531249999 0.80683565625 0.6912497531249999 0.80683565625 0.477499828125 0.657070084375 0.477499828125
2 0.7551559859375 0.4493748375 0.7551559859375 0.8712496890624999 0.9987887125 0.8712496890624999 0.9987887125 0.4493748375 0.7551559859375 0.4493748375
2 0.464806603125 0.45906824999999996 0.464806603125 0.48287178906249995 0.47628331093750004 0.48287178906249995 0.47628331093750004 0.45906824999999996 0.464806603125 0.45906824999999996