2 0.2973163921875 0.4817717 0.2973163921875 0.5441594015625 0.346056784375 0.5441594015625 0.346056784375 0.4817717 0.2973163921875 0.4817717
2 0.24467676875 0.46790776718749993 0.24467676875 0.5632223109375001 0.3080392796875 0.5632223109375001 0.3080392796875 0.46790776718749993 0.24467676875 0.46790776718749993
2 0.195936378125 0.4817717 0.195936378125 0.580552228125 0.2573492703125 0.580552228125 0.2573492703125 0.4817717 0.195936378125 0.4817717
2 0.0701861640625 0.46790776718749993 0.0701861640625 0.6082800953125 0.2144577265625 0.6082800953125 0.2144577265625 0.46790776718749993 0.0701861640625 0.46790776718749993
2 0.48545430781250004 0.45750981562500004 0.48545430781250004 0.5060335828125 0.509824503125 0.5060335828125 0.509824503125 0.45750981562500004 0.48545430781250004 0.45750981562500004
2 0.5546656640625 0.4817717 0.5546656640625 0.570154278125 0.607305290625 0.570154278125 0.607305290625 0.4817717 0.5546656640625 0.4817717
2 0.58780913125 0.4817717 0.58780913125 0.5892171875 0.6589701031249999 0.5892171875 0.6589701031249999 0.4817717 0.58780913125 0.4817717
2 0.623877021875 0.47830571875 0.623877021875 0.6412069406249999 0.7808210843750001 0.6412069406249999 0.7808210843750001 0.47830571875 0.623877021875 0.47830571875
2 0.0009748078125000001 0.46790776718749993 0.0009748078125000001 0.6568038640625 0.0848082828125 0.6568038640625 0.0848082828125 0.46790776718749993 0.0009748078125000001 0.46790776718749993
2 0.735005115625 0.48523768437500003 0.735005115625 0.7919772203125001 0.99917804375 0.7919772203125001 0.99917804375 0.48523768437500003 0.735005115625 0.48523768437500003
2 0.398621590625 0.48700275625 0.398621590625 0.5066977203125 0.43185684375 0.5066977203125 0.43185684375 0.48700275625 0.398621590625 0.48700275625
2 0.4308497125 0.4780505 0.4308497125 0.5013263671875 0.44595664843750005 0.5013263671875 0.44595664843750005 0.4780505 0.4308497125 0.4780505