2 0.4424358453125 0.3996710546875 0.4424358453125 0.4174342125 0.45242762187499996 0.4174342125 0.45242762187499996 0.3996710546875 0.4424358453125 0.3996710546875
2 0.4304457140625 0.3978947390625 0.4304457140625 0.4192105296875 0.4394383125 0.4192105296875 0.4394383125 0.3978947390625 0.4304457140625 0.3978947390625
2 0.42245229218749997 0.40677631875 0.42245229218749997 0.4263157921875 0.434442425 0.4263157921875 0.434442425 0.40677631875 0.42245229218749997 0.40677631875
2 0.4104621609375 0.4032236875 0.4104621609375 0.4245394765625 0.42245229218749997 0.4245394765625 0.42245229218749997 0.4032236875 0.4104621609375 0.4032236875
2 0.56033880625 0.396118425 0.56033880625 0.4440789515625 0.587316603125 0.4440789515625 0.587316603125 0.396118425 0.56033880625 0.396118425
2 0.19064308125 0.41032894999999997 0.19064308125 0.483157896875 0.2515929171875 0.483157896875 0.2515929171875 0.41032894999999997 0.19064308125 0.41032894999999997
2 0.4584226875 0.3197368453125 0.4584226875 0.4174342140625 0.5373577218750001 0.4174342140625 0.5373577218750001 0.3197368453125 0.4584226875 0.3197368453125
2 0.396473675 0.40500000312499995 0.396473675 0.4280921078125 0.41246051718750004 0.4280921078125 0.41246051718750004 0.40500000312499995 0.396473675 0.40500000312499995
2 0.3475139703125 0.4085526328125 0.3475139703125 0.44052631875000003 0.376490121875 0.44052631875000003 0.376490121875 0.4085526328125 0.3475139703125 0.4085526328125
2 0.25159291562499997 0.4014473703125 0.25159291562499997 0.4618421078125 0.3065476859375 0.4618421078125 0.3065476859375 0.4014473703125 0.25159291562499997 0.4014473703125
2 0.10571298124999999 0.40500000312499995 0.10571298124999999 0.497368425 0.1946397921875 0.497368425 0.1946397921875 0.40500000312499995 0.10571298124999999 0.40500000312499995
2 0.5743272937499999 0.4032236875 0.5743272937499999 0.45651315937500003 0.60730015625 0.45651315937500003 0.60730015625 0.4032236875 0.5743272937499999 0.4032236875
2 0.44343502187499995 0.4014473703125 0.44343502187499995 0.5595394765624999 0.5643355171875 0.5595394765624999 0.5643355171875 0.4014473703125 0.44343502187499995 0.4014473703125
2 0.6579952953125 0.398588096875 0.6579952953125 0.44017989843749994 0.7057608796875 0.44017989843749994 0.7057608796875 0.398588096875 0.6579952953125 0.398588096875