2 0.42068178593749994 0.48412567500000003 0.42068178593749994 0.5153595921874999 0.44020298281250003 0.5153595921874999 0.44020298281250003 0.48412567500000003 0.42068178593749994 0.48412567500000003
2 0.4421551015625 0.4754495875 0.4421551015625 0.539652634375 0.47826931562499997 0.539652634375 0.47826931562499997 0.4754495875 0.4421551015625 0.4754495875
2 0.45093964062499997 0.49280176249999996 0.45093964062499997 0.5552695937500001 0.47338901718750004 0.5552695937500001 0.47338901718750004 0.49280176249999996 0.45093964062499997 0.49280176249999996
2 0.4704608375 0.45983263125 0.4704608375 0.5743569828124999 0.5524498624999999 0.5743569828124999 0.5524498624999999 0.45983263125 0.4704608375 0.45983263125
2 0.5729471187499999 0.39910001875 0.5729471187499999 0.6923517718750001 0.7915845218750001 0.6923517718750001 0.7915845218750001 0.39910001875 0.5729471187499999 0.39910001875
6 0.3884718125 0.45462697968750004 0.3884718125 0.5188300265625 0.42068178593749994 0.5188300265625 0.42068178593749994 0.45462697968750004 0.3884718125 0.45462697968750004
2 0.352357596875 0.5049482859375 0.352357596875 0.5379174171875001 0.374806975 0.5379174171875001 0.374806975 0.5049482859375 0.352357596875 0.5049482859375
2 0.37675909375 0.4771848046875 0.37675909375 0.55179915625 0.41970572656250005 0.55179915625 0.41970572656250005 0.4771848046875 0.37675909375 0.4771848046875
2 0.334788521875 0.5049482859375 0.334788521875 0.5379174171875001 0.34942941875 0.5379174171875001 0.34942941875 0.5049482859375 0.334788521875 0.5049482859375
2 0.327956103125 0.5032130687499999 0.327956103125 0.5413878515625 0.3435730609375 0.5413878515625 0.3435730609375 0.5032130687499999 0.327956103125 0.5032130687499999
2 0.3142912640625 0.50841871875 0.3142912640625 0.548328721875 0.3328364015625 0.548328721875 0.3328364015625 0.50841871875 0.3142912640625 0.50841871875
2 0.10301323124999999 0.506683503125 0.10301323124999999 0.642030465625 0.1620259328125 0.642030465625 0.1620259328125 0.506683503125 0.10301323124999999 0.506683503125
6 0.157145634375 0.41645219375 0.157145634375 0.68020525 0.32698004375 0.68020525 0.32698004375 0.41645219375 0.157145634375 0.41645219375
6 0.0001812703125 0.43380436875 0.0001812703125 0.7235856859375 0.146408975 0.7235856859375 0.146408975 0.43380436875 0.0001812703125 0.43380436875
6 0.729116690625 0.21169653125000001 0.729116690625 0.77390699375 0.9994969890625001 0.77390699375 0.9994969890625001 0.21169653125000001 0.729116690625 0.21169653125000001