2 0.5970259765625 0.433289215625 0.5970259765625 0.47626004843749997 0.6302612296875 0.47626004843749997 0.6302612296875 0.433289215625 0.5970259765625 0.433289215625
2 0.540626759375 0.424336959375 0.540626759375 0.458355534375 0.55774795 0.458355534375 0.55774795 0.424336959375 0.540626759375 0.424336959375
2 0.5265269578125 0.427465634375 0.5265269578125 0.46372688906250004 0.5420350046875 0.46372688906250004 0.5420350046875 0.427465634375 0.5265269578125 0.427465634375
2 0.4905519171875 0.41359425468750005 0.4905519171875 0.45242713125 0.522498440625 0.45242713125 0.522498440625 0.41359425468750005 0.4905519171875 0.41359425468750005
2 0.44023890000000004 0.425385509375 0.44023890000000004 0.45242713125 0.4694906546875 0.45242713125 0.4694906546875 0.425385509375 0.44023890000000004 0.425385509375
2 0.393585946875 0.424336959375 0.393585946875 0.47738862812500005 0.432048409375 0.47738862812500005 0.432048409375 0.424336959375 0.393585946875 0.424336959375
2 0.3190584109375 0.4118038015625 0.3190584109375 0.47530850312500006 0.3817353921875 0.47530850312500006 0.3817353921875 0.4118038015625 0.3190584109375 0.4118038015625
2 0.22841681249999998 0.41359425468750005 0.22841681249999998 0.4476128265625 0.2475522609375 0.4476128265625 0.2475522609375 0.41359425468750005 0.22841681249999998 0.41359425468750005
2 0.1861174015625 0.4153847046875 0.1861174015625 0.46372688906250004 0.224388296875 0.46372688906250004 0.224388296875 0.4153847046875 0.1861174015625 0.4153847046875
2 0.14180373125 0.39927064218749997 0.14180373125 0.44045102343750003 0.17403185625 0.44045102343750003 0.17403185625 0.39927064218749997 0.14180373125 0.39927064218749997
2 0.0743260984375 0.4082229 0.0743260984375 0.4547746328125 0.10856847968750001 0.4547746328125 0.10856847968750001 0.4082229 0.0743260984375 0.4082229
2 0 0.45762744375000003 0.04876510625 0.45762744375000003 0.04876510625 0.3956897375 0 0.3956897375 0 0.45762744375000003
2 0.050155004687500004 0.3903183828125 0.050155004687500004 0.4440319265625 0.071304709375 0.4440319265625 0.071304709375 0.3903183828125 0.050155004687500004 0.3903183828125
2 0.00181281875 0.46551733906250004 0.00181281875 0.5639921609375 0.0290052984375 0.5639921609375 0.0290052984375 0.46551733906250004 0.00181281875 0.46551733906250004
4 0.10325869218749999 0.381702890625 0.10325869218749999 0.4857091265625 0.12314988593750001 0.4857091265625 0.12314988593750001 0.381702890625 0.10325869218749999 0.381702890625
4 0.12080974375 0.4170650109375 0.12080974375 0.481548878125 0.132510446875 0.481548878125 0.132510446875 0.4170650109375 0.12080974375 0.4170650109375
4 0.1313403765625 0.40250413749999997 0.1313403765625 0.483629003125 0.1418710078125 0.483629003125 0.1418710078125 0.40250413749999997 0.1313403765625 0.40250413749999997
2 0.2471773234375 0.40458426249999996 0.2471773234375 0.4357861328125 0.2740889375 0.4357861328125 0.2740889375 0.40458426249999996 0.2471773234375 0.40458426249999996
2 0.2857896390625 0.4087445109375 0.2857896390625 0.4378662578125 0.3068509015625 0.4378662578125 0.3068509015625 0.4087445109375 0.2857896390625 0.4087445109375