2 0.4194254296875 0.416790503125 0.4194254296875 0.433852103125 0.4362204421875 0.433852103125 0.4362204421875 0.416790503125 0.4194254296875 0.416790503125
2 0.40023112968749996 0.42532130468749996 0.40023112968749996 0.43811750624999996 0.4206250734375 0.43811750624999996 0.4206250734375 0.42532130468749996 0.40023112968749996 0.42532130468749996
2 0.3798371859375 0.40825970468749995 0.3798371859375 0.4317194046875 0.40023112968749996 0.4317194046875 0.40023112968749996 0.40825970468749995 0.3798371859375 0.40825970468749995
2 0.3510457359375 0.41252510468750003 0.3510457359375 0.433852103125 0.369040390625 0.433852103125 0.369040390625 0.41252510468750003 0.3510457359375 0.41252510468750003
2 0.2898639046875 0.4061270046875 0.2898639046875 0.4466483046875 0.3510457359375 0.4466483046875 0.3510457359375 0.4061270046875 0.2898639046875 0.4061270046875
2 0.259872809375 0.399728903125 0.259872809375 0.450913703125 0.30425962812499996 0.450913703125 0.30425962812499996 0.399728903125 0.259872809375 0.399728903125
2 0.2274824265625 0.4061270046875 0.2274824265625 0.450913703125 0.267070671875 0.450913703125 0.267070671875 0.4061270046875 0.2274824265625 0.4061270046875
2 0.0691294515625 0.38266730312499997 0.0691294515625 0.448781003125 0.180696321875 0.448781003125 0.180696321875 0.38266730312499997 0.0691294515625 0.38266730312499997
2 0.49140405468750004 0.4317194046875 0.49140405468750004 0.44878100468750004 0.5010012046875 0.44878100468750004 0.5010012046875 0.4317194046875 0.49140405468750004 0.4317194046875
2 0.44821687812500005 0.427454003125 0.44821687812500005 0.44238290312500006 0.45901367187500003 0.44238290312500006 0.45901367187500003 0.427454003125 0.44821687812500005 0.427454003125
2 0.5034004921874999 0.427454003125 0.5034004921874999 0.459444503125 0.5285930109375 0.459444503125 0.5285930109375 0.427454003125 0.5034004921874999 0.427454003125
2 0.45541474062500004 0.42105590625 0.45541474062500004 0.48930230625000004 0.496202628125 0.48930230625000004 0.496202628125 0.42105590625 0.45541474062500004 0.42105590625
2 0.5261937234375 0.42532130468749996 0.5261937234375 0.5020985062500001 0.5921741296875 0.5020985062500001 0.5921741296875 0.42532130468749996 0.5261937234375 0.42532130468749996