2 0.06274834375 0.2717763171875 0.06274834375 0.30019736875 0.108710515625 0.30019736875 0.108710515625 0.2717763171875 0.06274834375 0.2717763171875
2 0.182649659375 0.26822368750000003 0.182649659375 0.28776315937499997 0.2056307453125 0.28776315937499997 0.2056307453125 0.26822368750000003 0.182649659375 0.26822368750000003
2 0.2326085421875 0.26822368750000003 0.2326085421875 0.280657896875 0.25059373749999997 0.280657896875 0.25059373749999997 0.26822368750000003 0.2326085421875 0.26822368750000003
2 0.260585515625 0.26644736875 0.260585515625 0.2788815796875 0.27657235625 0.2788815796875 0.27657235625 0.26644736875 0.260585515625 0.26644736875
2 0.305548509375 0.254013159375 0.305548509375 0.2646710546875 0.31554028437500004 0.2646710546875 0.31554028437500004 0.254013159375 0.305548509375 0.254013159375
2 0.4424358453125 0.2504605265625 0.4424358453125 0.26644736875 0.45142844374999996 0.26644736875 0.45142844374999996 0.2504605265625 0.4424358453125 0.2504605265625
2 0.45642433281250006 0.23802631718749998 0.45642433281250006 0.25223684375 0.4674152859375 0.25223684375 0.4674152859375 0.23802631718749998 0.45642433281250006 0.23802631718749998
2 0.4584226875 0.25223684375 0.4584226875 0.2664473703125 0.466416109375 0.2664473703125 0.466416109375 0.25223684375 0.4584226875 0.25223684375
2 0.454425978125 0.25934210625 0.454425978125 0.2788815796875 0.461420221875 0.2788815796875 0.461420221875 0.25934210625 0.454425978125 0.25934210625
2 0.447431734375 0.2717763171875 0.447431734375 0.28776315937499997 0.45942186406249996 0.28776315937499997 0.45942186406249996 0.2717763171875 0.447431734375 0.2717763171875
2 0.43644077968749995 0.2717763171875 0.43644077968749995 0.2984210546875 0.45142844374999996 0.2984210546875 0.45142844374999996 0.2717763171875 0.43644077968749995 0.2717763171875
2 0.357505746875 0.28065789531249996 0.357505746875 0.31796052656249996 0.3954744984375 0.31796052656249996 0.3954744984375 0.28065789531249996 0.357505746875 0.28065789531249996
2 0.3924769640625 0.2771052671875 0.3924769640625 0.341052634375 0.4424358453125 0.341052634375 0.4424358453125 0.2771052671875 0.3924769640625 0.2771052671875
2 0.4624193984375 0.2646710546875 0.4624193984375 0.294868421875 0.48440130625 0.294868421875 0.48440130625 0.2646710546875 0.4624193984375 0.2646710546875
2 0.4684144640625 0.24513158124999998 0.4684144640625 0.2628947390625 0.48040459531249996 0.2628947390625 0.48040459531249996 0.24513158124999998 0.4684144640625 0.24513158124999998
2 0.4963914375 0.25223684375 0.4963914375 0.2664473703125 0.5083815703125001 0.2664473703125 0.5083815703125001 0.25223684375 0.4963914375 0.25223684375
2 0.48040459531249996 0.2469078953125 0.48040459531249996 0.261118421875 0.492394728125 0.261118421875 0.492394728125 0.2469078953125 0.48040459531249996 0.2469078953125
6 0.580322359375 0.27000000156250004 0.580322359375 0.2913157921875 0.6082993343750001 0.2913157921875 0.6082993343750001 0.27000000156250004 0.580322359375 0.27000000156250004
2 0.042764790625 0.30019736875 0.042764790625 0.56131579375 0.288562490625 0.56131579375 0.288562490625 0.30019736875 0.042764790625 0.30019736875