2 0.43080353593750004 0.42444618749999996 0.43080353593750004 0.4394046421875 0.43711413437499996 0.4394046421875 0.43711413437499996 0.42444618749999996 0.43080353593750004 0.42444618749999996
2 0.43711413437499996 0.420706571875 0.43711413437499996 0.43753483437499996 0.44552826406249996 0.43753483437499996 0.44552826406249996 0.420706571875 0.43711413437499996 0.420706571875
2 0.380318746875 0.42257637968750006 0.380318746875 0.45436309531249996 0.3950434765625 0.45436309531249996 0.3950434765625 0.42257637968750006 0.380318746875 0.42257637968750006
2 0.3708528484375 0.42444618749999996 0.3708528484375 0.45810271093750005 0.3845258125 0.45810271093750005 0.3845258125 0.42444618749999996 0.3708528484375 0.42444618749999996
2 0.35823165156250003 0.41696695625 0.35823165156250003 0.4599725171875 0.3782152125 0.4599725171875 0.3782152125 0.41696695625 0.35823165156250003 0.41696695625
2 0.3445586890625 0.41883676562499994 0.3445586890625 0.461842325 0.3624387171875 0.461842325 0.3624387171875 0.41883676562499994 0.3445586890625 0.41883676562499994
2 0.32562689218749996 0.41696695625 0.32562689218749996 0.4693215515625 0.3561281203125 0.4693215515625 0.3561281203125 0.41696695625 0.32562689218749996 0.41696695625
2 0.289866834375 0.41322734375000003 0.289866834375 0.48128833281250005 0.3304650078125 0.48128833281250005 0.3304650078125 0.41322734375000003 0.289866834375 0.41322734375000003
2 0.456256296875 0.43005560625 0.456256296875 0.452493290625 0.4636186609375 0.452493290625 0.4636186609375 0.43005560625 0.456256296875 0.43005560625
2 0.4636186609375 0.4337952203125 0.4636186609375 0.45436309374999995 0.4699292609375 0.45436309374999995 0.4699292609375 0.4337952203125 0.4636186609375 0.4337952203125
2 0.46887749218749997 0.4337952203125 0.46887749218749997 0.45810271093750005 0.477291625 0.45810271093750005 0.477291625 0.4337952203125 0.46887749218749997 0.4337952203125
2 0.473084559375 0.4337952203125 0.473084559375 0.4655819359375 0.48255045625 0.4655819359375 0.48255045625 0.4337952203125 0.473084559375 0.4337952203125
2 0.5151552171875 0.3945292734375 0.5151552171875 0.53663460625 0.621383625 0.53663460625 0.621383625 0.3945292734375 0.5151552171875 0.3945292734375
6 0.478343390625 0.3739613953125 0.478343390625 0.482410203125 0.531983478125 0.482410203125 0.531983478125 0.3739613953125 0.478343390625 0.3739613953125
2 0.1476680078125 0.41210547656249996 0.1476680078125 0.496246790625 0.19184219687499998 0.496246790625 0.19184219687499998 0.41210547656249996 0.1476680078125 0.41210547656249996
2 0.19920456250000002 0.4139752828125 0.19920456250000002 0.48689775625 0.2391716875 0.48689775625 0.2391716875 0.4139752828125 0.19920456250000002 0.4139752828125
2 0 0.5572024828125001 0.1619720296875 0.5572024828125001 0.1619720296875 0.38144062500000003 0 0.38144062500000003 0 0.5572024828125001
2 0.2238158984375 0.41060962500000003 0.2238158984375 0.494750940625 0.29743955 0.494750940625 0.29743955 0.41060962500000003 0.2238158984375 0.41060962500000003
2 0.439428034375 0.431177503125 0.439428034375 0.44613595781250004 0.4509974625 0.44613595781250004 0.4509974625 0.431177503125 0.439428034375 0.431177503125
2 0.42259977031249996 0.4293076953125 0.42259977031249996 0.4442661515625 0.43206566718749995 0.4442661515625 0.43206566718749995 0.4293076953125 0.42259977031249996 0.4293076953125
4 0.8550860734375 0.3912765828125 0.8550860734375 0.5254157640625 0.8912668968749999 0.5254157640625 0.8912668968749999 0.3912765828125 0.8550860734375 0.3912765828125
4 0.4442661484375 0.38705004375 0.4442661484375 0.3982688859375 0.4610944109375 0.3982688859375 0.4610944109375 0.38705004375 0.4442661484375 0.38705004375
4 0.6073951125 0.4177148984375 0.6073951125 0.55953974375 0.6515693 0.55953974375 0.6515693 0.4177148984375 0.6073951125 0.4177148984375
4 0.6655052078125 0.48253174374999996 0.6655052078125 0.5284385687500001 0.69701864375 0.5284385687500001 0.69701864375 0.48253174374999996 0.6655052078125 0.48253174374999996