2 0.3944931484375 0.4328070046875 0.3944931484375 0.4485046671875 0.40836876093749996 0.4485046671875 0.40836876093749996 0.4328070046875 0.3944931484375 0.4328070046875
2 0.383140371875 0.4260794359375 0.383140371875 0.4597172828125 0.3982774046875 0.4597172828125 0.3982774046875 0.4260794359375 0.383140371875 0.4260794359375
2 0.3667419203125 0.41935186562500004 0.3667419203125 0.46644485625 0.38944746874999997 0.46644485625 0.38944746874999997 0.41935186562500004 0.3667419203125 0.41935186562500004
2 0.35286630625000004 0.417109340625 0.35286630625000004 0.47989999375 0.3844017890625 0.47989999375 0.3844017890625 0.417109340625 0.35286630625000004 0.417109340625
2 0.34151353281249996 0.417109340625 0.34151353281249996 0.48438504218749995 0.3680033390625 0.48438504218749995 0.3680033390625 0.417109340625 0.34151353281249996 0.417109340625
2 0.308716628125 0.41262429375 0.308716628125 0.50456775 0.3516048875 0.50456775 0.3516048875 0.41262429375 0.308716628125 0.41262429375
2 0.2494299171875 0.4103817703125 0.2494299171875 0.53147803125 0.3352064359375 0.53147803125 0.3352064359375 0.4103817703125 0.2494299171875 0.4103817703125
2 0.057694171875 0.2825579421875 0.057694171875 0.6144513953125 0.27591972343750004 0.6144513953125 0.27591972343750004 0.2825579421875 0.057694171875 0.2825579421875
2 0 0.7938532578124999 0.11067378593749999 0.7938532578124999 0.11067378593749999 0.36328878124999997 0 0.36328878124999997 0 0.7938532578124999
4 0.4651326296875 0.4260794359375 0.4651326296875 0.4664448515625 0.4739625671875 0.4664448515625 0.4739625671875 0.4260794359375 0.4651326296875 0.4260794359375
4 0.47143972968750003 0.4260794359375 0.47143972968750003 0.4664448515625 0.481531084375 0.4664448515625 0.481531084375 0.4260794359375 0.47143972968750003 0.4260794359375
4 0.480269665625 0.4260794359375 0.480269665625 0.46195980625 0.48909960156250004 0.46195980625 0.48909960156250004 0.4260794359375 0.480269665625 0.4260794359375
4 0.48531534218749994 0.42383691093750003 0.48531534218749994 0.4709299015625 0.4979295375 0.4709299015625 0.4979295375 0.42383691093750003 0.48531534218749994 0.42383691093750003
4 0.548386309375 0.39468410781249996 0.548386309375 0.5023252296875 0.5748761171875 0.5023252296875 0.5748761171875 0.39468410781249996 0.548386309375 0.39468410781249996
4 0.5710918578124999 0.39019905781249997 0.5710918578124999 0.50681026875 0.5988430828125 0.50681026875 0.5988430828125 0.39019905781249997 0.5710918578124999 0.39019905781249997
4 0.6101958609375 0.3879565375 0.6101958609375 0.502325225 0.6392085062499999 0.502325225 0.6392085062499999 0.3879565375 0.6101958609375 0.3879565375