2 0.6154726359375 0.3748819984375 0.6154726359375 0.40889775625 0.6393899656250001 0.40889775625 0.6393899656250001 0.3748819984375 0.6154726359375 0.3748819984375
2 0.5481054796875 0.3734646703125 0.5481054796875 0.392598534375 0.5612600109375 0.392598534375 0.5612600109375 0.3734646703125 0.5481054796875 0.3734646703125
2 0.56006414375 0.377716640625 0.56006414375 0.4011024734375 0.573218675 0.4011024734375 0.573218675 0.377716640625 0.56006414375 0.377716640625
2 0.4424705953125 0.3607087625 0.4424705953125 0.4287402765625 0.4867176546875 0.4287402765625 0.4867176546875 0.3607087625 0.4424705953125 0.3607087625
2 0.564448975 0.37559065625 0.564448975 0.45637808125 0.6230464328124999 0.45637808125 0.6230464328124999 0.37559065625 0.564448975 0.37559065625
2 0.47077277500000003 0.36496073125 0.47077277500000003 0.49251982187500004 0.5568751609375 0.49251982187500004 0.5568751609375 0.36496073125 0.47077277500000003 0.36496073125
4 0.7374510171875001 0.379842625 0.7374510171875001 0.44362217031249995 0.7494096796874999 0.44362217031249995 0.7494096796874999 0.379842625 0.7374510171875001 0.379842625
4 0.872583928125 0.39826783125 0.872583928125 0.46629934687499996 0.8869343265625 0.46629934687499996 0.8869343265625 0.39826783125 0.872583928125 0.39826783125
4 0.85105833125 0.3855119234375 0.85105833125 0.45992139375 0.872583928125 0.45992139375 0.872583928125 0.3855119234375 0.85105833125 0.3855119234375
4 0.8259451359375 0.37700798281250003 0.8259451359375 0.45566942343749994 0.8379038 0.45566942343749994 0.8379038 0.37700798281250003 0.8259451359375 0.37700798281250003
4 0.8175740703125 0.38480325625 0.8175740703125 0.45496075625000004 0.8271410015624999 0.45496075625000004 0.8271410015624999 0.38480325625 0.8175740703125 0.38480325625
4 0.8080071390624999 0.3869292421875 0.8080071390624999 0.457086740625 0.8187699359374999 0.457086740625 0.8187699359374999 0.3869292421875 0.8080071390624999 0.3869292421875
4 0.797244340625 0.38905522656249997 0.797244340625 0.4464568171875 0.8092030046875 0.4464568171875 0.8092030046875 0.38905522656249997 0.797244340625 0.38905522656249997
2 0.1957804265625 0.206524240625 0.1957804265625 0.5551857546875001 0.4122322578125 0.5551857546875001 0.4122322578125 0.206524240625 0.1957804265625 0.206524240625
2 0.9592493390625 0.45368516875 0.9592493390625 0.625889940625 0.9987129328125001 0.625889940625 0.9987129328125001 0.45368516875 0.9592493390625 0.45368516875