2 0.5413392421875 0.2633884515625 0.5413392421875 0.2804500515625 0.5509363921875 0.2804500515625 0.5509363921875 0.2633884515625 0.5413392421875 0.2633884515625
2 0.52694351875 0.2633884515625 0.52694351875 0.27831735156250004 0.5365406687500001 0.27831735156250004 0.5365406687500001 0.2633884515625 0.52694351875 0.2633884515625
2 0.5257438750000001 0.2804500515625 0.5257438750000001 0.293246253125 0.5365406687500001 0.293246253125 0.5365406687500001 0.2804500515625 0.5257438750000001 0.2804500515625
2 0.5221449421875 0.2953789515625 0.5221449421875 0.3039097515625 0.5329417375000001 0.3039097515625 0.5329417375000001 0.2953789515625 0.5221449421875 0.2953789515625
2 0.5209453 0.3017770515625 0.5209453 0.3145732515625 0.53054245 0.3145732515625 0.53054245 0.3017770515625 0.5209453 0.3017770515625
2 0.51494708125 0.3081751515625 0.51494708125 0.3252367515625 0.5257438765625 0.3252367515625 0.5257438765625 0.3081751515625 0.51494708125 0.3081751515625
2 0.506549575 0.30604244999999997 0.506549575 0.32736945 0.51734636875 0.32736945 0.51734636875 0.30604244999999997 0.506549575 0.30604244999999997
2 0.4993517140625 0.3124405515625 0.4993517140625 0.33376755 0.5125477953125 0.33376755 0.5125477953125 0.3124405515625 0.4993517140625 0.3124405515625
2 0.4897545640625 0.31670595 0.4897545640625 0.3465637515625 0.5041502890625 0.3465637515625 0.5041502890625 0.31670595 0.4897545640625 0.31670595
2 0.47895776874999996 0.327369453125 0.47895776874999996 0.3550945515625 0.49695242500000003 0.3550945515625 0.49695242500000003 0.327369453125 0.47895776874999996 0.327369453125
2 0.47295955 0.3359002515625 0.47295955 0.36789075000000004 0.487355275 0.36789075000000004 0.487355275 0.3359002515625 0.47295955 0.3359002515625
2 0.45496489218749997 0.3380329515625 0.45496489218749997 0.380686953125 0.48375634375 0.380686953125 0.48375634375 0.3380329515625 0.45496489218749997 0.3380329515625
2 0.4417688125 0.35296185156250004 0.4417688125 0.3977485515625 0.46936061875 0.3977485515625 0.46936061875 0.35296185156250004 0.4417688125 0.35296185156250004
2 0.41177771874999997 0.36575805156249996 0.41177771874999997 0.42547365312499996 0.44896667343749996 0.42547365312499996 0.44896667343749996 0.36575805156249996 0.41177771874999997 0.36575805156249996
2 0.27261904375 0.3359002515625 0.27261904375 0.5193124515624999 0.40577949999999996 0.5193124515624999 0.40577949999999996 0.3359002515625 0.27261904375 0.3359002515625
2 0.57013069375 0.293246253125 0.57013069375 0.306042453125 0.5809274875 0.306042453125 0.5809274875 0.293246253125 0.57013069375 0.293246253125
2 0.56893105 0.3039097515625 0.56893105 0.3209713515625 0.5761289140625 0.3209713515625 0.5761289140625 0.3039097515625 0.56893105 0.3039097515625
2 0.573729625 0.310307853125 0.573729625 0.3252367515625 0.58812535 0.3252367515625 0.58812535 0.310307853125 0.573729625 0.310307853125
2 0.5749292687499999 0.3209713515625 0.5749292687499999 0.340165653125 0.5905246375 0.340165653125 0.5905246375 0.3209713515625 0.5749292687499999 0.3209713515625
2 0.5797278453125 0.32950215156249996 0.5797278453125 0.35296185156250004 0.5989221453125 0.35296185156250004 0.5989221453125 0.32950215156249996 0.5797278453125 0.32950215156249996
2 0.58452641875 0.3380329515625 0.58452641875 0.3700234515625 0.6049203624999999 0.3700234515625 0.6049203624999999 0.3380329515625 0.58452641875 0.3380329515625
2 0.58812535 0.35082915312499996 0.58812535 0.3892177515625 0.621715378125 0.3892177515625 0.621715378125 0.35082915312499996 0.58812535 0.35082915312499996
2 0.54853710625 0.3081751515625 0.54853710625 0.327369453125 0.5641324734375 0.327369453125 0.5641324734375 0.3081751515625 0.54853710625 0.3081751515625
2 0.5377403125 0.39135045 0.5377403125 0.4659949515625 0.59172428125 0.4659949515625 0.59172428125 0.39135045 0.5377403125 0.39135045
2 0 0.6973929015625 0.261134946875 0.6973929015625 0.261134946875 0.2687202 0 0.2687202 0 0.6973929015625
2 1 0.33056850312499997 0.7122010000000001 0.33056850312499997 0.7122010000000001 0.656871603125 1 0.656871603125 1 0.33056850312499997