4 0.2743310296875 0.457108690625 0.2743310296875 0.550947490625 0.294724975 0.550947490625 0.294724975 0.457108690625 0.2743310296875 0.457108690625
4 0.25633637187499997 0.452843290625 0.25633637187499997 0.548814790625 0.2731313859375 0.548814790625 0.2731313859375 0.452843290625 0.25633637187499997 0.452843290625
4 0.309120696875 0.47417029062499993 0.309120696875 0.5424166921875 0.327115353125 0.5424166921875 0.327115353125 0.47417029062499993 0.309120696875 0.47417029062499993
4 0.295924615625 0.45071059062499996 0.295924615625 0.538151290625 0.311519984375 0.538151290625 0.311519984375 0.45071059062499996 0.295924615625 0.45071059062499996
4 0.24314029062500003 0.478435690625 0.24314029062500003 0.536018590625 0.258735659375 0.536018590625 0.258735659375 0.478435690625 0.24314029062500003 0.478435690625
4 0.233543140625 0.472037590625 0.233543140625 0.5296204906249999 0.245539578125 0.5296204906249999 0.245539578125 0.472037590625 0.233543140625 0.472037590625
4 0.22034705937500002 0.44431249062499995 0.22034705937500002 0.5040280890625 0.233543140625 0.5040280890625 0.233543140625 0.44431249062499995 0.22034705937500002 0.44431249062499995
4 0.20955026562499998 0.45497599062500005 0.20955026562499998 0.48696649062499997 0.22154670312500002 0.48696649062499997 0.22154670312500002 0.45497599062500005 0.20955026562499998 0.45497599062500005
4 0.0451990703125 0.422985490625 0.0451990703125 0.45071059062499996 0.061994084375 0.45071059062499996 0.061994084375 0.422985490625 0.0451990703125 0.422985490625
4 0.0140083328125 0.422985490625 0.0140083328125 0.461374090625 0.0296037046875 0.461374090625 0.0296037046875 0.422985490625 0.0140083328125 0.422985490625
2 0 0.725828890625 0.2659335234375 0.725828890625 0.2659335234375 0.371800690625 0 0.371800690625 0 0.725828890625
4 0.7373935171875 0.47417029062499993 0.7373935171875 0.5445493906250001 0.7577874625 0.5445493906250001 0.7577874625 0.47417029062499993 0.7373935171875 0.47417029062499993
4 0.7817803375000001 0.45071059062499996 0.7817803375000001 0.536018590625 0.7937767734375 0.536018590625 0.7937767734375 0.45071059062499996 0.7817803375000001 0.45071059062499996
4 0.7925771296875 0.461374090625 0.7925771296875 0.538151290625 0.8021742796875 0.538151290625 0.8021742796875 0.461374090625 0.7925771296875 0.461374090625
4 0.8537589609375 0.410189290625 0.8537589609375 0.700236490625 0.9017447109375001 0.700236490625 0.9017447109375001 0.410189290625 0.8537589609375 0.410189290625
4 0.8141707171875 0.422985490625 0.8141707171875 0.627724690625 0.8441618109375 0.627724690625 0.8441618109375 0.422985490625 0.8141707171875 0.422985490625
4 0.8465610984374999 0.44857789062500003 0.8465610984374999 0.681042190625 0.8777518375 0.681042190625 0.8777518375 0.44857789062500003 0.8465610984374999 0.44857789062500003
4 0.8981457796875001 0.44004709062499997 0.8981457796875001 0.6170611890625 0.9209390125000001 0.6170611890625 0.9209390125000001 0.44004709062499997 0.8981457796875001 0.44004709062499997
4 0.9029443562499999 0.384596890625 0.9029443562499999 0.700236490625 0.9665254734375001 0.700236490625 0.9665254734375001 0.384596890625 0.9029443562499999 0.384596890625
4 1 0.346208290625 0.9305361624999999 0.346208290625 0.9305361624999999 0.7279615921875 1 0.7279615921875 1 0.346208290625
2 0.323516421875 0.435781690625 0.323516421875 0.7535539921875001 0.5466501609375001 0.7535539921875001 0.5466501609375001 0.435781690625 0.323516421875 0.435781690625
1 0.3763007484375 0.337677490625 0.3763007484375 0.550947490625 0.7397928046875 0.550947490625 0.7397928046875 0.337677490625 0.3763007484375 0.337677490625