2 0.16497607812499998 0.31982626875000003 0.16497607812499998 0.7364057359375 0.5475452875 0.7364057359375 0.5475452875 0.31982626875000003 0.16497607812499998 0.31982626875000003
6 0.461606734375 0.321562271875 0.461606734375 0.4489803390625 0.5607368546875 0.4489803390625 0.5607368546875 0.321562271875 0.461606734375 0.321562271875
2 0.5456334703125 0.3874622109375 0.5456334703125 0.43130661875 0.561692759375 0.43130661875 0.561692759375 0.3874622109375 0.5456334703125 0.3874622109375
2 0.57029595 0.3925603984375 0.57029595 0.42722807031250004 0.5932377921875001 0.42722807031250004 0.5932377921875001 0.3925603984375 0.57029595 0.3925603984375
2 0.657283759375 0.396638946875 0.657283759375 0.44864045468749997 0.7008732578125 0.44864045468749997 0.7008732578125 0.396638946875 0.657283759375 0.396638946875
2 0.6962848890625 0.39765858593750003 0.6962848890625 0.44864045625 0.7278299203125 0.44864045625 0.7278299203125 0.39765858593750003 0.6962848890625 0.39765858593750003
2 0.7932141703125 0.40479604687500004 0.7932141703125 0.4588368296875 0.8431126750000001 0.4588368296875 0.8431126750000001 0.40479604687500004 0.7932141703125 0.40479604687500004
2 0.8389066843749999 0.41295314687499995 0.8389066843749999 0.4782099421875 0.9117470296875 0.4782099421875 0.9117470296875 0.41295314687499995 0.8389066843749999 0.41295314687499995
2 0.884790365625 0.40683532187500004 0.884790365625 0.44354226875 0.9151883062499999 0.44354226875 0.9151883062499999 0.40683532187500004 0.884790365625 0.40683532187500004
2 0.89167291875 0.43130662031250006 0.89167291875 0.5118579750000001 0.9604984421875 0.5118579750000001 0.9604984421875 0.43130662031250006 0.89167291875 0.43130662031250006
2 0.9100263921874999 0.41431267343749995 0.9100263921874999 0.48058910624999995 0.9994995734375 0.48058910624999995 0.9994995734375 0.41431267343749995 0.9100263921874999 0.41431267343749995
1 0.8910993734374999 0.3714878953125 0.8910993734374999 0.43266614062500003 0.9788519156250001 0.43266614062500003 0.9788519156250001 0.3714878953125 0.8910993734374999 0.3714878953125
2 0.5817668874999999 0.38848185 0.5817668874999999 0.4720921171875 0.692461271875 0.4720921171875 0.692461271875 0.38848185 0.5817668874999999 0.38848185
2 0.7169325484375 0.3925603984375 0.7169325484375 0.47413139375 0.8127147375 0.47413139375 0.8127147375 0.3925603984375 0.7169325484375 0.3925603984375