4 0.324757578125 0.565714165625 0.324757578125 0.5895917125000001 0.3340560453125 0.5895917125000001 0.3340560453125 0.565714165625 0.324757578125 0.565714165625
4 0.7474934640625001 0.5106121359375 0.7474934640625001 0.6318366 0.78055468125 0.6318366 0.78055468125 0.5106121359375 0.7474934640625001 0.5106121359375
4 0.7877868218749999 0.52163254375 0.7877868218749999 0.6208161953125 0.8187817140625 0.6208161953125 0.8187817140625 0.52163254375 0.7877868218749999 0.52163254375
4 0.6886031703125 0.53448968125 0.6886031703125 0.6097957890625 0.70926643125 0.6097957890625 0.70926643125 0.53448968125 0.6886031703125 0.53448968125
4 0.6720725625 0.53265295 0.6720725625 0.6079590546875 0.6979016375 0.6079590546875 0.6979016375 0.53265295 0.6720725625 0.53265295
4 0.5315623875 0.5473468234375 0.5315623875 0.5840815078125 0.5418940171875 0.5840815078125 0.5418940171875 0.5473468234375 0.5315623875 0.5473468234375
2 0.43909429375000003 0.55653049375 0.43909429375000003 0.5951019125 0.45872439218750005 0.5951019125 0.45872439218750005 0.55653049375 0.43909429375000003 0.55653049375
2 0.44426011093750006 0.562040696875 0.44426011093750006 0.596938646875 0.47112235 0.596938646875 0.47112235 0.562040696875 0.44426011093750006 0.562040696875
6 0.2516489984375 0.536851209375 0.2516489984375 0.6176675203124999 0.2991744984375 0.6176675203124999 0.2991744984375 0.536851209375 0.2516489984375 0.536851209375
6 0.22788624687499998 0.5423614125 0.22788624687499998 0.634198128125 0.2640469546875 0.634198128125 0.2640469546875 0.5423614125 0.22788624687499998 0.5423614125
6 0.1731286078125 0.5423614125 0.1731286078125 0.64705526875 0.23925104218749998 0.64705526875 0.23925104218749998 0.5423614125 0.1731286078125 0.5423614125
6 0.038817410937500005 0.509300196875 0.038817410937500005 0.7039940312499999 0.1793275859375 0.7039940312499999 0.1793275859375 0.509300196875 0.038817410937500005 0.509300196875
6 0.0008453250000000001 0.5004527000000001 0.0008453250000000001 0.6933098015625 0.013243281249999999 0.6933098015625 0.013243281249999999 0.5004527000000001 0.0008453250000000001 0.5004527000000001