2 0.48945465 0.4206750765625 0.48945465 0.4462674765625 0.5014510890625 0.4462674765625 0.5014510890625 0.4206750765625 0.48945465 0.4206750765625
6 0.49545286875 0.3886845765625 0.49545286875 0.4356039734375 0.5230446734374999 0.4356039734375 0.5230446734374999 0.3886845765625 0.49545286875 0.3886845765625
2 0.49905180156249995 0.4206750765625 0.49905180156249995 0.454798278125 0.5230446765625001 0.454798278125 0.5230446765625001 0.4206750765625 0.49905180156249995 0.4206750765625
2 0.5206453890625 0.427073175 0.5206453890625 0.4505328765625 0.5326418265624999 0.4505328765625 0.5326418265624999 0.427073175 0.5206453890625 0.427073175
1 0.5266436078125001 0.39081727499999996 0.5266436078125001 0.454798278125 0.5614332765625 0.454798278125 0.5614332765625 0.39081727499999996 0.5266436078125001 0.39081727499999996
2 0.5554350578125 0.4313385765625 0.5554350578125 0.454798278125 0.5710304265625 0.454798278125 0.5710304265625 0.4313385765625 0.5554350578125 0.4313385765625
2 0.4786578578125 0.416409675 0.4786578578125 0.4505328765625 0.49425322656250004 0.4505328765625 0.49425322656250004 0.416409675 0.4786578578125 0.416409675
2 0.46666142187500004 0.418542378125 0.46666142187500004 0.45479828125 0.485855721875 0.45479828125 0.485855721875 0.418542378125 0.46666142187500004 0.418542378125
2 0.4318717515625 0.418542378125 0.4318717515625 0.45266557812499997 0.45106605312500003 0.45266557812499997 0.45106605312500003 0.418542378125 0.4318717515625 0.418542378125
2 0.4450678328125 0.418542378125 0.4450678328125 0.4675944765625 0.4774582140625 0.4675944765625 0.4774582140625 0.418542378125 0.4450678328125 0.418542378125
2 0.4522656953125 0.4505328765625 0.4522656953125 0.599821878125 0.5614332765625 0.599821878125 0.5614332765625 0.4505328765625 0.4522656953125 0.4505328765625
2 0.58902508125 0.43986937656249997 0.58902508125 0.6083526796875 0.7293834015625 0.6083526796875 0.7293834015625 0.43986937656249997 0.58902508125 0.43986937656249997
2 0 0.6492548140625 0.037938715625 0.6492548140625 0.037938715625 0.4893023140625 0 0.4893023140625 0 0.6492548140625
1 0.0391383609375 0.0904874125 0.0391383609375 0.6769799171875001 0.4494165234375 0.6769799171875001 0.4494165234375 0.0904874125 0.0391383609375 0.0904874125
2 0.6918070546874999 0.3689571 0.6918070546874999 0.8722743046874999 0.9989158546875 0.8722743046874999 0.9989158546875 0.3689571 0.6918070546874999 0.3689571
4 0.028341565625 0.403994303125 0.028341565625 0.5170274046875 0.0595323015625 0.5170274046875 0.0595323015625 0.403994303125 0.028341565625 0.403994303125
4 0.5734297140625 0.41843575 0.5734297140625 0.454691653125 0.581827221875 0.454691653125 0.581827221875 0.41843575 0.5734297140625 0.41843575
4 0.6046204515625 0.4205684515625 0.6046204515625 0.4525589515625 0.613017959375 0.4525589515625 0.613017959375 0.4205684515625 0.6046204515625 0.4205684515625
4 0.6142176015625 0.4205684515625 0.6142176015625 0.450426253125 0.6226151093750001 0.450426253125 0.6226151093750001 0.4205684515625 0.6142176015625 0.4205684515625
4 0.620215821875 0.4205684515625 0.620215821875 0.4482935515625 0.6286133281249999 0.4482935515625 0.6286133281249999 0.4205684515625 0.620215821875 0.4205684515625
4 0.627413684375 0.41630305156249997 0.627413684375 0.44402815 0.6370108343750001 0.44402815 0.6370108343750001 0.41630305156249997 0.627413684375 0.41630305156249997
4 0.6370108343750001 0.4205684515625 0.6370108343750001 0.439762753125 0.647807628125 0.439762753125 0.647807628125 0.4205684515625 0.6370108343750001 0.4205684515625
4 0.656205134375 0.41630305156249997 0.656205134375 0.44402815 0.669401215625 0.44402815 0.669401215625 0.41630305156249997 0.656205134375 0.41630305156249997
4 0.7425794828125001 0.42270114999999997 0.7425794828125001 0.4888148515625 0.7617737828125 0.4888148515625 0.7617737828125 0.42270114999999997 0.7425794828125001 0.42270114999999997
4 0.759374496875 0.42909925312499997 0.759374496875 0.461089753125 0.7725705781250001 0.461089753125 0.7725705781250001 0.42909925312499997 0.759374496875 0.42909925312499997