2 0 0.76647814375 0.3071803234375 0.76647814375 0.3071803234375 0.42328095781249997 0 0.42328095781249997 0 0.76647814375
2 0.2814520203125 0.4532339109375 0.2814520203125 0.528079878125 0.34850153281249996 0.528079878125 0.34850153281249996 0.4532339109375 0.2814520203125 0.4532339109375
2 0.2619608859375 0.4171969625 0.2619608859375 0.4726384203125 0.353959053125 0.4726384203125 0.353959053125 0.4171969625 0.2619608859375 0.4171969625
2 0.4599908390625 0.4379875109375 0.4599908390625 0.47679653125000004 0.48338020468750004 0.47679653125000004 0.48338020468750004 0.4379875109375 0.4599908390625 0.4379875109375
2 0.477143040625 0.44907580156250004 0.477143040625 0.46986635000000004 0.48415985 0.46986635000000004 0.48415985 0.44907580156250004 0.477143040625 0.44907580156250004
2 0.49507488593750004 0.44907580156250004 0.49507488593750004 0.4823406765625 0.5106677953125 0.4823406765625 0.5106677953125 0.44907580156250004 0.49507488593750004 0.44907580156250004
2 0.547311134375 0.4296712921875 0.547311134375 0.5183776234375 0.620597809375 0.5183776234375 0.620597809375 0.4296712921875 0.547311134375 0.4296712921875
2 0.48727843125000003 0.440759584375 0.48727843125000003 0.6029258453125 0.6073438375 0.6029258453125 0.6073438375 0.440759584375 0.48727843125000003 0.440759584375
2 0.41866962656249995 0.447689765625 0.41866962656249995 0.5017451859375 0.46466871093749995 0.5017451859375 0.46466871093749995 0.447689765625 0.41866962656249995 0.447689765625
4 0.792119815625 0.42551318125000004 0.792119815625 0.575205115625 0.8318817375 0.575205115625 0.8318817375 0.42551318125000004 0.792119815625 0.42551318125000004
4 0.9207613234375 0.40056452656249997 0.9207613234375 0.6403488312500001 0.9956072890625001 0.6403488312500001 0.9956072890625001 0.40056452656249997 0.9207613234375 0.40056452656249997
4 0.8958126656250001 0.451847875 0.8958126656250001 0.58767944375 0.9355745875 0.58767944375 0.9355745875 0.451847875 0.8958126656250001 0.451847875
4 0.8771011765625 0.4393735484375 0.8771011765625 0.583521334375 0.9215409687499999 0.583521334375 0.9215409687499999 0.4393735484375 0.8771011765625 0.4393735484375
4 0.851372875 0.41581092656249996 0.851372875 0.5710470062499999 0.88489763125 0.5710470062499999 0.88489763125 0.41581092656249996 0.851372875 0.41581092656249996
4 0.8817790484374999 0.4102667828125 0.8817790484374999 0.57243304375 0.91608345 0.57243304375 0.91608345 0.4102667828125 0.8817790484374999 0.4102667828125
4 0.4085342359375 0.44907580156250004 0.4085342359375 0.4906568953125 0.41944927343750005 0.4906568953125 0.41944927343750005 0.44907580156250004 0.4085342359375 0.44907580156250004
4 0.37267054375 0.44491769375 0.37267054375 0.4823406796875 0.382805934375 0.4823406796875 0.382805934375 0.44491769375 0.37267054375 0.44491769375
4 0.346162596875 0.42689921875000003 0.346162596875 0.50728933125 0.35629798749999997 0.50728933125 0.35629798749999997 0.42689921875000003 0.346162596875 0.42689921875000003
4 0.690765903125 0.436601471875 0.690765903125 0.5294659140625 0.7149349125 0.5294659140625 0.7149349125 0.436601471875 0.690765903125 0.436601471875
4 0.6743933484375 0.436601471875 0.6743933484375 0.512833475 0.6845287390625 0.512833475 0.6845287390625 0.436601471875 0.6743933484375 0.436601471875
4 0.6658172484375 0.45046183749999996 0.6658172484375 0.50728933125 0.6759526390625 0.50728933125 0.6759526390625 0.45046183749999996 0.6658172484375 0.45046183749999996
4 0.6588004390625 0.447689765625 0.6588004390625 0.503131221875 0.6712747671875 0.503131221875 0.6712747671875 0.447689765625 0.6588004390625 0.447689765625
4 0.656461503125 0.4393735484375 0.656461503125 0.503131221875 0.6626986671874999 0.503131221875 0.6626986671874999 0.4393735484375 0.656461503125 0.4393735484375
4 0.6478854015625 0.44353165624999996 0.6478854015625 0.5017451875 0.65802079375 0.5017451875 0.65802079375 0.44353165624999996 0.6478854015625 0.44353165624999996
4 0.640868590625 0.436601471875 0.640868590625 0.503131221875 0.651783628125 0.503131221875 0.651783628125 0.436601471875 0.640868590625 0.436601471875
4 0.628394265625 0.46432220312499994 0.628394265625 0.5017451875 0.643987175 0.5017451875 0.643987175 0.46432220312499994 0.628394265625 0.46432220312499994
4 0.6291739093750001 0.4310573296875 0.6291739093750001 0.465708240625 0.6393093015625 0.465708240625 0.6393093015625 0.4310573296875 0.6291739093750001 0.4310573296875
6 0.4521943828125 0.422741109375 0.4521943828125 0.47541049375 0.48338020468750004 0.47541049375 0.48338020468750004 0.422741109375 0.4521943828125 0.422741109375