2 0.40224480625 0.33795911093750003 0.40224480625 0.3563264546875 0.41360960156250004 0.3563264546875 0.41360960156250004 0.33795911093750003 0.40224480625 0.33795911093750003
2 0.3882814671875 0.3404898390625 0.3882814671875 0.36069391562500003 0.4027457484375 0.36069391562500003 0.4027457484375 0.3404898390625 0.3882814671875 0.3404898390625
2 0.362452390625 0.3349796390625 0.362452390625 0.36620411875 0.3820824890625 0.36620411875 0.3820824890625 0.3349796390625 0.362452390625 0.3349796390625
2 0.2694677171875 0.35151024531249997 0.2694677171875 0.4029388046875 0.304595259375 0.4029388046875 0.304595259375 0.35151024531249997 0.2694677171875 0.35151024531249997
2 0.203073921875 0.3543175125 0.203073921875 0.4259501484375 0.27022951875 0.4259501484375 0.27022951875 0.3543175125 0.203073921875 0.3543175125
2 0.096783153125 0.3702358859375 0.096783153125 0.44047089375 0.1617474015625 0.44047089375 0.1617474015625 0.3702358859375 0.096783153125 0.3702358859375
2 0.3231921953125 0.344330284375 0.3231921953125 0.3847384375 0.3593529015625 0.3847384375 0.3593529015625 0.344330284375 0.3231921953125 0.344330284375
2 0.491096828125 0.33428564375 0.491096828125 0.3636733921875 0.5107269265625 0.3636733921875 0.5107269265625 0.33428564375 0.491096828125 0.33428564375
2 0.529824803125 0.33147314843750003 0.529824803125 0.40861598906249996 0.576317140625 0.40861598906249996 0.576317140625 0.33147314843750003 0.529824803125 0.33147314843750003
2 0.5339574578125 0.35351395625 0.5339574578125 0.40677925156250005 0.5690850015625 0.40677925156250005 0.5690850015625 0.35351395625 0.5339574578125 0.35351395625
2 0.55978653125 0.34984048749999996 0.55978653125 0.43065679687499997 0.608345196875 0.43065679687499997 0.608345196875 0.34984048749999996 0.55978653125 0.34984048749999996
2 0.585615609375 0.34800375625 0.585615609375 0.44902414375 0.6827329343749999 0.44902414375 0.6827329343749999 0.34800375625 0.585615609375 0.34800375625
2 0.0253125171875 0.37694143750000003 0.0253125171875 0.4537061953125 0.10720595625 0.4537061953125 0.10720595625 0.37694143750000003 0.0253125171875 0.37694143750000003