1 0.5502490921875001 0.5075826 0.5502490921875001 0.5374404015625001 0.5658444609375 0.5374404015625001 0.5658444609375 0.5075826 0.5502490921875001 0.5075826
2 0.4938033421875 0.5148947046875 0.4938033421875 0.540487103125 0.50579978125 0.540487103125 0.50579978125 0.5148947046875 0.4938033421875 0.5148947046875
2 0.486605478125 0.519160103125 0.486605478125 0.5362217031250001 0.49500298750000005 0.5362217031250001 0.49500298750000005 0.519160103125 0.486605478125 0.519160103125
2 0.473409396875 0.51276200625 0.473409396875 0.53622170625 0.489004765625 0.53622170625 0.489004765625 0.51276200625 0.473409396875 0.51276200625
2 0.4506161640625 0.5042312015625 0.4506161640625 0.5426198046875 0.474609040625 0.5426198046875 0.474609040625 0.5042312015625 0.4506161640625 0.5042312015625
2 0.43861972812500005 0.51062930625 0.43861972812500005 0.55115060625 0.453015453125 0.55115060625 0.453015453125 0.51062930625 0.43861972812500005 0.51062930625
2 0.40263041875 0.5042312015625 0.40263041875 0.5618141015625 0.4434183046875 0.5618141015625 0.4434183046875 0.5042312015625 0.40263041875 0.5042312015625
2 0.094384465625 0.5161133984374999 0.094384465625 0.6590042984375 0.21434884062499998 0.6590042984375 0.21434884062499998 0.5161133984374999 0.094384465625 0.5161133984374999
2 0 0.7421796031250001 0.12317591562500001 0.7421796031250001 0.12317591562500001 0.5459712015625 0 0.5459712015625 0 0.7421796031250001
2 0.13637199687499998 0.49052100000000004 0.13637199687499998 0.7549758046874999 0.3858978984375 0.7549758046874999 0.3858978984375 0.49052100000000004 0.13637199687499998 0.49052100000000004
2 0.5982348421875 0.501184503125 0.5982348421875 0.53317500625 0.618628784375 0.53317500625 0.618628784375 0.501184503125 0.5982348421875 0.501184503125
2 0.6234273609375001 0.4862556015625 0.6234273609375001 0.5502365984375001 0.6630156046875 0.5502365984375001 0.6630156046875 0.4862556015625 0.6234273609375001 0.4862556015625
2 0.6378230859375 0.49052100000000004 0.6378230859375 0.5672981984375001 0.6894077671875001 0.5672981984375001 0.6894077671875001 0.49052100000000004 0.6378230859375 0.49052100000000004
2 0.835911753125 0.4372035046875 0.835911753125 0.5523693046875 0.993065084375 0.5523693046875 0.993065084375 0.4372035046875 0.835911753125 0.4372035046875
2 0.6896827484375 0.477187171875 0.6896827484375 0.5193746453125 0.7437354468749999 0.5193746453125 0.7437354468749999 0.477187171875 0.6896827484375 0.477187171875