2 0.2319664109375 0.5564333671874999 0.2319664109375 0.5855551125 0.2565378828125 0.5855551125 0.2565378828125 0.5564333671874999 0.2319664109375 0.5564333671874999
2 0.200082 0.5278316546874999 0.200082 0.60479626875 0.23869431406250002 0.60479626875 0.23869431406250002 0.5278316546874999 0.200082 0.5278316546874999
2 0.1684901046875 0.5319919015625 0.1684901046875 0.6182130828125 0.1930615765625 0.6182130828125 0.1930615765625 0.5319919015625 0.1684901046875 0.5319919015625
2 0.1181770875 0.5319919015625 0.1181770875 0.6193571421875 0.172000315625 0.6193571421875 0.172000315625 0.5319919015625 0.1181770875 0.5319919015625
2 0.0622454546875 0.5423925265625 0.0622454546875 0.617912778125 0.1251975078125 0.617912778125 0.1251975078125 0.5423925265625 0.0622454546875 0.5423925265625
2 0.040952456250000005 0.54447265 0.040952456250000005 0.59855589375 0.080734840625 0.59855589375 0.080734840625 0.54447265 0.040952456250000005 0.54447265
2 0.5844500484374999 0.55123305625 0.5844500484374999 0.5699541781249999 0.6020011015625 0.5699541781249999 0.6020011015625 0.55123305625 0.5844500484374999 0.55123305625
2 0.5903004000000001 0.5553933062499999 0.5903004000000001 0.599075921875 0.6347630640624999 0.599075921875 0.6347630640624999 0.5553933062499999 0.5903004000000001 0.5553933062499999
2 0.6078514515625 0.56995418125 0.6078514515625 0.6011560515625 0.633592996875 0.6011560515625 0.633592996875 0.56995418125 0.6078514515625 0.56995418125
2 0.6218922953125 0.5803548046875 0.6218922953125 0.6011560484375 0.6359331359375 0.6011560484375 0.6359331359375 0.5803548046875 0.6218922953125 0.5803548046875
2 0.8105661078124999 0.5387523078124999 0.8105661078124999 0.56163368125 0.8281171593750001 0.56163368125 0.8281171593750001 0.5387523078124999 0.8105661078124999 0.5387523078124999
2 0.8117361781250001 0.5387523078124999 0.8117361781250001 0.5886753031249999 0.846838284375 0.5886753031249999 0.846838284375 0.5387523078124999 0.8117361781250001 0.5387523078124999
2 0.8480083531249999 0.5408324328125 0.8480083531249999 0.584515053125 0.91704249375 0.584515053125 0.91704249375 0.5408324328125 0.8480083531249999 0.5408324328125
2 0.69940944375 0.53459205625 0.69940944375 0.63859829375 0.8035456875 0.63859829375 0.8035456875 0.53459205625 0.69940944375 0.53459205625
2 0.65962705625 0.54499268125 0.65962705625 0.617797046875 0.7310013375 0.617797046875 0.7310013375 0.54499268125 0.65962705625 0.54499268125
2 0.7526476343749999 0.5897153640624999 0.7526476343749999 0.7041222265625 0.966770475 0.7041222265625 0.966770475 0.5897153640624999 0.7526476343749999 0.5897153640624999
2 0.26940865625 0.56059361875 0.26940865625 0.5897153640624999 0.318551603125 0.5897153640624999 0.318551603125 0.56059361875 0.26940865625 0.56059361875
2 0.3407829359375 0.56059361875 0.3407829359375 0.585555115625 0.354823778125 0.585555115625 0.354823778125 0.56059361875 0.3407829359375 0.56059361875
2 0.3302523046875 0.56059361875 0.3302523046875 0.585555115625 0.34780335625 0.585555115625 0.34780335625 0.56059361875 0.3302523046875 0.56059361875
2 0.35716391875000003 0.564753865625 0.35716391875000003 0.5938756140625 0.386415671875 0.5938756140625 0.386415671875 0.564753865625 0.35716391875000003 0.564753865625
2 0.519803671875 0.569434146875 0.519803671875 0.6006360203125001 0.5560758484375 0.6006360203125001 0.5560758484375 0.569434146875 0.519803671875 0.569434146875
4 0.574482653125 0.560881746875 0.574482653125 0.658004128125 0.5963351890624999 0.658004128125 0.5963351890624999 0.560881746875 0.574482653125 0.560881746875
2 0 0.6384806546874999 0.018071265625 0.6384806546874999 0.018071265625 0.556209146875 0 0.556209146875 0 0.6384806546874999
2 0.38724128125 0.5674279890625 0.38724128125 0.58238644375 0.4040695453125 0.58238644375 0.4040695453125 0.5674279890625 0.38724128125 0.5674279890625