2 0.008004209375 0.41594587812499995 0.008004209375 0.6987161000000001 0.2840472375 0.6987161000000001 0.2840472375 0.41594587812499995 0.008004209375 0.41594587812499995
2 0.300466153125 0.40864858125000003 0.300466153125 0.5509458546875 0.4030843796875 0.5509458546875 0.4030843796875 0.40864858125000003 0.300466153125 0.40864858125000003
2 0.40718910781249995 0.4414864140625 0.40718910781249995 0.496216134375 0.439000759375 0.496216134375 0.439000759375 0.4414864140625 0.40718910781249995 0.4414864140625
2 0.440026940625 0.4396620890625 0.440026940625 0.48187466875 0.457651659375 0.48187466875 0.457651659375 0.4396620890625 0.440026940625 0.4396620890625
2 0.455419675 0.4433107359375 0.455419675 0.467026946875 0.4636291328125 0.467026946875 0.4636291328125 0.4433107359375 0.455419675 0.4433107359375
2 0.46465531406249994 0.445135059375 0.46465531406249994 0.46337830156250004 0.47286477343750005 0.46337830156250004 0.47286477343750005 0.445135059375 0.46465531406249994 0.445135059375
2 0.4892836890625 0.445135059375 0.4892836890625 0.46155397656249997 0.4964669640625 0.46155397656249997 0.4964669640625 0.445135059375 0.4892836890625 0.445135059375
2 0.496466965625 0.4414864140625 0.496466965625 0.463378303125 0.5036502406250001 0.463378303125 0.5036502406250001 0.4414864140625 0.496466965625 0.4414864140625
2 0.498519328125 0.4414864140625 0.498519328125 0.465202625 0.5139120640625 0.465202625 0.5139120640625 0.4414864140625 0.498519328125 0.4414864140625
2 0.51288588125 0.44695938437500005 0.51288588125 0.47797289374999996 0.5241738859375 0.47797289374999996 0.5241738859375 0.44695938437500005 0.51288588125 0.44695938437500005
2 0.5221215234375001 0.437837765625 0.5221215234375001 0.4834458671875 0.5354618906249999 0.4834458671875 0.5354618906249999 0.437837765625 0.5221215234375001 0.437837765625
2 0.5262262515625 0.43054046875 0.5262262515625 0.49439181093749995 0.560090265625 0.49439181093749995 0.560090265625 0.43054046875 0.5262262515625 0.43054046875
2 0.5426451671875 0.42871614375 0.5426451671875 0.508986403125 0.60832083125 0.508986403125 0.60832083125 0.42871614375 0.5426451671875 0.42871614375
2 0.580613909375 0.42871614375 0.580613909375 0.5764863921875001 0.6883630468749999 0.5764863921875001 0.6883630468749999 0.42871614375 0.580613909375 0.42871614375
2 0.25839268125000003 0.4433107359375 0.25839268125000003 0.4907431625 0.30251851875 0.4907431625 0.30251851875 0.4433107359375 0.25839268125000003 0.4433107359375
2 0.6936378249999999 0.390405340625 0.6936378249999999 0.7678119765625 0.9994969890625001 0.7678119765625 0.9994969890625001 0.390405340625 0.6936378249999999 0.390405340625
4 0.47479031875000005 0.43640594374999997 0.47479031875000005 0.466874671875 0.48533718593749997 0.466874671875 0.48533718593749997 0.43640594374999997 0.47479031875000005 0.43640594374999997