2 0.926067453125 0.5753532531250001 0.926067453125 0.6827987421875 0.9982032343749999 0.6827987421875 0.9982032343749999 0.5753532531250001 0.926067453125 0.5753532531250001
2 0.6794410703125 0.59095018125 0.6794410703125 0.6360079640625 0.7155089593749999 0.6360079640625 0.7155089593749999 0.59095018125 0.6794410703125 0.59095018125
2 0.6375243312500001 0.5944161625 0.6375243312500001 0.6186780453125 0.6531212578125001 0.6186780453125 0.6531212578125001 0.5944161625 0.6375243312500001 0.5944161625
2 0.219331765625 0.5458923921875 0.219331765625 0.6827987421875 0.333384284375 0.6827987421875 0.333384284375 0.5458923921875 0.219331765625 0.5458923921875
2 0.376275828125 0.580552228125 0.376275828125 0.6273430046875 0.40746967968750003 0.6273430046875 0.40746967968750003 0.580552228125 0.376275828125 0.580552228125
2 0.0214457734375 0.55629034375 0.0214457734375 0.6065471062500001 0.08773270625 0.6065471062500001 0.08773270625 0.55629034375 0.0214457734375 0.55629034375
2 0.43768872343750004 0.592683171875 0.43768872343750004 0.6100130874999999 0.450361225 0.6100130874999999 0.450361225 0.592683171875 0.43768872343750004 0.592683171875
2 0.40746967968750003 0.5788192359375001 0.40746967968750003 0.6134790703124999 0.42696583749999995 0.6134790703124999 0.42696583749999995 0.5788192359375001 0.40746967968750003 0.5788192359375001
2 0.169616565625 0.5736202609375 0.169616565625 0.5944161625 0.20470964687499998 0.5944161625 0.20470964687499998 0.5736202609375 0.169616565625 0.5736202609375
2 0.45913449531249995 0.592683171875 0.45913449531249995 0.6065471062500001 0.481555075 0.6065471062500001 0.481555075 0.592683171875 0.45913449531249995 0.592683171875
2 0.5166481593750001 0.5978821453125 0.5166481593750001 0.6117460796875 0.5263962375 0.6117460796875 0.5263962375 0.5978821453125 0.5166481593750001 0.5978821453125