2 0.44051299843749997 0.4082809625 0.44051299843749997 0.42703094999999996 0.44842315 0.42703094999999996 0.44842315 0.4082809625 0.44051299843749997 0.4082809625
2 0.3772317921875 0.3965622203125 0.3772317921875 0.42937469687499996 0.39305209375 0.42937469687499996 0.39305209375 0.3965622203125 0.3772317921875 0.3965622203125
2 0.3627298484375 0.39421847187500003 0.3627298484375 0.4293746984375 0.3785501515625 0.4293746984375 0.3785501515625 0.39421847187500003 0.3627298484375 0.39421847187500003
2 0.3508646234375 0.39421847187500003 0.3508646234375 0.431718446875 0.365366565625 0.431718446875 0.365366565625 0.39421847187500003 0.3508646234375 0.39421847187500003
2 0.12147025 0.391874725 0.12147025 0.4645309234375 0.2018901171875 0.4645309234375 0.2018901171875 0.391874725 0.12147025 0.391874725
2 0.561801978125 0.389530975 0.561801978125 0.43640594374999997 0.5881691484375 0.43640594374999997 0.5881691484375 0.389530975 0.561801978125 0.389530975
2 0.42601105625 0.4082809625 0.42601105625 0.43171844375 0.44051299843749997 0.43171844375 0.44051299843749997 0.4082809625 0.42601105625 0.4082809625
2 0.44710479062499997 0.4082809625 0.44710479062499997 0.42703094999999996 0.4602883765625 0.42703094999999996 0.4602883765625 0.4082809625 0.44710479062499997 0.4082809625
2 0.391733734375 0.3965622203125 0.391733734375 0.441093440625 0.42732941249999995 0.441093440625 0.42732941249999995 0.3965622203125 0.391733734375 0.3965622203125
6 0.29944864375 0.38015598125 0.29944864375 0.448124684375 0.361411490625 0.448124684375 0.361411490625 0.38015598125 0.29944864375 0.38015598125
2 0.20980026562499998 0.38484347812499997 0.20980026562499998 0.45046843281250004 0.2743998328125 0.45046843281250004 0.2743998328125 0.38484347812499997 0.20980026562499998 0.38484347812499997
2 0.5420266 0.41296845781249997 0.5420266 0.4387496921875 0.561801978125 0.4387496921875 0.561801978125 0.41296845781249997 0.5420266 0.41296845781249997
2 0.5262063 0.41531220625 0.5262063 0.431718446875 0.539389884375 0.431718446875 0.539389884375 0.41531220625 0.5262063 0.41531220625
2 0.5670754125 0.4082809625 0.5670754125 0.4434371875 0.598716015625 0.4434371875 0.598716015625 0.4082809625 0.5670754125 0.4082809625
2 0.6290382609375 0.389530975 0.6290382609375 0.483280909375 0.694956184375 0.483280909375 0.694956184375 0.389530975 0.6290382609375 0.389530975
2 0.8175635218749999 0.41765595624999996 0.8175635218749999 0.59578083125 0.9994969906250001 0.59578083125 0.9994969906250001 0.41765595624999996 0.8175635218749999 0.41765595624999996
2 0 0.485624659375 0.1241069671875 0.485624659375 0.1241069671875 0.368437240625 0 0.368437240625 0 0.485624659375
2 0.9836766875 0.5207808843749999 0.9836766875 0.6332808062499999 0.9994969906250001 0.6332808062499999 0.9994969906250001 0.5207808843749999 0.9836766875 0.5207808843749999