2 0.002293503125 0.301549309375 0.002293503125 0.4024628609375 0.057795953125 0.4024628609375 0.057795953125 0.301549309375 0.002293503125 0.301549309375
2 0.17763079531249998 0.32397454375 0.17763079531249998 0.42488809375000003 0.2230418921875 0.42488809375000003 0.2230418921875 0.32397454375 0.17763079531249998 0.32397454375
2 0.04644318125 0.27891534375 0.04644318125 0.44282828125 0.17763079531249998 0.44282828125 0.17763079531249998 0.27891534375 0.04644318125 0.27891534375
2 0.2464389015625 0.32173201875 0.2464389015625 0.43684001562499997 0.3481665859375 0.43684001562499997 0.3481665859375 0.32173201875 0.2464389015625 0.32173201875
2 0.7894191921875 0.395735290625 0.7894191921875 0.485436221875 0.9218682265625 0.485436221875 0.9218682265625 0.395735290625 0.7894191921875 0.395735290625
2 0.7616679671875 0.395735290625 0.7616679671875 0.4473133265625 0.7919420328125 0.4473133265625 0.7919420328125 0.395735290625 0.7616679671875 0.395735290625
2 0.72508680625 0.38900771875 0.72508680625 0.451798371875 0.7616679656249999 0.451798371875 0.7616679656249999 0.38900771875 0.72508680625 0.38900771875
2 0.672107190625 0.39349276875 0.672107190625 0.44282828125 0.732655321875 0.44282828125 0.732655321875 0.39349276875 0.672107190625 0.39349276875
2 0.5372941140624999 0.35536986875 0.5372941140624999 0.45852594375000005 0.6658000937499999 0.45852594375000005 0.6658000937499999 0.35536986875 0.5372941140624999 0.35536986875
2 0.206643440625 0.3262170671875 0.206643440625 0.69399089375 0.7805892578125 0.69399089375 0.7805892578125 0.3262170671875 0.206643440625 0.3262170671875
2 0.44273035 0.370613540625 0.44273035 0.44448153125 0.5344285453125 0.44448153125 0.5344285453125 0.370613540625 0.44273035 0.370613540625
2 0.35533050781250003 0.36806636875 0.35533050781250003 0.43684001562499997 0.438431996875 0.43684001562499997 0.438431996875 0.36806636875 0.35533050781250003 0.36806636875
2 0.2235143515625 0.3222172703125 0.2235143515625 0.3629720234375 0.26219952812499997 0.3629720234375 0.26219952812499997 0.3222172703125 0.2235143515625 0.3222172703125