4 0.4194192640625 0.6051558265625 0.4194192640625 0.6520307937500001 0.42996613124999994 0.6520307937500001 0.42996613124999994 0.6051558265625 0.4194192640625 0.6051558265625
2 0.3825052265625 0.60281208125 0.3825052265625 0.6473433 0.4062356796875 0.6473433 0.4062356796875 0.60281208125 0.3825052265625 0.60281208125
6 0.35613805625 0.5512496125 0.35613805625 0.647343296875 0.38909701874999997 0.647343296875 0.38909701874999997 0.5512496125 0.35613805625 0.5512496125
6 0.2849466984375 0.494999653125 0.2849466984375 0.65437454375 0.35613805625 0.65437454375 0.35613805625 0.494999653125 0.2849466984375 0.494999653125
2 0.261216246875 0.5324996265624999 0.261216246875 0.65671829375 0.32054237812499997 0.65671829375 0.32054237812499997 0.5324996265624999 0.261216246875 0.5324996265624999
2 0.1702495125 0.47624966718749995 0.1702495125 0.6473433 0.27044475625 0.6473433 0.27044475625 0.47624966718749995 0.1702495125 0.47624966718749995
2 0.0832378546875 0.4387496921875 0.0832378546875 0.6614057890625 0.1966166828125 0.6614057890625 0.1966166828125 0.4387496921875 0.0832378546875 0.4387496921875
4 0.8518408421875 0.8020306906249999 0.8518408421875 0.9332806 0.88348144375 0.9332806 0.88348144375 0.8020306906249999 0.8518408421875 0.8020306906249999
2 0.42337433906250005 0.6121870734375 0.42337433906250005 0.7809369562499999 0.524887940625 0.7809369562499999 0.524887940625 0.6121870734375 0.42337433906250005 0.6121870734375
6 0.5908058640625 0.6145308203125001 0.5908058640625 0.8559369046875 0.7542823140625 0.8559369046875 0.7542823140625 0.6145308203125001 0.5908058640625 0.6145308203125001
2 0 0.6731245296874999 0.0924663625 0.6731245296874999 0.0924663625 0.26999980625000003 0 0.26999980625000003 0 0.6731245296874999
4 0.5420266015624999 0.680155775 0.5420266015624999 0.7410932328125 0.5552101859375 0.7410932328125 0.5552101859375 0.680155775 0.5420266015624999 0.680155775
4 0.5697121296875001 0.69187451875 0.5697121296875001 0.7551557234375 0.5842140703125 0.7551557234375 0.5842140703125 0.69187451875 0.5697121296875001 0.69187451875