2 0.503955784375 0.3711480140625 0.503955784375 0.3915407625 0.5169561625 0.3915407625 0.5169561625 0.3711480140625 0.503955784375 0.3711480140625
2 0.5146619796875 0.36842898125 0.5146619796875 0.3901812484375 0.5268976265624999 0.3901812484375 0.5268976265624999 0.36842898125 0.5146619796875 0.36842898125
2 0.5268976265624999 0.3738670484375 0.5268976265624999 0.39697883125 0.5368390921875 0.39697883125 0.5368390921875 0.3738670484375 0.5268976265624999 0.3738670484375
2 0.535309634375 0.3738670484375 0.535309634375 0.4037764140625 0.5490747390624999 0.4037764140625 0.5490747390624999 0.3738670484375 0.535309634375 0.3738670484375
2 0.546015828125 0.3697884953125 0.546015828125 0.41057399375000003 0.562839846875 0.41057399375000003 0.562839846875 0.3697884953125 0.546015828125 0.3697884953125
2 0.6802256 0.362990915625 0.6802256 0.51253773125 0.7918758953125 0.51253773125 0.7918758953125 0.362990915625 0.6802256 0.362990915625
2 0.3846582078125 0.3752265640625 0.3846582078125 0.40513593124999997 0.40454113593749996 0.40513593124999997 0.40454113593749996 0.3752265640625 0.3846582078125 0.3752265640625
2 0.3655400078125 0.3765860796875 0.3655400078125 0.41057399375000003 0.387717121875 0.41057399375000003 0.387717121875 0.3765860796875 0.3655400078125 0.3765860796875
2 0.3487159921875 0.380664628125 0.3487159921875 0.4160120546875 0.370128378125 0.4160120546875 0.370128378125 0.380664628125 0.3487159921875 0.380664628125
2 0.334186159375 0.3847431796875 0.334186159375 0.41873109218750004 0.3563632734375 0.41873109218750004 0.3563632734375 0.3847431796875 0.334186159375 0.3847431796875
2 0.3127737734375 0.3833836640625 0.3127737734375 0.42552867499999997 0.3349508859375 0.42552867499999997 0.3349508859375 0.3833836640625 0.3127737734375 0.3833836640625
2 0.2730079140625 0.3847431796875 0.2730079140625 0.44320239062500005 0.31812686874999996 0.44320239062500005 0.31812686874999996 0.3847431796875 0.2730079140625 0.3847431796875
2 0.1277095828125 0.3752265640625 0.1277095828125 0.4309667453125 0.18353473125 0.4309667453125 0.18353473125 0.3752265640625 0.1277095828125 0.3752265640625
2 0.05090903906250001 0.374643915625 0.05090903906250001 0.43582215625 0.1388527640625 0.43582215625 0.1388527640625 0.374643915625 0.05090903906250001 0.374643915625
2 0.1985015515625 0.378722465625 0.1985015515625 0.4494173265625 0.27420962968749996 0.4494173265625 0.27420962968749996 0.378722465625 0.1985015515625 0.378722465625
2 0.48090469843749994 0.371924884375 0.48090469843749994 0.38823908125 0.49237562031250004 0.38823908125 0.49237562031250004 0.371924884375 0.48090469843749994 0.371924884375
2 0.558142234375 0.3637677828125 0.558142234375 0.4195079640625 0.6063201 0.4195079640625 0.6063201 0.3637677828125 0.558142234375 0.3637677828125
2 0.7588883046875 0.27896738593750003 0.7588883046875 0.6066746796875 0.9990129124999999 0.6066746796875 0.9990129124999999 0.27896738593750003 0.7588883046875 0.27896738593750003
2 0.3981800671875 0.3707253953125 0.3981800671875 0.401036278125 0.42703369531249996 0.401036278125 0.42703369531249996 0.3707253953125 0.3981800671875 0.3707253953125
2 0.4611334375 0.3660621828125 0.4611334375 0.3800518203125 0.47162566562499997 0.3800518203125 0.47162566562499997 0.3660621828125 0.4611334375 0.3660621828125
2 0.45064120937499996 0.3707253953125 0.45064120937499996 0.3893782453125 0.46244496562500004 0.3893782453125 0.46244496562500004 0.3707253953125 0.45064120937499996 0.3707253953125
2 0.441460509375 0.368393790625 0.441460509375 0.3940414578125 0.4493296796875 0.3940414578125 0.4493296796875 0.368393790625 0.441460509375 0.368393790625
2 0.4283452234375 0.368393790625 0.4283452234375 0.3940414578125 0.441460509375 0.3940414578125 0.441460509375 0.368393790625 0.4283452234375 0.368393790625