2 0.08654065 0.4975870765625 0.08654065 0.5655028625 0.14267512499999999 0.5655028625 0.14267512499999999 0.4975870765625 0.08654065 0.4975870765625
2 0.1988096 0.50728933125 0.1988096 0.5502564609375 0.22531754531249998 0.5502564609375 0.22531754531249998 0.50728933125 0.1988096 0.50728933125
2 0.3781280625 0.5114474421875 0.3781280625 0.5641168249999999 0.41165281875000004 0.5641168249999999 0.41165281875000004 0.5114474421875 0.3781280625 0.5114474421875
2 0.36409444375 0.5142195125 0.36409444375 0.5530285312500001 0.382026290625 0.5530285312500001 0.382026290625 0.5142195125 0.36409444375 0.5142195125
2 0.350060825 0.5142195125 0.350060825 0.5488704234374999 0.367992671875 0.5488704234374999 0.367992671875 0.5142195125 0.350060825 0.5142195125
2 0.338366140625 0.5114474421875 0.338366140625 0.5460983515625 0.3508404703125 0.5460983515625 0.3508404703125 0.5114474421875 0.338366140625 0.5114474421875
2 0.325891815625 0.5142195125 0.325891815625 0.5419402437499999 0.342264371875 0.5419402437499999 0.342264371875 0.5142195125 0.325891815625 0.5142195125
2 0.31887500625 0.5114474421875 0.31887500625 0.5391681703125 0.332128978125 0.5391681703125 0.332128978125 0.5114474421875 0.31887500625 0.5114474421875
2 0.309519259375 0.5169915875 0.309519259375 0.5336240250000001 0.32121394062499997 0.5336240250000001 0.32121394062499997 0.5169915875 0.309519259375 0.5169915875
2 0.27443521406250004 0.5086753671875 0.27443521406250004 0.5433262765625 0.29938386875 0.5433262765625 0.29938386875 0.5086753671875 0.27443521406250004 0.5086753671875
2 0.8061534359375001 0.537782134375 0.8061534359375001 0.5973816984375 0.864626846875 0.5973816984375 0.864626846875 0.537782134375 0.8061534359375001 0.537782134375
2 0.8685250765625 0.5253078062500001 0.8685250765625 0.5765911515625 0.9184223859375 0.5765911515625 0.9184223859375 0.5253078062500001 0.8685250765625 0.5253078062500001
2 0.9207613234375 0.5253078062500001 0.9207613234375 0.59045151875 0.972896459375 0.59045151875 0.972896459375 0.5253078062500001 0.9207613234375 0.5253078062500001
2 0.9729975703125 0.52392176875 0.9729975703125 0.58906548125 0.9940479984374999 0.58906548125 0.9940479984374999 0.52392176875 0.9729975703125 0.52392176875
2 0.9854719 0.5474843890625001 0.9854719 0.6348046828125 0.9995055171875 0.6348046828125 0.9995055171875 0.5474843890625001 0.9854719 0.5474843890625001
2 0.4701262296875 0.47818256718749996 0.4701262296875 0.7401434515624999 0.710257040625 0.7401434515624999 0.710257040625 0.47818256718749996 0.4701262296875 0.47818256718749996
2 0.2112839265625 0.5114474421875 0.2112839265625 0.6420094640625 0.3025024515625 0.6420094640625 0.3025024515625 0.5114474421875 0.2112839265625 0.5114474421875
2 0.0584734125 0.5128334796875 0.0584734125 0.57520511875 0.10525214218750001 0.57520511875 0.10525214218750001 0.5128334796875 0.0584734125 0.5128334796875
2 0.1395565421875 0.5017451859375 0.1395565421875 0.593080334375 0.2073856984375 0.593080334375 0.2073856984375 0.5017451859375 0.1395565421875 0.5017451859375
2 0.393720971875 0.5142195125 0.393720971875 0.5779771890625 0.45063509375 0.5779771890625 0.45063509375 0.5142195125 0.393720971875 0.5142195125