2 0.529320659375 0.398588096875 0.529320659375 0.42284998125 0.5400435453125 0.42284998125 0.5400435453125 0.398588096875 0.529320659375 0.398588096875
2 0.48545430625 0.355263303125 0.48545430625 0.47483973125 0.5439427765625 0.47483973125 0.5439427765625 0.355263303125 0.48545430625 0.355263303125
1 0.54101835625 0.3864571546875 0.54101835625 0.45404383125000003 0.5673381671875 0.45404383125000003 0.5673381671875 0.3864571546875 0.54101835625 0.3864571546875
2 0.555640471875 0.39685510625 0.555640471875 0.4887036671875 0.5946327859375 0.4887036671875 0.5946327859375 0.39685510625 0.555640471875 0.39685510625
6 0.4152681421875 0.3708602296875 0.4152681421875 0.39685510625 0.46790776562499997 0.39685510625 0.46790776562499997 0.3708602296875 0.4152681421875 0.3708602296875
6 0.34508197812499997 0.3500643296875 0.34508197812499997 0.40898604531249994 0.4094192953125 0.40898604531249994 0.4094192953125 0.3500643296875 0.34508197812499997 0.3500643296875
2 0.31388812499999996 0.37779219375 0.31388812499999996 0.50083460625 0.3996712171875 0.50083460625 0.3996712171875 0.37779219375 0.31388812499999996 0.37779219375
2 0.2641729265625 0.40898604531249994 0.2641729265625 0.4973686234375 0.3177873578125 0.4973686234375 0.3177873578125 0.40898604531249994 0.2641729265625 0.40898604531249994
2 0 0.571887271875 0.10722886406250001 0.571887271875 0.10722886406250001 0.389923140625 0 0.389923140625 0 0.571887271875
2 0.3714017890625 0.3864571546875 0.3714017890625 0.6325419812499999 0.549791625 0.6325419812499999 0.549791625 0.3864571546875 0.3714017890625 0.3864571546875
6 0.5761114375 0.07971761875 0.5761114375 0.5840182125 0.8714782140624999 0.5840182125 0.8714782140624999 0.07971761875 0.5761114375 0.07971761875
4 0.1900875296875 0.3933891234375 0.1900875296875 0.50949956875 0.2144577265625 0.50949956875 0.2144577265625 0.3933891234375 0.1900875296875 0.3933891234375