2 0.4385866015625 0.53382989375 0.4385866015625 0.55065815625 0.44910426562500005 0.55065815625 0.44910426562500005 0.53382989375 0.4385866015625 0.53382989375
2 0.4270171703125 0.5356997015625 0.4270171703125 0.56374680625 0.44174189999999997 0.56374680625 0.44174189999999997 0.5356997015625 0.4270171703125 0.5356997015625
2 0.41439597343749995 0.5375695078125 0.41439597343749995 0.5618769984374999 0.43227600156249996 0.5618769984374999 0.43227600156249996 0.5375695078125 0.41439597343749995 0.5375695078125
2 0.40493007499999994 0.541309121875 0.40493007499999994 0.5712260328125 0.4270171703125 0.5712260328125 0.4270171703125 0.541309121875 0.40493007499999994 0.541309121875
2 0.3986194765625 0.54691854375 0.3986194765625 0.5787052625 0.4196548046875 0.5787052625 0.4196548046875 0.54691854375 0.3986194765625 0.54691854375
2 0.36811825 0.55065815625 0.36811825 0.59366371875 0.403878309375 0.59366371875 0.403878309375 0.55065815625 0.36811825 0.55065815625
2 0.28292517031250003 0.556267578125 0.28292517031250003 0.634799471875 0.331306425 0.634799471875 0.331306425 0.556267578125 0.28292517031250003 0.556267578125
2 0.18616265781250002 0.5487883499999999 0.18616265781250002 0.668455996875 0.301856965625 0.668455996875 0.301856965625 0.5487883499999999 0.18616265781250002 0.5487883499999999
2 0.1356778703125 0.5263506671875 0.1356778703125 0.616101403125 0.205094453125 0.616101403125 0.205094453125 0.5263506671875 0.1356778703125 0.5263506671875
2 0.4775019578125 0.532894990625 0.4775019578125 0.5478534484375001 0.488019625 0.5478534484375001 0.488019625 0.532894990625 0.4775019578125 0.532894990625
2 0.4848643234375 0.534764796875 0.4848643234375 0.55346286875 0.4964337546875 0.55346286875 0.4964337546875 0.534764796875 0.4848643234375 0.534764796875
2 0.4964337546875 0.5310251828125 0.4964337546875 0.562811903125 0.5164173171875001 0.562811903125 0.5164173171875001 0.5310251828125 0.4964337546875 0.5310251828125
2 0.5080031843749999 0.545983640625 0.5080031843749999 0.5777703578125 0.5258832140624999 0.5777703578125 0.5258832140624999 0.545983640625 0.5080031843749999 0.545983640625
2 0.5164173171875001 0.5441138328124999 0.5164173171875001 0.5927288125 0.551125609375 0.5927288125 0.551125609375 0.5441138328124999 0.5164173171875001 0.5441138328124999
2 0.5602409390624999 0.5279088578125 0.5602409390624999 0.6400972765625 0.6370198874999999 0.6400972765625 0.6370198874999999 0.5279088578125 0.5602409390624999 0.5279088578125
2 0.6146522953125 0.5560806140625 0.6146522953125 0.6682690328125 0.7103630390625 0.6682690328125 0.7103630390625 0.5560806140625 0.6146522953125 0.5560806140625
2 0.6641905 0.522611053125 0.6641905 0.7189407875 0.8535084578125 0.7189407875 0.8535084578125 0.522611053125 0.6641905 0.522611053125
2 0.0001912375 0.5861260578125 0.0001912375 0.8123727046875 0.0622454546875 0.8123727046875 0.0622454546875 0.5861260578125 0.0001912375 0.5861260578125
2 0.794274890625 0.492635709375 0.794274890625 0.8759461421875001 0.9972658109375001 0.8759461421875001 0.9972658109375001 0.492635709375 0.794274890625 0.492635709375