3 0.6356300515625 0.4645309234375 0.6356300515625 0.5746871 0.676499165625 0.5746871 0.676499165625 0.4645309234375 0.6356300515625 0.4645309234375
3 0.7134132015625 0.47390591718749997 0.7134132015625 0.6426558015625 0.8122900874999999 0.6426558015625 0.8122900874999999 0.47390591718749997 0.7134132015625 0.47390591718749997
3 0.47742703437499995 0.466874671875 0.47742703437499995 0.5160933875 0.4945656953125 0.5160933875 0.4945656953125 0.466874671875 0.47742703437499995 0.466874671875
5 0.47874539374999997 0.4481246859375 0.47874539374999997 0.4996871515625 0.4945656953125 0.4996871515625 0.4945656953125 0.4481246859375 0.47874539374999997 0.4481246859375
2 0.5420266 0.46218717500000006 0.5420266 0.49265590625 0.5578469046875 0.49265590625 0.5578469046875 0.46218717500000006 0.5420266 0.46218717500000006
2 0.308677153125 0.45515593125000003 0.308677153125 0.5278121312499999 0.3548196984375 0.5278121312499999 0.3548196984375 0.45515593125000003 0.308677153125 0.45515593125000003
0 0.1662944375 0.47156216874999995 0.1662944375 0.5231246328125 0.1952983234375 0.5231246328125 0.1952983234375 0.47156216874999995 0.1662944375 0.47156216874999995
0 0.0964214390625 0.45984342656250005 0.0964214390625 0.54421836875 0.1504741359375 0.54421836875 0.1504741359375 0.45984342656250005 0.0964214390625 0.45984342656250005
0 0.05950740156249999 0.483280909375 0.05950740156249999 0.5489058671875 0.0924663625 0.5489058671875 0.0924663625 0.483280909375 0.05950740156249999 0.483280909375
3 0.005454703125 0.45515593125000003 0.005454703125 0.5629683546875001 0.0687359109375 0.5629683546875001 0.0687359109375 0.45515593125000003 0.005454703125 0.45515593125000003
0 0 0.5746870953125 0.0291851578125 0.5746870953125 0.0291851578125 0.46921842031249994 0 0.46921842031249994 0 0.5746870953125
2 0.016001571875000002 0.42468720156249995 0.016001571875000002 0.483280909375 0.0871929296875 0.483280909375 0.0871929296875 0.42468720156249995 0.016001571875000002 0.42468720156249995
2 0.43392120624999997 0.45046843281250004 0.43392120624999997 0.5020308953125 0.4642434515625 0.5020308953125 0.4642434515625 0.45046843281250004 0.43392120624999997 0.45046843281250004
2 0.3271341703125 0.45281218125 0.3271341703125 0.558280859375 0.41678254531250003 0.558280859375 0.41678254531250003 0.45281218125 0.3271341703125 0.45281218125
2 0.197935040625 0.45046843281250004 0.197935040625 0.567655853125 0.30340371875 0.567655853125 0.30340371875 0.45046843281250004 0.197935040625 0.45046843281250004