2 0.3720619203125 0.4202062609375 0.3720619203125 0.51917535 0.43817017968750005 0.51917535 0.43817017968750005 0.4202062609375 0.3720619203125 0.4202062609375
2 0.6023970000000001 0.45319595625 0.6023970000000001 0.6298970109375001 0.7254511515625001 0.6298970109375001 0.7254511515625001 0.45319595625 0.6023970000000001 0.45319595625
2 0.66746145 0.42185573749999994 0.66746145 0.7494846609375 0.9666883046875 0.7494846609375 0.9666883046875 0.42185573749999994 0.66746145 0.42185573749999994
2 0.5874356640625 0.450859175 0.5874356640625 0.5745705359375 0.6297681453124999 0.5745705359375 0.6297681453124999 0.450859175 0.5874356640625 0.450859175
2 0.5816366937499999 0.438144403125 0.5816366937499999 0.46494853125 0.6268686609375 0.46494853125 0.6268686609375 0.438144403125 0.5816366937499999 0.438144403125
2 0 0.6824743375 0.1426546625 0.6824743375 0.1426546625 0.20412374375 0 0.20412374375 0 0.6824743375
2 0.8547681812500001 0.476701103125 0.8547681812500001 0.8536083906249999 0.9985826390625 0.8536083906249999 0.9985826390625 0.476701103125 0.8547681812500001 0.476701103125
2 0.40360831406250003 0.387216565625 0.40360831406250003 0.6603093890625 0.5938145312499999 0.6603093890625 0.5938145312499999 0.387216565625 0.40360831406250003 0.387216565625
0 0.1206185765625 0.379793884375 0.1206185765625 0.46639183749999996 0.158891778125 0.46639183749999996 0.158891778125 0.379793884375 0.1206185765625 0.379793884375
0 0.096262903125 0.4127835828125 0.096262903125 0.47463926093750003 0.1403350734375 0.47463926093750003 0.1403350734375 0.4127835828125 0.096262903125 0.4127835828125
4 0.9693558531249999 0.4527835765625 0.9693558531249999 0.55092791875 0.999046584375 0.55092791875 0.999046584375 0.4527835765625 0.9693558531249999 0.4527835765625
2 0.5996135015624999 0.45292103125 0.5996135015624999 0.5993128078125001 0.664561965625 0.5993128078125001 0.664561965625 0.45292103125 0.5996135015624999 0.45292103125
2 0.306874225 0.403644496875 0.306874225 0.42354246562500003 0.341313015625 0.42354246562500003 0.341313015625 0.403644496875 0.306874225 0.403644496875
2 0.3387301078125 0.403644496875 0.3387301078125 0.41742001406250007 0.36197629062500003 0.41742001406250007 0.36197629062500003 0.403644496875 0.3387301078125 0.403644496875