2 0.3932434484375 0.631430653125 0.3932434484375 0.65318420625 0.40619960937500005 0.65318420625 0.40619960937500005 0.631430653125 0.3932434484375 0.631430653125
2 0.405479825 0.64166761875 0.405479825 0.673658140625 0.42059534374999996 0.673658140625 0.42059534374999996 0.64166761875 0.405479825 0.64166761875
2 0.40979854375 0.644226859375 0.40979854375 0.6762173812500001 0.437870225 0.6762173812500001 0.437870225 0.644226859375 0.40979854375 0.644226859375
2 0.4126776890625 0.6557434468750001 0.4126776890625 0.68773396875 0.43283171718749996 0.68773396875 0.43283171718749996 0.6557434468750001 0.4126776890625 0.6557434468750001
2 0.42347449062500003 0.6634211703124999 0.42347449062500003 0.7018097953125 0.44290873125 0.7018097953125 0.44290873125 0.6634211703124999 0.42347449062500003 0.6634211703124999
2 0.427073425 0.6621415515625 0.427073425 0.710767140625 0.46522212031250004 0.710767140625 0.46522212031250004 0.6621415515625 0.427073425 0.6621415515625
2 0.30614925937500004 0.6352695140625 0.30614925937500004 0.6685396546875 0.3241439265625 0.6685396546875 0.3241439265625 0.6352695140625 0.30614925937500004 0.6352695140625
2 0.29751181875 0.644226859375 0.29751181875 0.6736581390625 0.32054499375 0.6736581390625 0.32054499375 0.644226859375 0.29751181875 0.644226859375
2 0.28743480625 0.6506249671875 0.28743480625 0.678776621875 0.3047096859375 0.678776621875 0.3047096859375 0.6506249671875 0.28743480625 0.6506249671875
2 0.2543246171875 0.648065721875 0.2543246171875 0.700530175 0.29031395312499997 0.700530175 0.29031395312499997 0.648065721875 0.2543246171875 0.648065721875
2 0.000239915625 0.6352695140625 0.000239915625 0.7491557656250001 0.0902132515625 0.7491557656250001 0.0902132515625 0.6352695140625 0.000239915625 0.6352695140625
2 0.2334508015625 0.66853965625 0.2334508015625 0.72484296875 0.271599496875 0.72484296875 0.271599496875 0.66853965625 0.2334508015625 0.66853965625
2 0.359413475 0.6826154828125001 0.359413475 0.7376391765625 0.4155568359375 0.7376391765625 0.4155568359375 0.6826154828125001 0.359413475 0.6826154828125001
2 0.59334415 0.53162023125 0.59334415 0.8707197375 0.997864271875 0.8707197375 0.997864271875 0.53162023125 0.59334415 0.53162023125
2 0.3968423828125 0.6429472390625001 0.3968423828125 0.664700790625 0.40763918437499996 0.664700790625 0.40763918437499996 0.6429472390625001 0.3968423828125 0.6429472390625001
2 0.43283171718749996 0.6787766203125 0.43283171718749996 0.733800315625 0.484656359375 0.733800315625 0.484656359375 0.6787766203125 0.43283171718749996 0.6787766203125