2 0.43128448906249994 0.5296871359375 0.43128448906249994 0.5578121171875 0.44051299843749997 0.5578121171875 0.44051299843749997 0.5296871359375 0.43128448906249994 0.5296871359375
2 0.4154641875 0.5249996390625 0.4154641875 0.548437125 0.43128448906249994 0.548437125 0.43128448906249994 0.5249996390625 0.4154641875 0.5249996390625
2 0.3996438859375 0.5273433875 0.3996438859375 0.55312461875 0.4194192640625 0.55312461875 0.4194192640625 0.5273433875 0.3996438859375 0.5273433875
2 0.39041537656249997 0.5296871359375 0.39041537656249997 0.5578121171875 0.4062356796875 0.5578121171875 0.4062356796875 0.5296871359375 0.39041537656249997 0.5296871359375
2 0.37063999999999997 0.5273433875 0.37063999999999997 0.564843359375 0.39568881093749997 0.564843359375 0.39568881093749997 0.5273433875 0.37063999999999997 0.5273433875
2 0.3060404359375 0.5296871359375 0.3060404359375 0.59062459375 0.3561380578125 0.59062459375 0.3561380578125 0.5296871359375 0.3060404359375 0.5296871359375
2 0.24012251093749998 0.53671838125 0.24012251093749998 0.6117183296875 0.3113138671875 0.6117183296875 0.3113138671875 0.53671838125 0.24012251093749998 0.53671838125
2 0.108286665625 0.53671838125 0.108286665625 0.6468745546875 0.2440775859375 0.6468745546875 0.2440775859375 0.53671838125 0.108286665625 0.53671838125
2 0.00018127187500000002 0.5390621296875 0.00018127187500000002 0.726562 0.12147025 0.726562 0.12147025 0.5390621296875 0.00018127187500000002 0.5390621296875
2 0.4998391296875 0.5156246453125 0.4998391296875 0.548437125 0.510385996875 0.548437125 0.510385996875 0.5156246453125 0.4998391296875 0.5156246453125
2 0.524887940625 0.5156246453125 0.524887940625 0.546093375 0.5314797312499999 0.546093375 0.5314797312499999 0.5156246453125 0.524887940625 0.5156246453125
2 0.5327980921875 0.5156246453125 0.5327980921875 0.546093375 0.5407082421875 0.546093375 0.5407082421875 0.5156246453125 0.5327980921875 0.5156246453125
2 0.5420266 0.513280896875 0.5420266 0.55312461875 0.5552101859375 0.55312461875 0.5552101859375 0.513280896875 0.5420266 0.513280896875
2 0.5552101859375 0.5156246453125 0.5552101859375 0.5578121171875 0.588169146875 0.5578121171875 0.588169146875 0.5156246453125 0.5552101859375 0.5156246453125
4 0.5960792984375 0.51093715 0.5960792984375 0.5296871359375 0.6053078078125 0.5296871359375 0.6053078078125 0.51093715 0.5960792984375 0.51093715
4 0.6039894484375 0.5085934 0.6039894484375 0.532030884375 0.6145363171875 0.532030884375 0.6145363171875 0.5085934 0.6039894484375 0.5085934
4 0.6593605046875 0.49687465625 0.6593605046875 0.539062128125 0.67518080625 0.539062128125 0.67518080625 0.49687465625 0.6593605046875 0.49687465625
4 0.737143653125 0.5039059046875 0.737143653125 0.5953120890625 0.751645596875 0.5953120890625 0.751645596875 0.5039059046875 0.737143653125 0.5039059046875
4 0.5103859984375 0.513280896875 0.5103859984375 0.55312461875 0.5196145078125001 0.55312461875 0.5196145078125001 0.513280896875 0.5103859984375 0.513280896875
2 0.4352395640625 0.520312140625 0.4352395640625 0.6328120640625 0.51170435625 0.6328120640625 0.51170435625 0.520312140625 0.4352395640625 0.520312140625
3 0.5749855625 0.5273433875 0.5749855625 0.5507808703125 0.5881691484375 0.5507808703125 0.5881691484375 0.5273433875 0.5749855625 0.5273433875
3 0.5868507890625 0.5273433875 0.5868507890625 0.567187109375 0.5960792984375 0.567187109375 0.5960792984375 0.5273433875 0.5868507890625 0.5273433875
3 0.5987160140625 0.532030884375 0.5987160140625 0.5742183562500001 0.6224464671875001 0.5742183562500001 0.6224464671875001 0.532030884375 0.5987160140625 0.532030884375
3 0.607944525 0.532030884375 0.607944525 0.5812496015625 0.6356300515625 0.5812496015625 0.6356300515625 0.532030884375 0.607944525 0.532030884375
3 0.6211281093750001 0.53671838125 0.6211281093750001 0.5835933484375 0.6488136375 0.5835933484375 0.6488136375 0.53671838125 0.6211281093750001 0.53671838125
3 0.63431169375 0.5226558906250001 0.63431169375 0.5882808453124999 0.6659522984375 0.5882808453124999 0.6659522984375 0.5226558906250001 0.63431169375 0.5226558906250001
3 0.6501319953125 0.5296871359375 0.6501319953125 0.60937458125 0.7094581265625 0.60937458125 0.7094581265625 0.5296871359375 0.6501319953125 0.5296871359375
0 0.7950227421875 0.483157896875 0.7950227421875 0.5240131609375 0.8140071171875001 0.5240131609375 0.8140071171875001 0.483157896875 0.7950227421875 0.483157896875
0 0.8689618875 0.48671052968749995 0.8689618875 0.5382236875 0.8939413296875 0.5382236875 0.8939413296875 0.48671052968749995 0.8689618875 0.48671052968749995