2 0.4884526734375 0.47184300312499994 0.4884526734375 0.4942750203125 0.49992359375 0.4942750203125 0.49992359375 0.47184300312499994 0.4884526734375 0.47184300312499994
2 0.46457229062499994 0.4680135671875 0.46457229062499994 0.49860268750000003 0.48407285624999996 0.49860268750000003 0.48407285624999996 0.4680135671875 0.46457229062499994 0.4680135671875
2 0.4462188171875 0.4761706671875 0.4462188171875 0.48636704062499997 0.46227810468749997 0.48636704062499997 0.46227810468749997 0.4761706671875 0.4462188171875 0.4761706671875
2 0.40607059375 0.4741313921875 0.40607059375 0.4904455921875 0.41524733124999996 0.4904455921875 0.41524733124999996 0.4741313921875 0.40607059375 0.4741313921875
2 0.41524733124999996 0.4741313921875 0.41524733124999996 0.4924848671875 0.4255711609375 0.4924848671875 0.4255711609375 0.4741313921875 0.41524733124999996 0.4741313921875
2 0.3854229375 0.4720921171875 0.3854229375 0.5026812390625001 0.4037764109375 0.5026812390625001 0.4037764109375 0.4720921171875 0.3854229375 0.4720921171875
2 0.5219268953125 0.46597429218749997 0.5219268953125 0.5271525359375 0.5643693015625 0.5271525359375 0.5643693015625 0.46597429218749997 0.5219268953125 0.46597429218749997
2 0.3280683328125 0.4731117546875 0.3280683328125 0.5087990625 0.3633987734375 0.5087990625 0.3633987734375 0.4731117546875 0.3280683328125 0.4731117546875
2 0.2948026640625 0.4741313921875 0.2948026640625 0.508799065625 0.326921240625 0.508799065625 0.326921240625 0.4741313921875 0.2948026640625 0.4741313921875
2 0.0883260890625 0.46189574375 0.0883260890625 0.56385948125 0.20303529999999997 0.56385948125 0.20303529999999997 0.46189574375 0.0883260890625 0.46189574375
2 0 0.5118579750000001 0.022941840625 0.5118579750000001 0.022941840625 0.4761706671875 0 0.4761706671875 0 0.5118579750000001
2 0.8359290156249999 0.45271900625 0.8359290156249999 0.643142078125 0.9989086484374999 0.643142078125 0.9989086484374999 0.45271900625 0.8359290156249999 0.45271900625
2 0.3737434671875 0.46776444375 0.3737434671875 0.496314290625 0.3852143859375 0.496314290625 0.3852143859375 0.46776444375 0.3737434671875 0.46776444375
2 0.040148221875 0.48738667812500003 0.040148221875 0.5037008765625 0.08029644531249999 0.5037008765625 0.08029644531249999 0.48738667812500003 0.040148221875 0.48738667812500003
2 0.50082040625 0.4751510296875 0.50082040625 0.48738667812500003 0.512291328125 0.48738667812500003 0.512291328125 0.4751510296875 0.50082040625 0.4751510296875