2 0.402595640625 0.3275354359375 0.402595640625 0.44711186718749996 0.4825298828125 0.44711186718749996 0.4825298828125 0.3275354359375 0.402595640625 0.3275354359375
2 0.5049504640625 0.33620039375 0.5049504640625 0.3639282625 0.5283458515625 0.3639282625 0.5283458515625 0.33620039375 0.5049504640625 0.33620039375
2 0.054589239062499996 0.296341584375 0.054589239062499996 0.3483313375 0.15596925625 0.3483313375 0.15596925625 0.296341584375 0.054589239062499996 0.296341584375
2 0 0.3362003953125 0.053614431250000004 0.3362003953125 0.053614431250000004 0.28767662656250004 0 0.28767662656250004 0 0.3362003953125
2 0.26709735 0.329268428125 0.26709735 0.3569962953125 0.303165240625 0.3569962953125 0.303165240625 0.329268428125 0.26709735 0.329268428125
6 0.23492869062500002 0.31887047812499997 0.23492869062500002 0.34833133906249997 0.2719713890625 0.34833133906249997 0.2719713890625 0.31887047812499997 0.23492869062500002 0.31887047812499997
6 0.196911184375 0.31540449375 0.196911184375 0.35006433124999997 0.2300546515625 0.35006433124999997 0.2300546515625 0.31540449375 0.196911184375 0.31540449375
2 0.17386094531250001 0.3077000859375 0.17386094531250001 0.339666378125 0.199835609375 0.339666378125 0.199835609375 0.3077000859375 0.17386094531250001 0.3077000859375
1 0.31876216562500004 0.31367150312500003 0.31876216562500004 0.362195271875 0.3714017890625 0.362195271875 0.3714017890625 0.31367150312500003 0.31876216562500004 0.31367150312500003
6 0.296341584375 0.301540559375 0.296341584375 0.35006433124999997 0.33923313125 0.35006433124999997 0.33923313125 0.301540559375 0.296341584375 0.301540559375
2 0.380175059375 0.3448653546875 0.380175059375 0.3587292875 0.3957719859375 0.3587292875 0.3957719859375 0.3448653546875 0.380175059375 0.3448653546875