5 0.8707080859375 0.3534392890625 0.8707080859375 0.5433262796875 0.9229443328125001 0.5433262796875 0.9229443328125001 0.3534392890625 0.8707080859375 0.3534392890625
0 0.8683691484375 0.44491769375 0.8683691484375 0.551642496875 0.91982575 0.551642496875 0.91982575 0.44491769375 0.8683691484375 0.44491769375
0 0.7787099171875 0.39640641875 0.7787099171875 0.47818256718749996 0.8059975093749999 0.47818256718749996 0.8059975093749999 0.39640641875 0.7787099171875 0.39640641875
5 0.783387778125 0.37977398125 0.783387778125 0.447689765625 0.8052178515625 0.447689765625 0.8052178515625 0.37977398125 0.783387778125 0.37977398125
4 0.4063902125 0.34027194375 0.4063902125 0.354132309375 0.41184772968749994 0.354132309375 0.41184772968749994 0.34027194375 0.4063902125 0.34027194375
4 0.02046569375 0.33749986875000004 0.02046569375 0.471945403125 0.0532108046875 0.471945403125 0.0532108046875 0.33749986875000004 0.02046569375 0.33749986875000004
4 0.31283275312500003 0.3652205984375 0.31283275312500003 0.40125754531249996 0.3214088515625 0.40125754531249996 0.3214088515625 0.3652205984375 0.31283275312500003 0.3652205984375
2 0.5209980984375 0.374922853125 0.5209980984375 0.41788998125 0.5560821453125 0.41788998125 0.5560821453125 0.374922853125 0.5209980984375 0.374922853125
2 0.4687618515625 0.374922853125 0.4687618515625 0.3998715078125 0.4796768875 0.3998715078125 0.4796768875 0.374922853125 0.4687618515625 0.374922853125
2 0.44459284062500004 0.3776949265625 0.44459284062500004 0.398485471875 0.4539485859375 0.398485471875 0.4539485859375 0.3776949265625 0.44459284062500004 0.3776949265625
2 0.43991496718749995 0.374922853125 0.43991496718749995 0.392941328125 0.4453724859375 0.392941328125 0.4453724859375 0.374922853125 0.43991496718749995 0.374922853125
2 0.43211851250000005 0.3735368171875 0.43211851250000005 0.388783215625 0.4414742578125 0.388783215625 0.4414742578125 0.3735368171875 0.43211851250000005 0.3735368171875
2 0.39001765625 0.3735368171875 0.39001765625 0.40264358125 0.411068084375 0.40264358125 0.411068084375 0.3735368171875 0.39001765625 0.3735368171875
2 0.41184772968749994 0.3735368171875 0.41184772968749994 0.3929413265625 0.42198312343750005 0.3929413265625 0.42198312343750005 0.3735368171875 0.41184772968749994 0.3735368171875
2 0.4539485859375 0.374922853125 0.4539485859375 0.40125754531249996 0.4687618515625 0.40125754531249996 0.4687618515625 0.374922853125 0.4539485859375 0.374922853125
2 0.472660078125 0.37215078125 0.472660078125 0.44838278281250005 0.524896328125 0.44838278281250005 0.524896328125 0.37215078125 0.472660078125 0.37215078125
4 0.3674079359375 0.376308890625 0.3674079359375 0.41927601875000003 0.3767636828125 0.41927601875000003 0.3767636828125 0.376308890625 0.3674079359375 0.376308890625
4 0.3564929 0.374922853125 0.3564929 0.41927601875000003 0.365069 0.41927601875000003 0.365069 0.374922853125 0.3564929 0.374922853125
4 0.35103538125 0.3776949265625 0.35103538125 0.4123458359375 0.3564929 0.4123458359375 0.3564929 0.3776949265625 0.35103538125 0.3776949265625
4 0.1255229234375 0.325718559375 0.1255229234375 0.48372671250000004 0.15047158124999999 0.48372671250000004 0.15047158124999999 0.325718559375 0.1255229234375 0.325718559375
4 0.094337103125 0.32017441406249997 0.094337103125 0.46293616562500006 0.1208450515625 0.46293616562500006 0.1208450515625 0.32017441406249997 0.094337103125 0.32017441406249997
5 0.1754202359375 0.34512306875 0.1754202359375 0.407494709375 0.2066060546875 0.407494709375 0.2066060546875 0.34512306875 0.1754202359375 0.34512306875
0 0.177759171875 0.3770019078125 0.177759171875 0.4171969640625 0.2050467625 0.4171969640625 0.2050467625 0.3770019078125 0.177759171875 0.3770019078125
4 0.8646268484374999 0.37977398125 0.8646268484374999 0.44075958281250005 0.8786604640625001 0.44075958281250005 0.8786604640625001 0.37977398125 0.8646268484374999 0.37977398125