2 0.1890464234375 0.602749228125 0.1890464234375 0.6233677890625 0.2041237453125 0.6233677890625 0.2041237453125 0.602749228125 0.1890464234375 0.602749228125
2 0.1762886890625 0.6006873734375 0.1762886890625 0.625429646875 0.1913660109375 0.625429646875 0.1913660109375 0.6006873734375 0.1762886890625 0.6006873734375
2 0.16005157187500002 0.6089347968750001 0.16005157187500002 0.6316152140625 0.17628868749999999 0.6316152140625 0.17628868749999999 0.6089347968750001 0.16005157187500002 0.6089347968750001
2 0.14381445625 0.6068729421875 0.14381445625 0.6316152140625 0.1600515734375 0.6316152140625 0.1600515734375 0.6068729421875 0.14381445625 0.6068729421875
2 0.4604382203125 0.604811084375 0.4604382203125 0.6274915015625 0.47783512968749997 0.6274915015625 0.47783512968749997 0.604811084375 0.4604382203125 0.604811084375
2 0.4476804859375 0.6109966531250001 0.4476804859375 0.6274915015625 0.4615980140625 0.6274915015625 0.4615980140625 0.6109966531250001 0.4476804859375 0.6109966531250001
2 0.437242340625 0.604811084375 0.437242340625 0.6274915015625 0.45463924999999994 0.6274915015625 0.45463924999999994 0.604811084375 0.437242340625 0.604811084375
2 0.4291237828125 0.604811084375 0.4291237828125 0.6295533578125 0.439561928125 0.6295533578125 0.439561928125 0.604811084375 0.4291237828125 0.604811084375
2 0.3943299609375 0.6068729421875 0.3943299609375 0.670790478125 0.4337629578125 0.670790478125 0.4337629578125 0.6068729421875 0.3943299609375 0.6068729421875
2 0.4233248109375 0.621305934375 0.4233248109375 0.69347089375 0.4859536875 0.69347089375 0.4859536875 0.621305934375 0.4233248109375 0.621305934375
2 0.4766753375 0.64398635 0.4766753375 0.75738843125 0.576417621875 0.75738843125 0.576417621875 0.64398635 0.4766753375 0.64398635
2 0.53874739375 0.6635954703125 0.53874739375 0.8532862234374999 0.7115567 0.8532862234374999 0.7115567 0.6635954703125 0.53874739375 0.6635954703125
2 0.319546325 0.60792535625 0.319546325 0.634729484375 0.3415824125 0.634729484375 0.3415824125 0.60792535625 0.319546325 0.60792535625
2 0.352020559375 0.61204906875 0.352020559375 0.6491624765624999 0.381015409375 0.6491624765624999 0.381015409375 0.61204906875 0.352020559375 0.61204906875
2 0.11426278906250001 0.6099872140625 0.11426278906250001 0.6450387671875 0.14441743125 0.6450387671875 0.14441743125 0.6099872140625 0.11426278906250001 0.6099872140625
2 0.2151648640625 0.6099872140625 0.2151648640625 0.7522552796875 0.3207061171875 0.7522552796875 0.3207061171875 0.6099872140625 0.2151648640625 0.6099872140625
2 0.0006029750000000001 0.61204906875 0.0006029750000000001 0.6821521765624999 0.0272782359375 0.6821521765624999 0.0272782359375 0.61204906875 0.0006029750000000001 0.61204906875
2 0.664005146875 0.6553480453125 0.664005146875 0.99761614375 0.9980258203125001 0.99761614375 0.9980258203125001 0.6553480453125 0.664005146875 0.6553480453125
2 0.20665926406250001 0.6048141125 0.20665926406250001 0.6221440296875 0.2144577265625 0.6221440296875 0.2144577265625 0.6048141125 0.20665926406250001 0.6048141125