2 0.07063948437499999 0.45448474218749996 0.07063948437499999 0.4746674515625 0.0807308390625 0.4746674515625 0.0807308390625 0.45448474218749996 0.07063948437499999 0.45448474218749996
2 0.081992259375 0.45448474218749996 0.081992259375 0.4746674515625 0.0920836140625 0.4746674515625 0.0920836140625 0.45448474218749996 0.081992259375 0.45448474218749996
2 0.08956077500000001 0.4432721234375 0.08956077500000001 0.47242492656249996 0.10595922656250001 0.47242492656249996 0.10595922656250001 0.4432721234375 0.08956077500000001 0.4432721234375
2 0.1021749703125 0.44551464531249996 0.1021749703125 0.47242492656249996 0.1248805171875 0.47242492656249996 0.1248805171875 0.44551464531249996 0.1021749703125 0.44551464531249996
2 0 0.48139501874999996 0.0365811609375 0.48139501874999996 0.0365811609375 0.44551464531249996 0 0.44551464531249996 0 0.48139501874999996
2 0.034058323437499996 0.45388674531250006 0.034058323437499996 0.478554503125 0.0479339359375 0.478554503125 0.0479339359375 0.45388674531250006 0.034058323437499996 0.45388674531250006
2 0.293910715625 0.46195980625 0.293910715625 0.4866275625 0.3620273609375 0.4866275625 0.3620273609375 0.46195980625 0.293910715625 0.46195980625
2 0.459156653125 0.48214251875 0.459156653125 0.5023252296875 0.49321497656249996 0.5023252296875 0.49321497656249996 0.48214251875 0.459156653125 0.48214251875
2 0.5121362656249999 0.4866275625 0.5121362656249999 0.5225079359375 0.5819348203125 0.5225079359375 0.5819348203125 0.4866275625 0.5121362656249999 0.4866275625
2 0.4995220734375 0.48887008906249996 0.4995220734375 0.5202654140625 0.5197047828125 0.5202654140625 0.5197047828125 0.48887008906249996 0.4995220734375 0.48887008906249996
2 0.5932875937500001 0.484385040625 0.5932875937500001 0.5247504609375 0.623561659375 0.5247504609375 0.623561659375 0.484385040625 0.5932875937500001 0.484385040625
2 0.637016784375 0.49784018124999996 0.637016784375 0.5292355093750001 0.673597946875 0.5292355093750001 0.673597946875 0.49784018124999996 0.637016784375 0.49784018124999996
2 0.67359795 0.5023252296875 0.67359795 0.5247504609375 0.6988263359375 0.5247504609375 0.6988263359375 0.5023252296875 0.67359795 0.5023252296875
2 0.6950420765625 0.49784018124999996 0.6950420765625 0.5269929859375 0.7152247859374999 0.5269929859375 0.7152247859374999 0.49784018124999996 0.6950420765625 0.49784018124999996
2 0.7127019484375 0.5068102718749999 0.7127019484375 0.5269929828125 0.7278389828125 0.5269929828125 0.7278389828125 0.5068102718749999 0.7127019484375 0.5068102718749999
1 0.7152247859374999 0.48214251875 0.7152247859374999 0.52699298125 0.7454988499999999 0.52699298125 0.7454988499999999 0.48214251875 0.7152247859374999 0.48214251875
2 0.7218472390625 0.49727955156250003 0.7218472390625 0.5555851578125 0.7559055625 0.5555851578125 0.7559055625 0.49727955156250003 0.7218472390625 0.49727955156250003
2 0.7432913671875 0.4927945046875 0.7432913671875 0.569040296875 0.7836567875 0.569040296875 0.7836567875 0.4927945046875 0.7432913671875 0.4927945046875
2 0.74833704375 0.501764596875 0.74833704375 0.600435621875 0.7861796265625001 0.600435621875 0.7861796265625001 0.501764596875 0.74833704375 0.501764596875
2 0.773250078125 0.365531303125 0.773250078125 0.7176074671875 0.8943463390625 0.7176074671875 0.8943463390625 0.365531303125 0.773250078125 0.365531303125
2 0.00112125625 0.463585321875 0.00112125625 0.8429785203125 0.258450809375 0.8429785203125 0.258450809375 0.463585321875 0.00112125625 0.463585321875
4 0.9316155484375 0.42713061874999997 0.9316155484375 0.51010398125 0.950536840625 0.51010398125 0.950536840625 0.42713061874999997 0.9316155484375 0.42713061874999997
4 0.9543210984374999 0.451798375 0.9543210984374999 0.66259556875 0.9984707765625 0.66259556875 0.9984707765625 0.451798375 0.9543210984374999 0.451798375