2 0.49218754843749996 0.519166721875 0.49218754843749996 0.5341667218749999 0.504140675 0.5341667218749999 0.504140675 0.519166721875 0.49218754843749996 0.519166721875
2 0.502734425 0.5229167218749999 0.502734425 0.546250053125 0.5167969265625 0.546250053125 0.5167969265625 0.5229167218749999 0.502734425 0.5229167218749999
2 0.3670312875 0.530416721875 0.3670312875 0.5710470062499999 0.393720971875 0.5710470062499999 0.393720971875 0.530416721875 0.3670312875 0.530416721875
2 0.32062503124999997 0.5279167218749999 0.32062503124999997 0.592916728125 0.3677344109375 0.592916728125 0.3677344109375 0.5279167218749999 0.32062503124999997 0.5279167218749999
2 0.5175000515625 0.5366667234375 0.5175000515625 0.5566667265625 0.5350781796875 0.5566667265625 0.5350781796875 0.5366667234375 0.5175000515625 0.5366667234375
2 0.44835943437500003 0.5312500531250001 0.44835943437500003 0.55500005625 0.4659375609375 0.55500005625 0.4659375609375 0.5312500531250001 0.44835943437500003 0.5312500531250001
2 0.54398444375 0.533750053125 0.54398444375 0.593750059375 0.636093828125 0.593750059375 0.636093828125 0.533750053125 0.54398444375 0.533750053125
2 0.23742191406250002 0.521250053125 0.23742191406250002 0.6125000609375 0.3253125453125 0.6125000609375 0.3253125453125 0.521250053125 0.23742191406250002 0.521250053125
2 0.7210684921875 0.5194092312499999 0.7210684921875 0.5794092375 0.8188028781250001 0.5794092375 0.8188028781250001 0.5194092312499999 0.7210684921875 0.5194092312499999
2 0.6683341125 0.5194092312499999 0.6683341125 0.5594092359375 0.7168497421875 0.5594092359375 0.7168497421875 0.5194092312499999 0.6683341125 0.5194092312499999
2 0.9604688453125 0.488750046875 0.9604688453125 0.6137500593749999 0.9984376015624999 0.6137500593749999 0.9984376015624999 0.488750046875 0.9604688453125 0.488750046875
2 0.41993000468749997 0.5335931234375 0.41993000468749997 0.556474475 0.44395542343749994 0.556474475 0.44395542343749994 0.5335931234375 0.41993000468749997 0.5335931234375