2 0.0007796468749999999 0.40195056406249996 0.0007796468749999999 0.5003591484375 0.0951167515625 0.5003591484375 0.0951167515625 0.40195056406249996 0.0007796468749999999 0.40195056406249996
2 0.690765903125 0.5363960953125 0.690765903125 0.9979462281249999 0.9995055171875 0.9979462281249999 0.9995055171875 0.5363960953125 0.690765903125 0.5363960953125
2 0.7180534953125 0.4878848234375 0.7180534953125 0.643120903125 0.8926940859375 0.643120903125 0.8926940859375 0.4878848234375 0.7180534953125 0.4878848234375
2 0.5972084453125001 0.4948150046875 0.5972084453125001 0.583521334375 0.659580084375 0.583521334375 0.659580084375 0.4948150046875 0.5972084453125001 0.4948150046875
6 0.5496500703125 0.46155012968750003 0.5496500703125 0.593223590625 0.6073438359375001 0.593223590625 0.6073438359375001 0.46155012968750003 0.5496500703125 0.46155012968750003
2 0.3492811796875 0.4296712921875 0.3492811796875 0.593223590625 0.415551046875 0.593223590625 0.415551046875 0.4296712921875 0.3492811796875 0.4296712921875
2 0.30795996875 0.44491769375 0.30795996875 0.47125238593749996 0.31965465000000004 0.47125238593749996 0.31965465000000004 0.44491769375 0.30795996875 0.44491769375
2 0.371111253125 0.422741109375 0.371111253125 0.7470736328124999 0.5784969531249999 0.7470736328124999 0.5784969531249999 0.422741109375 0.371111253125 0.422741109375
2 0.1878945640625 0.43660147499999996 0.1878945640625 0.48511275 0.23467329375 0.48511275 0.23467329375 0.43660147499999996 0.1878945640625 0.43660147499999996
2 0.2775537921875 0.43521543906250004 0.2775537921875 0.47818256718749996 0.30795996875 0.47818256718749996 0.30795996875 0.43521543906250004 0.2775537921875 0.43521543906250004
2 0.33602720625 0.43382940000000003 0.33602720625 0.4573920203125 0.3500608234375 0.4573920203125 0.3500608234375 0.43382940000000003 0.33602720625 0.43382940000000003
2 0.34850153437500003 0.43382940000000003 0.34850153437500003 0.4518478734375 0.35941657031249996 0.4518478734375 0.35941657031249996 0.43382940000000003 0.34850153437500003 0.43382940000000003
2 0.35910471718750003 0.43660147499999996 0.35910471718750003 0.45046184062499994 0.3637825890625 0.45046184062499994 0.3637825890625 0.43660147499999996 0.35910471718750003 0.43660147499999996
2 0.3637825890625 0.43382940000000003 0.3637825890625 0.446303728125 0.3684604640625 0.446303728125 0.3684604640625 0.43382940000000003 0.3637825890625 0.43382940000000003
6 0.361443653125 0.41996903750000003 0.361443653125 0.4324433640625 0.37469762812499996 0.4324433640625 0.37469762812499996 0.41996903750000003 0.361443653125 0.41996903750000003