5 0.5761114375 0.42458297187499994 0.5761114375 0.5788192359375001 0.6131541359375 0.5788192359375001 0.6131541359375 0.42458297187499994 0.5761114375 0.42458297187499994
0 0.57708624375 0.4817717 0.57708624375 0.5996151375000001 0.6131541359375 0.5996151375000001 0.6131541359375 0.4817717 0.57708624375 0.4817717
4 0.5371191234375 0.43151494062499995 0.5371191234375 0.5736202609375 0.56928778125 0.5736202609375 0.56928778125 0.43151494062499995 0.5371191234375 0.43151494062499995
1 0.3480064015625 0.37779219531249997 0.3480064015625 0.516431534375 0.45913449531249995 0.516431534375 0.45913449531249995 0.37779219531249997 0.3480064015625 0.37779219531249997
1 0.49130315468749997 0.41245203124999996 0.49130315468749997 0.47310674218750004 0.5273710453125 0.47310674218750004 0.5273710453125 0.41245203124999996 0.49130315468749997 0.41245203124999996
1 0 0.47483973281249997 0.0370426984375 0.47483973281249997 0.0370426984375 0.41245203124999996 0 0.41245203124999996 0 0.47483973281249997
2 0.0448411609375 0.46097579843750003 0.0448411609375 0.4939026421875 0.077984628125 0.4939026421875 0.077984628125 0.46097579843750003 0.0448411609375 0.46097579843750003
2 0.0809090515625 0.4661747734375 0.0809090515625 0.4904366578125 0.1267250203125 0.4904366578125 0.1267250203125 0.4661747734375 0.0809090515625 0.4661747734375
2 0.1121029015625 0.45750981562500004 0.1121029015625 0.48697067499999996 0.1530448328125 0.48697067499999996 0.1530448328125 0.45750981562500004 0.1121029015625 0.45750981562500004
2 0.16376771875 0.4557768234375 0.16376771875 0.4852376828125 0.200810415625 0.4852376828125 0.200810415625 0.4557768234375 0.16376771875 0.4557768234375
2 0.193011953125 0.45231084062500004 0.193011953125 0.4800387078125 0.2300546515625 0.4800387078125 0.2300546515625 0.45231084062500004 0.193011953125 0.45231084062500004
2 0.216407340625 0.44537887343750004 0.216407340625 0.46964075781250003 0.2437019625 0.46964075781250003 0.2437019625 0.44537887343750004 0.216407340625 0.44537887343750004
2 0.26027369375 0.44017989843749994 0.26027369375 0.47310674218750004 0.29439197031250003 0.47310674218750004 0.29439197031250003 0.44017989843749994 0.26027369375 0.44017989843749994
2 0.2856186984375 0.43844690625 0.2856186984375 0.46790776718749993 0.30219043125 0.46790776718749993 0.30219043125 0.43844690625 0.2856186984375 0.43844690625
2 0.3041400484375 0.43844690625 0.3041400484375 0.46964075781250003 0.3324094765625 0.46964075781250003 0.3324094765625 0.43844690625 0.3041400484375 0.43844690625
2 0.33630870625 0.43151494062499995 0.33630870625 0.466174771875 0.34898120781249997 0.466174771875 0.34898120781249997 0.43151494062499995 0.33630870625 0.43151494062499995