4 0.1397212171875 0.4193763234375 0.1397212171875 0.49465990312499997 0.1583826140625 0.49465990312499997 0.1583826140625 0.4193763234375 0.1397212171875 0.4193763234375
4 0.21580229218750002 0.4142723515625 0.21580229218750002 0.49848787968749997 0.2344636859375 0.49848787968749997 0.2344636859375 0.4142723515625 0.21580229218750002 0.4142723515625
4 0.175608515625 0.4155483453125 0.175608515625 0.45000015312499997 0.187092453125 0.45000015312499997 0.187092453125 0.4155483453125 0.175608515625 0.4155483453125
4 0.1999640375 0.4185256609375 0.1999640375 0.52188108125 0.2265206390625 0.52188108125 0.2265206390625 0.4185256609375 0.1999640375 0.4185256609375
4 0.271738634375 0.40576573125 0.271738634375 0.5206050906249999 0.29040003125 0.5206050906249999 0.29040003125 0.40576573125 0.271738634375 0.40576573125
4 0.2817870796875 0.42618161875 0.2817870796875 0.491257253125 0.2961419984375 0.491257253125 0.2961419984375 0.42618161875 0.2817870796875 0.42618161875
4 0.293271015625 0.4312855875 0.293271015625 0.49508523125000004 0.3076259359375 0.49508523125000004 0.3076259359375 0.4312855875 0.293271015625 0.4312855875
4 0.3252824859375 0.42771280625 0.3252824859375 0.49278844062499993 0.3374841671875 0.49278844062499993 0.3374841671875 0.42771280625 0.3252824859375 0.42771280625
4 0.3475326109375 0.42516081874999995 0.3475326109375 0.4902364546875 0.359016546875 0.4902364546875 0.359016546875 0.42516081874999995 0.3475326109375 0.42516081874999995
4 0.0567019328125 0.376673090625 0.0567019328125 0.6203877296875 0.12488780156249998 0.6203877296875 0.12488780156249998 0.376673090625 0.0567019328125 0.376673090625
4 0.23972716093750002 0.41878085625 0.23972716093750002 0.4876844703125 0.2555175703125 0.4876844703125 0.2555175703125 0.41878085625 0.23972716093750002 0.41878085625
4 0.255517571875 0.406020925 0.255517571875 0.52979223125 0.2770499515625 0.52979223125 0.2770499515625 0.406020925 0.255517571875 0.406020925
4 0.3168130859375 0.42133284375 0.3168130859375 0.49278844218750006 0.3297325125 0.49278844218750006 0.3297325125 0.42133284375 0.3168130859375 0.42133284375
4 0.43667666718750003 0.41878085625 0.43667666718750003 0.49151245 0.4596445375 0.49151245 0.4596445375 0.41878085625 0.43667666718750003 0.41878085625
4 0.4862011375 0.43664475625000004 0.4862011375 0.4825804984375 0.497685075 0.4825804984375 0.497685075 0.43664475625000004 0.4862011375 0.43664475625000004
4 0.5485014921875 0.4506806765625 0.5485014921875 0.4787525203125 0.55711444375 0.4787525203125 0.55711444375 0.4506806765625 0.5485014921875 0.4506806765625
2 0.4352411734375 0.446342309375 0.4352411734375 0.476966134375 0.45246707812500003 0.476966134375 0.45246707812500003 0.446342309375 0.4352411734375 0.446342309375
2 0.45749129843749997 0.4476183015625 0.45749129843749997 0.4731381609375 0.47543495 0.4731381609375 0.47543495 0.4476183015625 0.45749129843749997 0.4476183015625
2 0.4883543765625 0.4476183015625 0.4883543765625 0.47849732500000003 0.51318838125 0.47849732500000003 0.51318838125 0.4476183015625 0.4883543765625 0.4476183015625
2 0.535869159375 0.4527222734375 0.535869159375 0.48207010937500006 0.5645789984375 0.48207010937500006 0.5645789984375 0.4527222734375 0.535869159375 0.4527222734375
2 0.47916722656250005 0.45144628124999997 0.47916722656250005 0.47313815937500003 0.4892156703125 0.47313815937500003 0.4892156703125 0.45144628124999997 0.47916722656250005 0.45144628124999997
2 0.47198976562499995 0.4539982671875 0.47198976562499995 0.47441415156250005 0.4884979234375 0.47441415156250005 0.4884979234375 0.4539982671875 0.47198976562499995 0.4539982671875
2 0.3902145671875 0.44106820156250004 0.3902145671875 0.48147465624999997 0.41318245468750003 0.48147465624999997 0.41318245468750003 0.44106820156250004 0.3902145671875 0.44106820156250004
2 0.40600499531249995 0.44447086406249997 0.40600499531249995 0.4738187 0.41748893125000003 0.4738187 0.41748893125000003 0.44447086406249997 0.40600499531249995 0.44447086406249997
2 0.384472615625 0.44064288281249997 0.384472615625 0.48402664062499995 0.402416265625 0.48402664062499995 0.402416265625 0.44064288281249997 0.384472615625 0.44064288281249997
2 0.37083544218750003 0.43553891250000004 0.37083544218750003 0.48402664062499995 0.39093232968749997 0.48402664062499995 0.39093232968749997 0.43553891250000004 0.37083544218750003 0.43553891250000004
2 0.35935150625 0.4329869265625 0.35935150625 0.48402664062499995 0.3859081078125 0.48402664062499995 0.3859081078125 0.4329869265625 0.35935150625 0.4329869265625
2 0.3349481421875 0.43426291875 0.3349481421875 0.49168259843750006 0.37729515468749997 0.49168259843750006 0.37729515468749997 0.43426291875 0.3349481421875 0.43426291875
2 0.412464709375 0.45085082656250003 0.412464709375 0.48402664062499995 0.4383035640625 0.48402664062499995 0.4383035640625 0.45085082656250003 0.412464709375 0.45085082656250003
2 0 0.6067695 0.1152122484375 0.6067695 0.1152122484375 0.36177886875 0 0.36177886875 0 0.6067695
2 0.8092187140625 0.41338975156249996 0.8092187140625 0.64220326875 0.9982561609375 0.64220326875 0.9982561609375 0.41338975156249996 0.8092187140625 0.41338975156249996
2 0.80024191875 0.42388482656250004 0.80024191875 0.49278844218750006 0.8404356921874999 0.49278844218750006 0.8404356921874999 0.42388482656250004 0.80024191875 0.42388482656250004
2 0.5912342890625 0.3447732734375 0.5912342890625 0.6446315968749999 0.8166065265625001 0.6446315968749999 0.8166065265625001 0.3447732734375 0.5912342890625 0.3447732734375
6 0.5088819046874999 0.4453215109375 0.5088819046874999 0.4759453390625 0.52251908125 0.4759453390625 0.52251908125 0.4453215109375 0.5088819046874999 0.4453215109375