2 0.5633842375 0.5200404562500001 0.5633842375 0.5282024875 0.575321209375 0.5282024875 0.575321209375 0.5200404562500001 0.5633842375 0.5200404562500001
2 0.58445249375 0.5084945859375 0.58445249375 0.5297158671875 0.5991441515625 0.5297158671875 0.5991441515625 0.5084945859375 0.58445249375 0.5084945859375
2 0.59088009375 0.5133918046875 0.59088009375 0.5329806828125 0.605571753125 0.5329806828125 0.605571753125 0.5133918046875 0.59088009375 0.5133918046875
2 0.5982259234375 0.5117593968749999 0.5982259234375 0.53298068125 0.611081125 0.53298068125 0.611081125 0.5117593968749999 0.5982259234375 0.5117593968749999
2 0.611999353125 0.5068621796875 0.611999353125 0.5378779015624999 0.6340368390625 0.5378779015624999 0.6340368390625 0.5068621796875 0.611999353125 0.5068621796875
2 0.5422139796875001 0.5035973671875 0.5422139796875001 0.52318624375 0.5569056375 0.52318624375 0.5569056375 0.5035973671875 0.5422139796875001 0.5035973671875
2 0.52660409375 0.50033255625 0.52660409375 0.5313482765625 0.545886896875 0.5313482765625 0.545886896875 0.50033255625 0.52660409375 0.50033255625
2 0.50915775 0.5035973671875 0.50915775 0.53298068125 0.530277009375 0.53298068125 0.530277009375 0.5035973671875 0.50915775 0.5035973671875
2 0.4935478640625 0.501964959375 0.4935478640625 0.5329806828125 0.512830665625 0.5329806828125 0.512830665625 0.501964959375 0.4935478640625 0.501964959375
2 0.4742650640625 0.5035973671875 0.4742650640625 0.5378778984375 0.497220778125 0.5378778984375 0.497220778125 0.5035973671875 0.4742650640625 0.5035973671875
2 0.45130935 0.5068621796875 0.45130935 0.544407528125 0.482529121875 0.544407528125 0.482529121875 0.5068621796875 0.45130935 0.5068621796875
2 0.41825312031250006 0.4987001484375 0.41825312031250006 0.5542019640625 0.45773695 0.5542019640625 0.45773695 0.4987001484375 0.41825312031250006 0.4987001484375
2 0.3842786625 0.4905381140625 0.3842786625 0.5623639953125 0.4210078046875 0.5623639953125 0.4210078046875 0.4905381140625 0.3842786625 0.4905381140625
2 0.34112191875 0.479111271875 0.34112191875 0.567261215625 0.39529740625 0.567261215625 0.39529740625 0.479111271875 0.34112191875 0.479111271875
2 0.6733119859375 0.473124234375 0.6733119859375 0.6020843359375 0.777071815625 0.6020843359375 0.777071815625 0.473124234375 0.6733119859375 0.473124234375
2 0.23552563124999998 0.48155988125000004 0.23552563124999998 0.6023579531250001 0.353058890625 0.6023579531250001 0.353058890625 0.48155988125000004 0.23552563124999998 0.48155988125000004
2 0.7543247828124999 0.450544159375 0.7543247828124999 0.682345865625 0.948071015625 0.682345865625 0.948071015625 0.450544159375 0.7543247828124999 0.450544159375
2 0.628068353125 0.49951635000000005 0.628068353125 0.5484885421875 0.6666339531250001 0.5484885421875 0.6666339531250001 0.49951635000000005 0.628068353125 0.49951635000000005
2 0.000306071875 0.49135431875 0.000306071875 0.6692866140625 0.0967200734375 0.6692866140625 0.0967200734375 0.49135431875 0.000306071875 0.49135431875