4 0.26709735156250003 0.46444178125 0.26709735156250003 0.5320284578125001 0.28659350781250004 0.5320284578125001 0.28659350781250004 0.46444178125 0.26709735156250003 0.46444178125
2 0.1686417578125 0.46097580000000005 0.1686417578125 0.5718872687500001 0.27392100468749997 0.5718872687500001 0.27392100468749997 0.46097580000000005 0.1686417578125 0.46097580000000005
2 0.2904927390625 0.466174771875 0.2904927390625 0.5441594000000001 0.3411827453125 0.5441594000000001 0.3411827453125 0.466174771875 0.2904927390625 0.466174771875
2 0.46985738125000004 0.469640759375 0.46985738125000004 0.56668829375 0.5536908546875 0.56668829375 0.5536908546875 0.469640759375 0.46985738125000004 0.469640759375
2 0.3996712171875 0.47137375 0.3996712171875 0.49910161875 0.4240414140625 0.49910161875 0.4240414140625 0.47137375 0.3996712171875 0.47137375
2 0.3382583234375 0.466174771875 0.3382583234375 0.5216305078125 0.3606789015625 0.5216305078125 0.3606789015625 0.466174771875 0.3382583234375 0.466174771875
2 0.3606789015625 0.474839734375 0.3606789015625 0.51469854375 0.3684773640625 0.51469854375 0.3684773640625 0.474839734375 0.3606789015625 0.474839734375
2 0.36652775000000004 0.474839734375 0.36652775000000004 0.50949956875 0.376275828125 0.50949956875 0.376275828125 0.474839734375 0.36652775000000004 0.474839734375
2 0.3655529421875 0.469640759375 0.3655529421875 0.49910161875 0.383099484375 0.49910161875 0.383099484375 0.469640759375 0.3655529421875 0.469640759375
2 0.3840742921875 0.47137375 0.3840742921875 0.49910161875 0.390897946875 0.49910161875 0.390897946875 0.47137375 0.3840742921875 0.47137375
2 0.46595814999999996 0.45750981562500004 0.46595814999999996 0.549358378125 0.5263962375 0.549358378125 0.5263962375 0.45750981562500004 0.46595814999999996 0.45750981562500004
2 0.45426045625 0.4817717015625 0.45426045625 0.538960428125 0.4669329578125 0.538960428125 0.4669329578125 0.4817717015625 0.45426045625 0.4817717015625
2 0.44646199375 0.4835046921875 0.44646199375 0.5233635015625 0.4610841109375 0.5233635015625 0.4610841109375 0.4835046921875 0.44646199375 0.4835046921875
2 0.44646199375 0.466174771875 0.44646199375 0.488703665625 0.468882575 0.488703665625 0.468882575 0.466174771875 0.44646199375 0.466174771875
2 0.43866353125 0.47137375 0.43866353125 0.507766578125 0.4474368015625 0.507766578125 0.4474368015625 0.47137375 0.43866353125 0.47137375