2 0.68936750625 0.5287786140625 0.68936750625 0.5440808921875 0.7094517453125 0.5440808921875 0.7094517453125 0.5287786140625 0.68936750625 0.5287786140625
2 0.725710409375 0.530478865625 0.725710409375 0.555982659375 0.752489390625 0.555982659375 0.752489390625 0.530478865625 0.725710409375 0.530478865625
2 0.807003746875 0.5270783609375 0.807003746875 0.54918165 0.8328263343750001 0.54918165 0.8328263343750001 0.5270783609375 0.807003746875 0.5270783609375
2 0.5478214625 0.5287786140625 0.5478214625 0.6052899890625 0.6042486015625 0.6052899890625 0.6042486015625 0.5287786140625 0.5478214625 0.5287786140625
2 0.503062290625 0.5576829125 0.503062290625 0.571284934375 0.51645178125 0.571284934375 0.51645178125 0.5576829125 0.503062290625 0.5576829125
2 0.48871640781250003 0.54918165 0.48871640781250003 0.562783671875 0.499236721875 0.562783671875 0.499236721875 0.54918165 0.48871640781250003 0.54918165
2 0.45409502812499997 0.5525821546875 0.45409502812499997 0.57638569375 0.4655717359375 0.57638569375 0.4655717359375 0.5525821546875 0.45409502812499997 0.5525821546875
2 0.488525146875 0.533879371875 0.488525146875 0.540680384375 0.496176284375 0.540680384375 0.496176284375 0.533879371875 0.488525146875 0.533879371875
2 0.488525146875 0.5389801328125 0.488525146875 0.5508819015624999 0.49808906718749996 0.5508819015624999 0.49808906718749996 0.5389801328125 0.488525146875 0.5389801328125
2 0.5000018546875 0.540680384375 0.5000018546875 0.555982659375 0.5133913453125001 0.555982659375 0.5133913453125001 0.540680384375 0.5000018546875 0.540680384375
2 0.5296500109375 0.5576829125 0.5296500109375 0.578085946875 0.5449522859375 0.578085946875 0.5449522859375 0.5576829125 0.5296500109375 0.5576829125