2 0.48906726093749997 0.375355203125 0.48906726093749997 0.42014190156250003 0.5034629859375 0.42014190156250003 0.5034629859375 0.375355203125 0.48906726093749997 0.375355203125
2 0.51066085 0.38388600156249997 0.51066085 0.44786700156250003 0.5622455296875 0.44786700156250003 0.5622455296875 0.38388600156249997 0.51066085 0.38388600156249997
2 0.42548614218749997 0.3497628015625 0.42548614218749997 0.47345940000000003 0.491466546875 0.47345940000000003 0.491466546875 0.3497628015625 0.42548614218749997 0.3497628015625
2 0.328314996875 0.405213 0.328314996875 0.4308054015625 0.34271072187499996 0.4308054015625 0.34271072187499996 0.405213 0.328314996875 0.405213
2 0.2923256828125 0.405213 0.2923256828125 0.4350708015625 0.3139192703125 0.4350708015625 0.3139192703125 0.405213 0.2923256828125 0.405213
2 0.2683328109375 0.405213 0.2683328109375 0.4350708015625 0.2911260421875 0.4350708015625 0.2911260421875 0.405213 0.2683328109375 0.405213
2 0.2503381546875 0.42014190156250003 0.2503381546875 0.44360160156250006 0.2779299625 0.44360160156250006 0.2779299625 0.42014190156250003 0.2503381546875 0.42014190156250003
2 0.22034705937500002 0.4180092015625 0.22034705937500002 0.44786700156250003 0.2503381546875 0.44786700156250003 0.2503381546875 0.4180092015625 0.22034705937500002 0.4180092015625
2 0.21554848437500002 0.40094760156250003 0.21554848437500002 0.4244073015625 0.24673922187500003 0.4244073015625 0.24673922187500003 0.40094760156250003 0.21554848437500002 0.40094760156250003
6 0.0955841078125 0.37108979999999997 0.0955841078125 0.46066320000000005 0.1795591703125 0.46066320000000005 0.1795591703125 0.37108979999999997 0.0955841078125 0.37108979999999997
2 0.071591234375 0.41587650312499996 0.071591234375 0.45639780312499995 0.102781971875 0.45639780312499995 0.102781971875 0.41587650312499996 0.071591234375 0.41587650312499996
2 0.11717769687499999 0.3966822015625 0.11717769687499999 0.4649286015625 0.2191474140625 0.4649286015625 0.2191474140625 0.3966822015625 0.11717769687499999 0.3966822015625
2 1 0.3390993015625 0.96917474375 0.3390993015625 0.96917474375 0.432655953125 1 0.432655953125 1 0.3390993015625
2 0.8657554 0.3369666 0.8657554 0.3924168 0.9605272546875 0.3924168 0.9605272546875 0.3369666 0.8657554 0.3369666
6 0.76858425625 0.327187278125 0.76858425625 0.44573430312499995 0.9639013109375 0.44573430312499995 0.9639013109375 0.327187278125 0.76858425625 0.327187278125
1 0.9441259343749999 0.3389060171875 0.9441259343749999 0.432655953125 0.9994969890625001 0.432655953125 0.9994969890625001 0.3389060171875 0.9441259343749999 0.3389060171875