2 0.043660146875 0.8205335640625 0.043660146875 0.949686840625 0.1702495125 0.949686840625 0.1702495125 0.8205335640625 0.043660146875 0.8205335640625
2 0.5285996421875 0.7540038171875 0.5285996421875 0.8621146562499999 0.6205978078125 0.8621146562499999 0.6205978078125 0.7540038171875 0.5285996421875 0.7540038171875
2 0.1590476796875 0.8066732 0.1590476796875 0.9036957484375 0.2260971921875 0.9036957484375 0.2260971921875 0.8066732 0.1590476796875 0.8066732
2 0.21674144687500002 0.8122173453125001 0.21674144687500002 0.8745889859375 0.24714762031249998 0.8745889859375 0.24714762031249998 0.8122173453125001 0.21674144687500002 0.8122173453125001
2 0.24091045625000002 0.8011290546875 0.24091045625000002 0.8607286203125 0.27677414843750003 0.8607286203125 0.27677414843750003 0.8011290546875 0.24091045625000002 0.8011290546875
2 0.3095192578125 0.7941988703125 0.3095192578125 0.82884978125 0.33758649687500003 0.82884978125 0.33758649687500003 0.7941988703125 0.3095192578125 0.7941988703125
2 0.332128978125 0.79835698125 0.332128978125 0.824691671875 0.34148472343749997 0.824691671875 0.34148472343749997 0.79835698125 0.332128978125 0.79835698125
2 0.34148472343749997 0.8025150906249999 0.34148472343749997 0.83023581875 0.3453829515625 0.83023581875 0.3453829515625 0.8025150906249999 0.34148472343749997 0.8025150906249999
2 0.338366140625 0.7900407609375 0.338366140625 0.82884978125 0.352399759375 0.82884978125 0.352399759375 0.7900407609375 0.338366140625 0.7900407609375
2 0.339925434375 0.7941988703125 0.339925434375 0.8233056359375001 0.357077634375 0.8233056359375001 0.357077634375 0.7941988703125 0.339925434375 0.7941988703125
2 0.3609758625 0.7900407609375 0.3609758625 0.8094452703125 0.374229834375 0.8094452703125 0.374229834375 0.7900407609375 0.3609758625 0.7900407609375
2 0.37033160781249996 0.7720222890625 0.37033160781249996 0.7941988703125 0.38124664375 0.7941988703125 0.38124664375 0.7720222890625 0.37033160781249996 0.7720222890625
2 0.3804669984375 0.7595479625 0.3804669984375 0.7761804015625 0.388263453125 0.7761804015625 0.388263453125 0.7595479625 0.3804669984375 0.7595479625
2 0.38358558125000003 0.7526177796875 0.38358558125000003 0.76786418125 0.3913820359375 0.76786418125 0.3913820359375 0.7526177796875 0.38358558125000003 0.7526177796875
2 0.38748380937500004 0.74845966875 0.38748380937500004 0.7650921078125 0.3999581375 0.7650921078125 0.3999581375 0.74845966875 0.38748380937500004 0.74845966875
2 0.461606734375 0.7551557234375 0.461606734375 0.8136033812499999 0.491956303125 0.8136033812499999 0.491956303125 0.7551557234375 0.461606734375 0.7551557234375
2 0.4545333203125 0.7803385078125 0.4545333203125 0.8136033812499999 0.4701262296875 0.8136033812499999 0.4701262296875 0.7803385078125 0.4545333203125 0.7803385078125
2 0.44283863749999997 0.7720222890625 0.44283863749999997 0.7955849078125 0.46077048437499996 0.7955849078125 0.46077048437499996 0.7720222890625 0.44283863749999997 0.7720222890625
2 0.4233475015625 0.7470736328124999 0.4233475015625 0.762320034375 0.4334828921875 0.762320034375 0.4334828921875 0.7470736328124999 0.4233475015625 0.7470736328124999
2 0.4046360078125 0.7540038171875 0.4046360078125 0.7650921078125 0.413212109375 0.7650921078125 0.413212109375 0.7540038171875 0.4046360078125 0.7540038171875
3 0.27703654843750003 0.79697094375 0.27703654843750003 0.848905659375 0.31341748593749996 0.848905659375 0.31341748593749996 0.79697094375 0.27703654843750003 0.79697094375
2 0.47874539374999997 0.757499471875 0.47874539374999997 0.8207806796874999 0.5196145078125001 0.8207806796874999 0.5196145078125001 0.757499471875 0.47874539374999997 0.757499471875