2 0.00011091875 0.327135684375 0.00011091875 0.3715143765625 0.010595384375 0.3715143765625 0.010595384375 0.327135684375 0.00011091875 0.327135684375
6 0.0006101796875 0.2108635078125 0.0006101796875 0.40790490625000003 0.2102995015625 0.40790490625000003 0.2102995015625 0.2108635078125 0.0006101796875 0.2108635078125
2 0.4374427890625 0.2746763734375 0.4374427890625 0.282664540625 0.4444324328125 0.282664540625 0.4444324328125 0.2746763734375 0.4374427890625 0.2746763734375
2 0.44892578437499997 0.27733909375 0.44892578437499997 0.2826645375 0.45491690625 0.2826645375 0.45491690625 0.27733909375 0.44892578437499997 0.27733909375
2 0.44193614062500003 0.2826645375 0.44193614062500003 0.29597814375 0.45641468593749995 0.29597814375 0.45641468593749995 0.2826645375 0.44193614062500003 0.2826645375
6 0.45641468749999997 0.2737887984375 0.45641468749999997 0.29686572187500004 0.4713924984375 0.29686572187500004 0.4713924984375 0.2737887984375 0.45641468749999997 0.2737887984375
2 0.46190654999999997 0.28710240625 0.46190654999999997 0.3057414578125 0.4753865796875 0.3057414578125 0.4753865796875 0.28710240625 0.46190654999999997 0.28710240625
2 0.467897675 0.3004160171875 0.467897675 0.339469265625 0.48936586875000004 0.339469265625 0.48936586875000004 0.3004160171875 0.467897675 0.3004160171875
2 0.4958562515625 0.2933154265625 0.4958562515625 0.352782871875 0.5203200046875 0.352782871875 0.5203200046875 0.2933154265625 0.4958562515625 0.2933154265625
2 0.4304531515625 0.3057414578125 0.4304531515625 0.34035683906249997 0.4384413140625 0.34035683906249997 0.4384413140625 0.3057414578125 0.4304531515625 0.3057414578125
2 0.43544575625000004 0.27822666875 0.43544575625000004 0.35012015 0.46639989374999996 0.35012015 0.46639989374999996 0.27822666875 0.43544575625000004 0.27822666875
2 0.47388879843750004 0.29154027656250003 0.47388879843750004 0.3678716265625 0.5158266640625 0.3678716265625 0.5158266640625 0.29154027656250003 0.47388879843750004 0.29154027656250003
2 0.36405153437500004 0.279114240625 0.36405153437500004 0.28621483125 0.3700426578125 0.28621483125 0.3700426578125 0.279114240625 0.36405153437500004 0.279114240625
2 0.3650500546875 0.286214834375 0.3650500546875 0.2986408671875 0.3710411765625 0.2986408671875 0.3710411765625 0.286214834375 0.3650500546875 0.286214834375
2 0.382024903125 0.28088939062499996 0.382024903125 0.2933154265625 0.38901455 0.2933154265625 0.38901455 0.28088939062499996 0.382024903125 0.28088939062499996
2 0.3555641078125 0.2817769625 0.3555641078125 0.29242784843749997 0.36205449375 0.29242784843749997 0.36205449375 0.2817769625 0.3555641078125 0.2817769625
2 0.349572984375 0.2817769625 0.349572984375 0.29154027656250003 0.3555641078125 0.29154027656250003 0.3555641078125 0.2817769625 0.349572984375 0.2817769625
2 0.33309739375 0.286214834375 0.33309739375 0.2986408671875 0.3425833390625 0.2986408671875 0.3425833390625 0.286214834375 0.33309739375 0.286214834375
2 0.301643996875 0.295090571875 0.301643996875 0.313729621875 0.311629203125 0.313729621875 0.311629203125 0.295090571875 0.301643996875 0.295090571875
2 0.2766809796875 0.3057414578125 0.2766809796875 0.322605359375 0.2856676640625 0.322605359375 0.2856676640625 0.3057414578125 0.2766809796875 0.3057414578125
4 0.3705419171875 0.2666882078125 0.3705419171875 0.34035683906249997 0.385020465625 0.34035683906249997 0.385020465625 0.2666882078125 0.3705419171875 0.2666882078125