2 0.18326387500000002 0.30500654374999997 0.18326387500000002 0.570154278125 0.3714017890625 0.570154278125 0.3714017890625 0.30500654374999997 0.18326387500000002 0.30500654374999997
2 0.529320659375 0.3500643296875 0.529320659375 0.4627087890625 0.608280096875 0.4627087890625 0.608280096875 0.3500643296875 0.529320659375 0.3500643296875
2 0.8568560968750001 0.3708602296875 0.8568560968750001 0.44537887343750004 0.9299666859375 0.44537887343750004 0.9299666859375 0.3708602296875 0.8568560968750001 0.3708602296875
2 0.49617719375 0.37952518749999997 0.49617719375 0.41591801406249995 0.5166481593750001 0.41591801406249995 0.5166481593750001 0.37952518749999997 0.49617719375 0.37952518749999997
2 0.45815968749999997 0.3812581796875 0.45815968749999997 0.42284998125 0.4874039234375 0.42284998125 0.4874039234375 0.3812581796875 0.45815968749999997 0.3812581796875
1 0.330459859375 0.2512838 0.330459859375 0.46790776875000006 0.44256276093749997 0.46790776875000006 0.44256276093749997 0.2512838 0.330459859375 0.2512838
4 0.6726174125 0.3639282625 0.6726174125 0.447111865625 0.6901639546875 0.447111865625 0.6901639546875 0.3639282625 0.6726174125 0.3639282625
2 0.6599449109375 0.38819014687500003 0.6599449109375 0.44884485625000003 0.7184333828125 0.44884485625000003 0.7184333828125 0.38819014687500003 0.6599449109375 0.38819014687500003
2 0.6404487546875 0.37259322031250003 0.6404487546875 0.44017989843749994 0.6765166453125 0.44017989843749994 0.6765166453125 0.37259322031250003 0.6404487546875 0.37259322031250003
2 0.624851828125 0.38645715625 0.624851828125 0.4297819484375 0.6423983703125 0.4297819484375 0.6423983703125 0.38645715625 0.624851828125 0.38645715625
2 0.77107300625 0.3847241625 0.77107300625 0.42458297187499994 0.818838590625 0.42458297187499994 0.818838590625 0.3847241625 0.77107300625 0.3847241625
2 0.7437783875 0.3829911703125 0.7437783875 0.42978195 0.7661989671875 0.42978195 0.7661989671875 0.3829911703125 0.7437783875 0.3829911703125
2 0.7057608796875 0.37779219531249997 0.7057608796875 0.4332479328125 0.7359799234375 0.4332479328125 0.7359799234375 0.37779219531249997 0.7057608796875 0.37779219531249997
2 0.49130315468749997 0.3829911703125 0.49130315468749997 0.40725305624999997 0.5010512328125001 0.40725305624999997 0.5010512328125001 0.3829911703125 0.49130315468749997 0.3829911703125
2 0.4347642984375 0.3829911703125 0.4347642984375 0.40898604687500006 0.44646199375 0.40898604687500006 0.44646199375 0.3829911703125 0.4347642984375 0.3829911703125
4 0.8285866687500001 0.3708602296875 0.8285866687500001 0.398588096875 0.8412591703125001 0.398588096875 0.8412591703125001 0.3708602296875 0.8285866687500001 0.3708602296875
4 0.0409419296875 0.37952518749999997 0.0409419296875 0.48697067499999996 0.065312125 0.48697067499999996 0.065312125 0.37952518749999997 0.0409419296875 0.37952518749999997