2 0.0009748078125000001 0.0519897515625 0.0009748078125000001 0.4835046921875 0.11502732499999999 0.4835046921875 0.11502732499999999 0.0519897515625 0.0009748078125000001 0.0519897515625
2 0.8090905109375001 0.0415918015625 0.8090905109375001 0.37779219531249997 0.9972284281249999 0.37779219531249997 0.9972284281249999 0.0415918015625 0.8090905109375001 0.0415918015625
2 0.056538854687499994 0.0866495859375 0.056538854687499994 0.3535303125 0.2856187 0.3535303125 0.2856187 0.0866495859375 0.056538854687499994 0.0866495859375
2 0.017546540625000003 0.1074454875 0.017546540625000003 0.1386393359375 0.0604380859375 0.1386393359375 0.0604380859375 0.1074454875 0.017546540625000003 0.1074454875
2 0.26904696562499997 0.1230424125 0.26904696562499997 0.2582157671875 0.360678903125 0.2582157671875 0.360678903125 0.1230424125 0.26904696562499997 0.1230424125
2 0.3353339 0.1143774546875 0.3353339 0.20449302343750003 0.3918727546875 0.20449302343750003 0.3918727546875 0.1143774546875 0.3353339 0.1143774546875
2 0.6326502921875 0.07971761875 0.6326502921875 0.34139936875 0.8909743703125 0.34139936875 0.8909743703125 0.07971761875 0.6326502921875 0.07971761875
2 0.5380939312499999 0.09531454375000001 0.5380939312499999 0.2391528578125 0.6287510609375 0.2391528578125 0.6287510609375 0.09531454375000001 0.5380939312499999 0.09531454375000001
2 0.5127489265625 0.1282413875 0.5127489265625 0.23222089218750003 0.555640471875 0.23222089218750003 0.555640471875 0.1282413875 0.5127489265625 0.1282413875
2 0.48447950000000006 0.1317073703125 0.48447950000000006 0.20102704062500001 0.5166481593750001 0.20102704062500001 0.5166481593750001 0.1317073703125 0.48447950000000006 0.1317073703125
2 0.464008534375 0.1143774546875 0.464008534375 0.162901221875 0.5010512328125001 0.162901221875 0.5010512328125001 0.1143774546875 0.464008534375 0.1143774546875
2 0.450361225 0.1074454875 0.450361225 0.1438383140625 0.46790776562499997 0.1438383140625 0.46790776562499997 0.1074454875 0.450361225 0.1074454875
2 0.3918727546875 0.1143774546875 0.3918727546875 0.15250327187499998 0.402595640625 0.15250327187499998 0.402595640625 0.1143774546875 0.3918727546875 0.1143774546875
2 0.43866353125 0.1143774546875 0.43866353125 0.1369063453125 0.450361225 0.1369063453125 0.450361225 0.1143774546875 0.43866353125 0.1143774546875