2 0.6145722015625 0.384288259375 0.6145722015625 0.4242143125 0.6496634578125 0.4242143125 0.6496634578125 0.384288259375 0.6145722015625 0.384288259375
2 0.42227211093749994 0.3743067453125 0.42227211093749994 0.42670969062499997 0.45595971874999996 0.42670969062499997 0.45595971874999996 0.3743067453125 0.42227211093749994 0.3743067453125
2 0.853660634375 0.4063604140625 0.853660634375 0.57019394375 0.9994298374999999 0.57019394375 0.9994298374999999 0.4063604140625 0.853660634375 0.4063604140625
2 0.112767215625 0.370979575 0.112767215625 0.4121533171875 0.15557854843750002 0.4121533171875 0.15557854843750002 0.370979575 0.112767215625 0.370979575
2 0.173124178125 0.377218021875 0.173124178125 0.4183917640625 0.21593551249999998 0.4183917640625 0.21593551249999998 0.377218021875 0.173124178125 0.377218021875
2 0.2166373375 0.3797134 0.2166373375 0.4084102515625 0.2552377171875 0.4084102515625 0.2552377171875 0.3797134 0.2166373375 0.3797134
2 0.25874684531250003 0.38470415625 0.25874684531250003 0.399676425 0.2706778734375 0.399676425 0.2706778734375 0.38470415625 0.25874684531250003 0.38470415625
2 0.2720815234375 0.3834564671875 0.2720815234375 0.3996764265625 0.2854162015625 0.3996764265625 0.2854162015625 0.3834564671875 0.2720815234375 0.3834564671875
2 0.2868198515625 0.38595184374999997 0.2868198515625 0.4009241171875 0.300154528125 0.4009241171875 0.300154528125 0.38595184374999997 0.2868198515625 0.38595184374999997
2 0.3043654796875 0.3784657125 0.3043654796875 0.3959333609375 0.3261220609375 0.3959333609375 0.3261220609375 0.3784657125 0.3043654796875 0.3784657125
2 0.4159556796875 0.3784657125 0.4159556796875 0.3971810484375 0.4222721046875 0.3971810484375 0.4222721046875 0.3784657125 0.4159556796875 0.3784657125
2 0.4573633640625 0.38595184374999997 0.4573633640625 0.40591487343750005 0.465785265625 0.40591487343750005 0.465785265625 0.38595184374999997 0.4573633640625 0.38595184374999997
2 0.466487090625 0.388447225 0.466487090625 0.40217180468749997 0.4756108171875 0.40217180468749997 0.4756108171875 0.388447225 0.466487090625 0.388447225
2 0.5855634281250001 0.3896949140625 0.5855634281250001 0.42837327812500003 0.613636434375 0.42837327812500003 0.613636434375 0.3896949140625 0.5855634281250001 0.3896949140625
2 0.4964316328125 0.3921902921875 0.4964316328125 0.4084102515625 0.5111699625 0.4084102515625 0.5111699625 0.3921902921875 0.4964316328125 0.3921902921875
2 0.5118717859374999 0.388447225 0.5118717859374999 0.41589638593749995 0.5343301921875 0.41589638593749995 0.5343301921875 0.388447225 0.5118717859374999 0.388447225
2 0.5673159734375 0.40175590781250003 0.5673159734375 0.4304527578125 0.5848616 0.4304527578125 0.5848616 0.40175590781250003 0.5673159734375 0.40175590781250003