2 0.5550742390625001 0.4361265859375 0.5550742390625001 0.44857718125 0.5650791828124999 0.44857718125 0.5650791828124999 0.4361265859375 0.5550742390625001 0.4361265859375
2 0.48904161406249996 0.44679852656249996 0.48904161406249996 0.4663637484375 0.50104754375 0.4663637484375 0.50104754375 0.44679852656249996 0.48904161406249996 0.44679852656249996
2 0.46703073906250003 0.44679852656249996 0.46703073906250003 0.473478375 0.48904161406249996 0.473478375 0.48904161406249996 0.44679852656249996 0.46703073906250003 0.44679852656249996
2 0.45902678437500005 0.43790524375000006 0.45902678437500005 0.45747046874999997 0.47303370625 0.45747046874999997 0.47303370625 0.43790524375000006 0.45902678437500005 0.43790524375000006
2 0.43501492031250005 0.43790524375000006 0.43501492031250005 0.47525703124999996 0.46402925625 0.47525703124999996 0.46402925625 0.43790524375000006 0.43501492031250005 0.43790524375000006
6 0.4090020671875 0.39699614375 0.4090020671875 0.450355840625 0.44902184062500006 0.450355840625 0.44902184062500006 0.39699614375 0.4090020671875 0.39699614375
2 0.3879916859375 0.43790524375000006 0.3879916859375 0.473478375 0.40399959531249996 0.473478375 0.40399959531249996 0.43790524375000006 0.3879916859375 0.43790524375000006
2 0.2689328625 0.40944673906249995 0.2689328625 0.4912649421875 0.32295955468750004 0.4912649421875 0.32295955468750004 0.40944673906249995 0.2689328625 0.40944673906249995
2 0.0928458609375 0.40055345625000005 0.0928458609375 0.496600909375 0.1808893625 0.496600909375 0.1808893625 0.40055345625000005 0.0928458609375 0.40055345625000005
2 0.39999761875 0.4396839 0.39999761875 0.4823716578125 0.4370159078125 0.4823716578125 0.4370159078125 0.4396839 0.39999761875 0.4396839
2 0.30294966875 0.40944673906249995 0.30294966875 0.51260881875 0.3919936640625 0.51260881875 0.3919936640625 0.40944673906249995 0.30294966875 0.40944673906249995
2 0.12586217187499998 0.40944673906249995 0.12586217187499998 0.5517392609375 0.292944725 0.5517392609375 0.292944725 0.40944673906249995 0.12586217187499998 0.40944673906249995
2 0 0.6709092562500001 0.07183548125 0.6709092562500001 0.07183548125 0.44679852656249996 0 0.44679852656249996 0 0.6709092562500001