2 0.6570204890625 0.4020540796875 0.6570204890625 0.44711186718749996 0.6843151093750001 0.44711186718749996 0.6843151093750001 0.4020540796875 0.6570204890625 0.4020540796875
2 0.6043808640624999 0.40552006250000006 0.6043808640624999 0.4453788703125 0.6404487546875 0.4453788703125 0.6404487546875 0.40552006250000006 0.6043808640624999 0.40552006250000006
2 0.56928778125 0.41765100625 0.56928778125 0.44711186718749996 0.593657978125 0.44711186718749996 0.593657978125 0.41765100625 0.56928778125 0.41765100625
2 0.531270275 0.40378707187499996 0.531270275 0.4367139171875 0.5595397046875 0.4367139171875 0.5595397046875 0.40378707187499996 0.531270275 0.40378707187499996
2 0.295366778125 0.44017989843749994 0.295366778125 0.46097579843750003 0.3090140875 0.46097579843750003 0.3090140875 0.44017989843749994 0.295366778125 0.44017989843749994
2 0.2768454265625 0.4419128921875 0.2768454265625 0.4627087921875 0.29439196875 0.4627087921875 0.29439196875 0.4419128921875 0.2768454265625 0.4419128921875
2 0.26027369375 0.445378871875 0.26027369375 0.471373746875 0.282694275 0.471373746875 0.282694275 0.445378871875 0.26027369375 0.445378871875
2 0.2300546515625 0.447111865625 0.2300546515625 0.4869706734375 0.2592988859375 0.4869706734375 0.2592988859375 0.447111865625 0.2300546515625 0.447111865625
2 0.1920371453125 0.44884485625000003 0.1920371453125 0.48870366406250004 0.2242058046875 0.48870366406250004 0.2242058046875 0.44884485625000003 0.1920371453125 0.44884485625000003
2 0.1481707921875 0.45924280624999997 0.1481707921875 0.49390264375 0.186188296875 0.49390264375 0.186188296875 0.45924280624999997 0.1481707921875 0.45924280624999997
2 0.1130777109375 0.4661747734375 0.1130777109375 0.49216964843750005 0.14232194375 0.49216964843750005 0.14232194375 0.4661747734375 0.1130777109375 0.4661747734375
2 0.057513664062500004 0.4661747734375 0.057513664062500004 0.4887036671875 0.0770098203125 0.4887036671875 0.0770098203125 0.4661747734375 0.057513664062500004 0.4661747734375
2 0.005848846875 0.469640759375 0.005848846875 0.48870366875000004 0.024370195312500002 0.48870366875000004 0.024370195312500002 0.469640759375 0.005848846875 0.469640759375
2 0 0.5233635046875 0.0497152015625 0.5233635046875 0.0497152015625 0.48870366875000004 0 0.48870366875000004 0 0.5233635046875
4 0.06921135625 0.45404383125000003 0.06921135625 0.6672018140625 0.1199013640625 0.6672018140625 0.1199013640625 0.45404383125000003 0.06921135625 0.45404383125000003