2 0.44208955312500003 0.50703090625 0.44208955312500003 0.5421871328125001 0.46582000468749996 0.5421871328125001 0.46582000468749996 0.50703090625 0.44208955312500003 0.50703090625
2 0.44868134531250004 0.49062466875000005 0.44868134531250004 0.5140621515625 0.47768523281249997 0.5140621515625 0.47768523281249997 0.49062466875000005 0.44868134531250004 0.49062466875000005
2 0.4289059703125 0.50703090625 0.4289059703125 0.5468746296875 0.44999970625 0.5468746296875 0.44999970625 0.50703090625 0.4289059703125 0.50703090625
2 0.40517551718749995 0.49999966249999994 0.40517551718749995 0.553905875 0.4354977625 0.553905875 0.4354977625 0.49999966249999994 0.40517551718749995 0.49999966249999994
2 0.378808346875 0.5046871562499999 0.378808346875 0.5703121171875 0.4183591 0.5703121171875 0.4183591 0.5046871562499999 0.378808346875 0.5046871562499999
2 0.3357419640625 0.49531216718750004 0.3357419640625 0.5726558625 0.3963864546875 0.5726558625 0.3963864546875 0.49531216718750004 0.3357419640625 0.49531216718750004
2 0.26762676875 0.4835934234375 0.26762676875 0.6007808421874999 0.35200170937499997 0.6007808421874999 0.35200170937499997 0.4835934234375 0.26762676875 0.4835934234375
2 0 0.8671869046875 0.31922401875 0.8671869046875 0.31922401875 0.40781221875 0 0.40781221875 0 0.8671869046875
2 0.6011714609375 0.5249996375 0.6011714609375 0.5882808453124999 0.6407222140625 0.5882808453124999 0.6407222140625 0.5249996375 0.6011714609375 0.5249996375
2 0.6670893859375 0.5296871390625 0.6670893859375 0.588280846875 0.7066401375 0.588280846875 0.7066401375 0.5296871390625 0.6670893859375 0.5296871390625
2 0.68422804375 0.5320308859375 0.68422804375 0.602343334375 0.74750925 0.602343334375 0.74750925 0.5320308859375 0.68422804375 0.5320308859375
2 0.7119135734375 0.546093375 0.7119135734375 0.62343706875 0.78310493125 0.62343706875 0.78310493125 0.546093375 0.7119135734375 0.546093375
2 0.7567377609375 0.546093375 0.7567377609375 0.656249546875 0.8661615140625001 0.656249546875 0.8661615140625001 0.546093375 0.7567377609375 0.546093375
2 0.8284564546875 0.5742183578125 0.8284564546875 0.7101557609375 0.99193290625 0.7101557609375 0.99193290625 0.5742183578125 0.8284564546875 0.5742183578125
2 0.9439446625000001 0.6487495609375 0.9439446625000001 0.7565619859375 0.9993157203124999 0.7565619859375 0.9993157203124999 0.6487495609375 0.9439446625000001 0.6487495609375
2 0.45812956875 0.468749678125 0.45812956875 0.7265620015625001 0.607104075 0.7265620015625001 0.607104075 0.468749678125 0.45812956875 0.468749678125