2 0.12240832343750001 0.46479995 0.12240832343750001 0.53035755625 0.1811370109375 0.53035755625 0.1811370109375 0.46479995 0.12240832343750001 0.46479995
2 0.213915815625 0.46722800937500003 0.213915815625 0.50850501875 0.252157753125 0.50850501875 0.252157753125 0.46722800937500003 0.213915815625 0.46722800937500003
2 0.27674185625000003 0.47451218749999996 0.27674185625000003 0.5012208421875 0.299960175 0.5012208421875 0.299960175 0.47451218749999996 0.27674185625000003 0.47451218749999996
2 0.10328735468750001 0.46237189062499995 0.10328735468750001 0.5182172578124999 0.145626640625 0.5182172578124999 0.145626640625 0.46237189062499995 0.10328735468750001 0.46237189062499995
2 0.1893317140625 0.46479995 0.1893317140625 0.5012208453125 0.22347630000000002 0.5012208453125 0.22347630000000002 0.46479995 0.1893317140625 0.46479995
2 0.2548893203125 0.4720841296875 0.2548893203125 0.49879278281249995 0.2740102875 0.49879278281249995 0.2740102875 0.4720841296875 0.2548893203125 0.4720841296875
2 0.3253979125 0.4856119 0.3253979125 0.49775219843749996 0.33632418125 0.49775219843749996 0.33632418125 0.4856119 0.3253979125 0.4856119
2 0.3131058625 0.48318384375 0.3131058625 0.4953241421875 0.3240321296875 0.4953241421875 0.3240321296875 0.48318384375 0.3131058625 0.48318384375
2 0.30217959375 0.4807557828125 0.30217959375 0.5001802625 0.3144716453125 0.5001802625 0.3144716453125 0.4807557828125 0.30217959375 0.4807557828125
2 0.3335926125 0.4758996625 0.3335926125 0.4880399609375 0.3458846640625 0.4880399609375 0.3458846640625 0.4758996625 0.3335926125 0.4758996625
2 0.3609082828125 0.4783277234375 0.3609082828125 0.495324140625 0.3718345515625 0.495324140625 0.3718345515625 0.4783277234375 0.3609082828125 0.4783277234375
4 0.8881007046875 0.45890324531250004 0.8881007046875 0.641007709375 0.9400004750000001 0.641007709375 0.9400004750000001 0.45890324531250004 0.8881007046875 0.45890324531250004
2 0.9145627375000001 0.48179636718749996 0.9145627375000001 0.598343225 0.9992413140625 0.598343225 0.9992413140625 0.48179636718749996 0.9145627375000001 0.48179636718749996
2 0.7807159578125 0.47936830625000004 0.7807159578125 0.58134680625 0.9118311703125 0.58134680625 0.9118311703125 0.47936830625000004 0.7807159578125 0.47936830625000004
2 0.7151583515625 0.48179636718749996 0.7151583515625 0.5619223328125 0.8039342765624999 0.5619223328125 0.8039342765624999 0.48179636718749996 0.7151583515625 0.48179636718749996
2 0.685111115625 0.4915086046875 0.685111115625 0.5497820328125 0.7260846203125 0.5497820328125 0.7260846203125 0.4915086046875 0.685111115625 0.4915086046875
2 0.6168219406250001 0.47936830625000004 0.6168219406250001 0.5376417359375 0.66735593125 0.5376417359375 0.66735593125 0.47936830625000004 0.6168219406250001 0.47936830625000004
2 0.5867747046875 0.4866524859375 0.5867747046875 0.53035755625 0.6209192921875 0.53035755625 0.6209192921875 0.4866524859375 0.5867747046875 0.4866524859375
2 0.570385303125 0.4915086046875 0.570385303125 0.523073378125 0.5908720546875 0.523073378125 0.5908720546875 0.4915086046875 0.570385303125 0.4915086046875
2 0.547166984375 0.4915086046875 0.547166984375 0.52223684375 0.570385303125 0.52223684375 0.570385303125 0.4915086046875 0.547166984375 0.4915086046875
2 0.5253144484375001 0.47451218749999996 0.5253144484375001 0.5206453203125 0.55672746875 0.5206453203125 0.55672746875 0.47451218749999996 0.5253144484375001 0.47451218749999996
2 0.5116566140625001 0.48422442656250003 0.5116566140625001 0.5109330765625 0.5307775828125 0.5109330765625 0.5307775828125 0.48422442656250003 0.5116566140625001 0.48422442656250003
2 0.4979987796875 0.48422442656250003 0.4979987796875 0.5157891984375 0.5130223968750001 0.5157891984375 0.5130223968750001 0.48422442656250003 0.4979987796875 0.48422442656250003
2 0.48297516093750004 0.48179636718749996 0.48297516093750004 0.5085050203125 0.5048276953124999 0.5085050203125 0.5048276953124999 0.48179636718749996 0.48297516093750004 0.48179636718749996
2 0.466585759375 0.48179636718749996 0.466585759375 0.5060769625 0.4857067265625 0.5060769625 0.4857067265625 0.48179636718749996 0.466585759375 0.48179636718749996
2 0.4583910578125 0.48422442656250003 0.4583910578125 0.5060769609375 0.4706831078125 0.5060769609375 0.4706831078125 0.48422442656250003 0.4583910578125 0.48422442656250003
2 0.44609900625 0.48422442656250003 0.44609900625 0.50850501875 0.4638541921875 0.50850501875 0.4638541921875 0.48422442656250003 0.44609900625 0.48422442656250003