2 0.4374228859375 0.5571866546875001 0.4374228859375 0.575205128125 0.44911756875000003 0.575205128125 0.44911756875000003 0.5571866546875001 0.4374228859375 0.5571866546875001
2 0.4280671390625 0.5655028718749999 0.4280671390625 0.579363240625 0.43898217656250005 0.579363240625 0.43898217656250005 0.5655028718749999 0.4280671390625 0.5655028718749999
2 0.448337921875 0.5668889078125 0.448337921875 0.5862934171874999 0.4654901234375 0.5862934171874999 0.4654901234375 0.5668889078125 0.448337921875 0.5668889078125
2 0.46237154062499997 0.5668889078125 0.46237154062499997 0.5987677453125 0.4826423234375 0.5987677453125 0.4826423234375 0.5668889078125 0.46237154062499997 0.5668889078125
2 0.4654901234375 0.5724330531249999 0.4654901234375 0.61540018125 0.4951166515625 0.61540018125 0.4951166515625 0.5724330531249999 0.4654901234375 0.5724330531249999
2 0.4210503296875 0.573819090625 0.4210503296875 0.5849073812500001 0.4498972125 0.5849073812500001 0.4498972125 0.573819090625 0.4210503296875 0.573819090625
2 0.3844069921875 0.5807492734374999 0.3844069921875 0.7013344406249999 0.46549012031250003 0.7013344406249999 0.46549012031250003 0.5807492734374999 0.3844069921875 0.5807492734374999
2 0.48654054999999996 0.5627308 0.48654054999999996 0.6361907296875 0.5356582171875 0.6361907296875 0.5356582171875 0.5627308 0.48654054999999996 0.5627308
2 0.5342317453125001 0.55441458125 0.5342317453125001 0.66045948125 0.583216590625 0.66045948125 0.583216590625 0.55441458125 0.5342317453125001 0.55441458125
1 0.5682056359375001 0.46376778593749995 0.5682056359375001 0.7548354390625 0.7568798453125 0.7548354390625 0.7568798453125 0.46376778593749995 0.5682056359375001 0.46376778593749995
2 0.7675545546875 0.5823982203125 0.7675545546875 0.7630105453125 0.9759092390624999 0.7630105453125 0.9759092390624999 0.5823982203125 0.7675545546875 0.5823982203125
2 0.0441474140625 0.5447123359375 0.0441474140625 0.6056979390625 0.1197730265625 0.6056979390625 0.1197730265625 0.5447123359375 0.0441474140625 0.5447123359375