2 0.033524756249999996 0.49527703125 0.033524756249999996 0.5618067796874999 0.149691934375 0.5618067796874999 0.149691934375 0.49527703125 0.033524756249999996 0.49527703125
2 0.654122565625 0.5151435671875 0.654122565625 0.616324225 0.7375446328125 0.616324225 0.7375446328125 0.5151435671875 0.654122565625 0.5151435671875
2 0.547311134375 0.5054413125 0.547311134375 0.616324228125 0.6159199375 0.616324228125 0.6159199375 0.5054413125 0.547311134375 0.5054413125
2 0.49468506406249996 0.5067349265625001 0.49468506406249996 0.54817740625 0.5184642515625 0.54817740625 0.5184642515625 0.5067349265625001 0.49468506406249996 0.5067349265625001
2 0.3652639109375 0.5079823515624999 0.3652639109375 0.5363960984375 0.39859375625000004 0.5363960984375 0.39859375625000004 0.5079823515624999 0.3652639109375 0.5079823515624999
2 0.39956831406250004 0.5052102796875 0.39956831406250004 0.5322379890625 0.41964418437499995 0.5322379890625 0.41964418437499995 0.5052102796875 0.39956831406250004 0.5052102796875
2 0.4190594515625 0.49966613125 0.4190594515625 0.5301589328125 0.43699129687499993 0.5301589328125 0.43699129687499993 0.49966613125 0.4190594515625 0.49966613125
2 0.487668253125 0.506596315625 0.487668253125 0.5218427140624999 0.4985832890625 0.5218427140624999 0.4985832890625 0.506596315625 0.487668253125 0.506596315625
2 0.4775328640625 0.5107544234375 0.4775328640625 0.5260008218750001 0.4892275453125 0.5260008218750001 0.4892275453125 0.5107544234375 0.4775328640625 0.5107544234375
2 0.4619399515625 0.5079823515624999 0.4619399515625 0.523228753125 0.47675321562499995 0.523228753125 0.47675321562499995 0.5079823515624999 0.4619399515625 0.5079823515624999
2 0.4471266890625 0.5079823515624999 0.4471266890625 0.526000825 0.4642788890625 0.526000825 0.4642788890625 0.5079823515624999 0.4471266890625 0.5079823515624999
2 0.526650528125 0.5093683875 0.526650528125 0.5190706421875 0.5344469828125 0.5190706421875 0.5344469828125 0.5093683875 0.526650528125 0.5093683875
2 0.518074428125 0.5107544234375 0.518074428125 0.5246147859375 0.5274301734375 0.5246147859375 0.5274301734375 0.5107544234375 0.518074428125 0.5107544234375
2 0.6085133046875 0.520456678125 0.6085133046875 0.5675819171875001 0.629563734375 0.5675819171875001 0.629563734375 0.520456678125 0.6085133046875 0.520456678125
2 0.912705003125 0.4703283734375 0.912705003125 0.48973288437500007 0.9282979125 0.48973288437500007 0.9282979125 0.4703283734375 0.912705003125 0.4703283734375