2 0 0.8981516046875001 0.10369284999999999 0.8981516046875001 0.10369284999999999 0.7304411953125001 0 0.7304411953125001 0 0.8981516046875001
2 0.1309804421875 0.7013344312500001 0.1309804421875 0.8052871640625 0.22921577499999998 0.8052871640625 0.22921577499999998 0.7013344312500001 0.1309804421875 0.7013344312500001
2 0.48727843125000003 0.63619071875 0.48727843125000003 0.7373713796875 0.5605651078125 0.7373713796875 0.5605651078125 0.63619071875 0.48727843125000003 0.63619071875
2 0.3952802625 0.6666835203125 0.3952802625 0.6888601046875 0.413212109375 0.6888601046875 0.413212109375 0.6666835203125 0.3952802625 0.6666835203125
2 0.3173157140625 0.6763857765625 0.3173157140625 0.7124227234375 0.3453829515625 0.7124227234375 0.3453829515625 0.6763857765625 0.3173157140625 0.6763857765625
2 0.8903551484375001 0.5668888984375 0.8903551484375001 0.6777718125 0.984692253125 0.6777718125 0.984692253125 0.5668888984375 0.8903551484375001 0.5668888984375
2 0.2097246375 0.690246140625 0.2097246375 0.755389853125 0.258842303125 0.755389853125 0.258842303125 0.690246140625 0.2097246375 0.690246140625
2 0.24558832968750002 0.681929921875 0.24558832968750002 0.7443015609375 0.2806723765625 0.7443015609375 0.2806723765625 0.681929921875 0.24558832968750002 0.681929921875
2 0.477143040625 0.6500510828125 0.477143040625 0.7151947953125 0.49273595 0.7151947953125 0.49273595 0.6500510828125 0.477143040625 0.6500510828125
2 0.46778729375 0.6417348656249999 0.46778729375 0.7110366859374999 0.5028713406249999 0.7110366859374999 0.5028713406249999 0.6417348656249999 0.46778729375 0.6417348656249999
2 0.4560926109375 0.6639114484374999 0.4560926109375 0.70272046875 0.47012623124999997 0.70272046875 0.47012623124999997 0.6639114484374999 0.4560926109375 0.6639114484374999
2 0.446736865625 0.6486650468749999 0.446736865625 0.69994839375 0.471685521875 0.69994839375 0.471685521875 0.6486650468749999 0.446736865625 0.6486650468749999
2 0.43894040937499995 0.6514371203125 0.43894040937499995 0.6985623578125 0.45141473750000005 0.6985623578125 0.45141473750000005 0.6514371203125 0.43894040937499995 0.6514371203125
2 0.430364309375 0.6542091937500001 0.430364309375 0.697176321875 0.44283863749999997 0.697176321875 0.44283863749999997 0.6542091937500001 0.430364309375 0.6542091937500001
2 0.4241271453125 0.6611393750000001 0.4241271453125 0.6874740687500001 0.4381607640625 0.6874740687500001 0.4381607640625 0.6611393750000001 0.4241271453125 0.6611393750000001
2 0.41866962812499997 0.67084163125 0.41866962812499997 0.68470199375 0.42880501875 0.68470199375 0.42880501875 0.67084163125 0.41866962812499997 0.67084163125
2 0.343044015625 0.6777718125 0.343044015625 0.705492540625 0.3523997609375 0.705492540625 0.3523997609375 0.6777718125 0.343044015625 0.6777718125
2 0.3508404703125 0.6763857765625 0.3508404703125 0.697176321875 0.3609758625 0.697176321875 0.3609758625 0.6763857765625 0.3508404703125 0.6763857765625
6 0.34850153281249996 0.6542091937500001 0.34850153281249996 0.6957902859375 0.3718908984375 0.6957902859375 0.3718908984375 0.6542091937500001 0.34850153281249996 0.6542091937500001
2 0.371111253125 0.6749997390625 0.371111253125 0.6930182125 0.3773484171875 0.6930182125 0.3773484171875 0.6749997390625 0.371111253125 0.6749997390625
2 0.96676040625 0.568274934375 0.96676040625 0.6472790109375001 0.9885904812499999 0.6472790109375001 0.9885904812499999 0.568274934375 0.96676040625 0.568274934375
2 0.9878108343750001 0.5765911531250001 0.9878108343750001 0.6306465734375 0.9995055171875 0.6306465734375 0.9995055171875 0.5765911531250001 0.9878108343750001 0.5765911531250001
4 0.27995854375 0.683151353125 0.27995854375 0.73501575 0.291113203125 0.73501575 0.291113203125 0.683151353125 0.27995854375 0.683151353125
4 0.2893971015625 0.6785750828125 0.2893971015625 0.73043948125 0.30226786250000004 0.73043948125 0.30226786250000004 0.6785750828125 0.2893971015625 0.6785750828125