4 0.1523850328125 0.7576320140624999 0.1523850328125 0.8494455828125 0.1734256375 0.8494455828125 0.1734256375 0.7576320140624999 0.1523850328125 0.7576320140624999
4 0.0777865015625 0.75717861875 0.0777865015625 0.8115866671875 0.0924511703125 0.8115866671875 0.0924511703125 0.75717861875 0.0777865015625 0.75717861875
4 0.5090552828125 0.796851153125 0.5090552828125 0.862594209375 0.5249951390625001 0.862594209375 0.5249951390625001 0.796851153125 0.5090552828125 0.796851153125
4 0.599848684375 0.787329784375 0.599848684375 0.9199493859375 0.6170637296875 0.9199493859375 0.6170637296875 0.787329784375 0.599848684375 0.787329784375
4 0 0.8866327640625 0.0153802703125 0.8866327640625 0.0153802703125 0.7398935859375 0 0.7398935859375 0 0.8866327640625
4 0.6764875234375001 0.78381589375 0.6764875234375001 0.9198360031249999 0.70199129375 0.9198360031249999 0.70199129375 0.78381589375 0.6764875234375001 0.78381589375
4 0.48839721249999996 0.791863790625 0.48839721249999996 0.8644078453124999 0.503061878125 0.8644078453124999 0.503061878125 0.791863790625 0.48839721249999996 0.791863790625
4 0.604120571875 0.7611458703125 0.604120571875 0.932304509375 0.6353626921875 0.932304509375 0.6353626921875 0.7611458703125 0.604120571875 0.7611458703125
4 0.5856303406250001 0.781548890625 0.5856303406250001 0.92437000625 0.60603335625 0.92437000625 0.60603335625 0.781548890625 0.5856303406250001 0.781548890625
4 0.63791306875 0.7736143828125 0.63791306875 0.9515740218750001 0.667879996875 0.9515740218750001 0.667879996875 0.7736143828125 0.63791306875 0.7736143828125
2 0.4049998890625 0.7889166484375 0.4049998890625 0.8013851578125 0.41137583125 0.8013851578125 0.41137583125 0.7889166484375 0.4049998890625 0.7889166484375
2 0.40691267187499996 0.7889166484375 0.40691267187499996 0.8081861531250001 0.41711418125 0.8081861531250001 0.41711418125 0.7889166484375 0.40691267187499996 0.7889166484375
2 0.4107382390625 0.78664964375 0.4107382390625 0.8376571796875 0.445805921875 0.8376571796875 0.445805921875 0.78664964375 0.4107382390625 0.78664964375
2 0.43942997968749997 0.796851153125 0.43942997968749997 0.8614607046874999 0.492987896875 0.8614607046874999 0.492987896875 0.796851153125 0.43942997968749997 0.796851153125
2 0.338690084375 0.775314634375 0.338690084375 0.8478586937499999 0.360623325 0.8478586937499999 0.360623325 0.775314634375 0.338690084375 0.775314634375
2 0.3567977578125 0.7979846562499999 0.3567977578125 0.818387671875 0.368912046875 0.818387671875 0.368912046875 0.7979846562499999 0.3567977578125 0.7979846562499999
2 0.172788046875 0.7585954953125 0.172788046875 0.8300060515625001 0.2225204 0.8300060515625001 0.2225204 0.7585954953125 0.172788046875 0.7585954953125
6 0.8182304281249999 0.7302932640625001 0.8182304281249999 0.8681004937499999 0.8928760109375 0.8681004937499999 0.8928760109375 0.7302932640625001 0.8182304281249999 0.7302932640625001
2 0.6596085625 0.7468811718749999 0.6596085625 0.9051042812500001 0.8254078828125 0.9051042812500001 0.8254078828125 0.7468811718749999 0.6596085625 0.7468811718749999
2 0.215323796875 0.6627506875 0.215323796875 0.9421931234375001 0.345953565625 0.9421931234375001 0.345953565625 0.6627506875 0.215323796875 0.6627506875
2 0.3755247109375 0.7872876 0.3755247109375 0.84215529375 0.41428299375 0.84215529375 0.41428299375 0.7872876 0.3755247109375 0.7872876
2 0.8071053640624999 0.7158319984375 0.8071053640624999 0.9991024171875 0.9987435421875 0.9991024171875 0.9987435421875 0.7158319984375 0.8071053640624999 0.7158319984375
5 0.1234523109375 0.7521977953125 0.1234523109375 0.841517296875 0.153597640625 0.841517296875 0.153597640625 0.7521977953125 0.1234523109375 0.7521977953125