2 0.43768712968749995 0.4400788609375 0.43768712968749995 0.4613387109375 0.458016859375 0.4613387109375 0.458016859375 0.4400788609375 0.43768712968749995 0.4400788609375
2 0.41974913281250004 0.43370090625 0.41974913281250004 0.463464696875 0.43768712968749995 0.463464696875 0.43768712968749995 0.43370090625 0.41974913281250004 0.43370090625
2 0.399419403125 0.43370090625 0.399419403125 0.4719686328125 0.42094499843750005 0.4719686328125 0.42094499843750005 0.43370090625 0.399419403125 0.43370090625
2 0.358759940625 0.43157492187499996 0.358759940625 0.4762206046875 0.39702766875 0.4762206046875 0.39702766875 0.43157492187499996 0.358759940625 0.43157492187499996
2 0.330059146875 0.41881901250000003 0.330059146875 0.49748045156250004 0.361151675 0.49748045156250004 0.361151675 0.41881901250000003 0.330059146875 0.41881901250000003
2 0.2678740890625 0.3954331796875 0.2678740890625 0.49748045156250004 0.3396260796875 0.49748045156250004 0.3396260796875 0.3954331796875 0.2678740890625 0.3954331796875
2 0.21286423124999998 0.42519696875 0.21286423124999998 0.53574818125 0.30972941718749997 0.53574818125 0.30972941718749997 0.42519696875 0.21286423124999998 0.42519696875
2 0.0825147859375 0.41244106093750005 0.0825147859375 0.5782678781249999 0.2391732953125 0.5782678781249999 0.2391732953125 0.41244106093750005 0.0825147859375 0.41244106093750005
2 0 0.6207875734375 0.12437011406250001 0.6207875734375 0.12437011406250001 0.39968515 0 0.39968515 0 0.6207875734375
2 0.4759548578125 0.42519696875 0.4759548578125 0.5102363640625 0.533356446875 0.5102363640625 0.533356446875 0.42519696875 0.4759548578125 0.42519696875
2 0.5345523125 0.43582689375 0.5345523125 0.463464696875 0.54770684375 0.463464696875 0.54770684375 0.43582689375 0.5345523125 0.43582689375
2 0.5453151109375 0.42519696875 0.5453151109375 0.48047257187500003 0.5811911078125 0.48047257187500003 0.5811911078125 0.42519696875 0.5453151109375 0.42519696875
2 0.576407640625 0.41244106093750005 0.576407640625 0.501732421875 0.62663403125 0.501732421875 0.62663403125 0.41244106093750005 0.576407640625 0.41244106093750005
2 0.6182629656249999 0.41244106093750005 0.6182629656249999 0.54425211875 0.7236636453124999 0.54425211875 0.7236636453124999 0.41244106093750005 0.6182629656249999 0.41244106093750005
2 0.9042394828125 0.50598439375 0.9042394828125 0.7781104531249999 0.9975170671875 0.7781104531249999 0.9975170671875 0.50598439375 0.9042394828125 0.50598439375