2 0.382969896875 0.38886311562500003 0.382969896875 0.41381690000000004 0.3941990984375 0.41381690000000004 0.3941990984375 0.38886311562500003 0.382969896875 0.38886311562500003
2 0.39279545 0.38512005 0.39279545 0.415064590625 0.40893742812499995 0.415064590625 0.40893742812499995 0.38512005 0.39279545 0.38512005
2 0.4040246515625 0.37638622499999996 0.4040246515625 0.41631227812500005 0.42086845625 0.41631227812500005 0.42086845625 0.37638622499999996 0.4040246515625 0.37638622499999996
2 0.41455202812499997 0.38137698124999997 0.41455202812499997 0.42379841249999994 0.43350130625 0.42379841249999994 0.43350130625 0.38137698124999997 0.41455202812499997 0.38137698124999997
2 0.42648305625000005 0.3838723609375 0.42648305625000005 0.42504610468750004 0.4433268609375 0.42504610468750004 0.4433268609375 0.3838723609375 0.42648305625000005 0.3838723609375
2 0.44051955937500004 0.38262467187500004 0.44051955937500004 0.4387706859375 0.46718891406249996 0.4387706859375 0.46718891406249996 0.38262467187500004 0.44051955937500004 0.38262467187500004
2 0.320507459375 0.3963492515625 0.320507459375 0.41755996875 0.3352457859375 0.41755996875 0.3352457859375 0.3963492515625 0.320507459375 0.3963492515625
2 0.30857643125 0.3963492515625 0.30857643125 0.42130303593749996 0.3212092828125 0.42130303593749996 0.3212092828125 0.3963492515625 0.30857643125 0.3963492515625
2 0.293136278125 0.3951015625 0.293136278125 0.42878916875 0.31278738281249996 0.42878916875 0.31278738281249996 0.3951015625 0.293136278125 0.3951015625
2 0.269274221875 0.3988446296875 0.269274221875 0.43502761718749994 0.2959435765625 0.43502761718749994 0.2959435765625 0.3988446296875 0.269274221875 0.3988446296875
2 0.24400851562499998 0.3988446296875 0.24400851562499998 0.44251375 0.269274221875 0.44251375 0.269274221875 0.3988446296875 0.24400851562499998 0.3988446296875
2 0.2271647140625 0.39676515156250003 0.2271647140625 0.4541588515625 0.257343196875 0.4541588515625 0.257343196875 0.39676515156250003 0.2271647140625 0.39676515156250003
2 0.1962844078125 0.39676515156250003 0.1962844078125 0.46913112031250004 0.239095740625 0.46913112031250004 0.239095740625 0.39676515156250003 0.1962844078125 0.39676515156250003
2 0.5620215703125 0.34061913593750004 0.5620215703125 0.42047124374999995 0.6567679656250001 0.42047124374999995 0.6567679656250001 0.34061913593750004 0.5620215703125 0.34061913593750004
2 0.45197541875 0.374891603125 0.45197541875 0.455991396875 0.5025068296875 0.455991396875 0.5025068296875 0.374891603125 0.45197541875 0.374891603125
2 0.0821135640625 0.3649100890625 0.0821135640625 0.48967900468750003 0.202827490625 0.48967900468750003 0.202827490625 0.3649100890625 0.0821135640625 0.3649100890625
2 0.8548367390625 0.355615778125 0.8548367390625 0.4753939375 0.99871089375 0.4753939375 0.99871089375 0.355615778125 0.8548367390625 0.355615778125