4 0.518597775 0.46444178125 0.518597775 0.7261235312500001 0.5731870140625 0.7261235312500001 0.5731870140625 0.46444178125 0.518597775 0.46444178125
4 0.8792766765625 0.44884485625000003 0.8792766765625 0.804108159375 0.9660345749999999 0.804108159375 0.9660345749999999 0.44884485625000003 0.8792766765625 0.44884485625000003
4 0.984989303125 0.4582894765625 0.984989303125 0.6897307078125 0.9982032359374999 0.6897307078125 0.9982032359374999 0.4582894765625 0.984989303125 0.4582894765625
4 0.5410183546875 0.4939026421875 0.5410183546875 0.6602698453125 0.5751366296875 0.6602698453125 0.5751366296875 0.4939026421875 0.5410183546875 0.4939026421875
4 0.46205891875000005 0.4887036671875 0.46205891875000005 0.5580233359375 0.4825298828125 0.5580233359375 0.4825298828125 0.4887036671875 0.46205891875000005 0.4887036671875
4 0.44646199375 0.4904366578125 0.44646199375 0.559756328125 0.46790776562499997 0.559756328125 0.46790776562499997 0.4904366578125 0.44646199375 0.4904366578125
4 0.44451237812500005 0.4939026421875 0.44451237812500005 0.5164315328125 0.45426045625 0.5164315328125 0.45426045625 0.4939026421875 0.44451237812500005 0.4939026421875
4 0.4191673734375 0.497368625 0.4191673734375 0.56668829375 0.43671391562500006 0.56668829375 0.43671391562500006 0.497368625 0.4191673734375 0.497368625
4 0.386998715625 0.49563563281249995 0.386998715625 0.554557353125 0.40746967968750003 0.554557353125 0.40746967968750003 0.49563563281249995 0.386998715625 0.49563563281249995
2 0 0.9496794640624999 0.41136891093749994 0.9496794640624999 0.41136891093749994 0.3396663765625 0 0.3396663765625 0 0.9496794640624999
2 0.6043808640624999 0.40552006562500004 0.6043808640624999 0.6810657484375 0.9650597671875 0.6810657484375 0.9650597671875 0.40552006562500004 0.6043808640624999 0.40552006562500004
1 0.8500324421875 0.29114260937499997 0.8500324421875 0.6152120609375 0.999976965625 0.6152120609375 0.999976965625 0.29114260937499997 0.8500324421875 0.29114260937499997