2 0.81110571875 0.50841871875 0.81110571875 0.6420304640625 0.9672752906250001 0.6420304640625 0.9672752906250001 0.50841871875 0.81110571875 0.50841871875
2 0.5212159484375001 0.5049482859375 0.5212159484375001 0.55179915625 0.5592822828124999 0.55179915625 0.5592822828124999 0.5049482859375 0.5212159484375001 0.5049482859375
2 0.481197496875 0.506683503125 0.481197496875 0.553534375 0.5270723078125 0.553534375 0.5270723078125 0.506683503125 0.481197496875 0.506683503125
2 0.42751420468749995 0.50147785 0.42751420468749995 0.54312306875 0.4587481203125 0.54312306875 0.4587481203125 0.50147785 0.42751420468749995 0.50147785
2 0.40408877031249996 0.4997426328125 0.40408877031249996 0.5257708953125 0.42263390625 0.5257708953125 0.42263390625 0.4997426328125 0.40408877031249996 0.4997426328125
2 0.321123684375 0.49280176249999996 0.321123684375 0.5240356796875 0.34747729843749997 0.5240356796875 0.34747729843749997 0.49280176249999996 0.321123684375 0.49280176249999996
2 0.3406448796875 0.50147785 0.3406448796875 0.5309765468750001 0.3591900171875 0.5309765468750001 0.3591900171875 0.50147785 0.3406448796875 0.50147785
2 0.3543097171875 0.5032130687499999 0.3543097171875 0.5413878515625 0.38066333281250003 0.5413878515625 0.38066333281250003 0.5032130687499999 0.3543097171875 0.5032130687499999
2 0.368950615625 0.5101539390625 0.368950615625 0.5691513328125 0.41287330781250003 0.5691513328125 0.41287330781250003 0.5101539390625 0.368950615625 0.5101539390625
2 0.282081290625 0.4997426328125 0.282081290625 0.57088655 0.3289321625 0.57088655 0.3289321625 0.4997426328125 0.282081290625 0.4997426328125
2 0.2557276765625 0.489331328125 0.2557276765625 0.506683503125 0.268416453125 0.506683503125 0.268416453125 0.489331328125 0.2557276765625 0.489331328125
2 0.2137571015625 0.48412567500000003 0.2137571015625 0.51709480625 0.24206283750000002 0.51709480625 0.24206283750000002 0.48412567500000003 0.2137571015625 0.48412567500000003
2 0.16593017031249999 0.487596109375 0.16593017031249999 0.5188300265625 0.174714709375 0.5188300265625 0.174714709375 0.487596109375 0.16593017031249999 0.487596109375
2 0.142504734375 0.489331328125 0.142504734375 0.5188300234375001 0.16593017031249999 0.5188300234375001 0.16593017031249999 0.489331328125 0.142504734375 0.489331328125
2 0.033186034375 0.45462697968750004 0.033186034375 0.482390459375 0.044898753125 0.482390459375 0.044898753125 0.45462697968750004 0.033186034375 0.45462697968750004