4 0.8708576671875001 0.6566166531250001 0.8708576671875001 0.792587984375 0.9063680375000001 0.792587984375 0.9063680375000001 0.6566166531250001 0.8708576671875001 0.6566166531250001
2 0.3368363296875 0.65418859375 0.3368363296875 0.746454853125 0.4064912859375 0.746454853125 0.4064912859375 0.65418859375 0.3368363296875 0.65418859375
2 0.1674791765625 0.6396202343749999 0.1674791765625 0.7246023187499999 0.2262078671875 0.7246023187499999 0.2262078671875 0.6396202343749999 0.1674791765625 0.6396202343749999
2 0.2084526828125 0.64204829375 0.2084526828125 0.7076059015625 0.23030521718750002 0.7076059015625 0.23030521718750002 0.64204829375 0.2084526828125 0.64204829375
2 0.20435533125 0.6250518796875 0.20435533125 0.69546560625 0.2412314859375 0.69546560625 0.2412314859375 0.6250518796875 0.20435533125 0.6250518796875
2 0.2344025671875 0.629907996875 0.2344025671875 0.6784691859375 0.252157753125 0.6784691859375 0.252157753125 0.629907996875 0.2344025671875 0.629907996875
2 0.317715359375 0.6396202343749999 0.317715359375 0.6954656046875 0.355957296875 0.6954656046875 0.355957296875 0.6396202343749999 0.317715359375 0.6396202343749999
2 0.3108864421875 0.6444763546875001 0.3108864421875 0.68332530625 0.3272758453125 0.68332530625 0.3272758453125 0.6444763546875001 0.3108864421875 0.6444763546875001
2 0.3013259578125 0.646904415625 0.3013259578125 0.6784691890625 0.3163495765625 0.6784691890625 0.3163495765625 0.646904415625 0.3013259578125 0.646904415625
2 0.2890339078125 0.646904415625 0.2890339078125 0.66875695 0.304057525 0.66875695 0.304057525 0.646904415625 0.2890339078125 0.646904415625
2 0.279473421875 0.646904415625 0.279473421875 0.66390083125 0.29176547343750003 0.66390083125 0.29176547343750003 0.646904415625 0.279473421875 0.646904415625