2 0.34271072187499996 0.465639490625 0.34271072187499996 0.4869664875 0.3523078703125 0.4869664875 0.3523078703125 0.465639490625 0.34271072187499996 0.465639490625
2 0.331913928125 0.46777219062500003 0.331913928125 0.49123189375000004 0.343910365625 0.49123189375000004 0.343910365625 0.46777219062500003 0.331913928125 0.46777219062500003
2 0.313919271875 0.461374090625 0.313919271875 0.49976269375 0.336712503125 0.49976269375 0.336712503125 0.461374090625 0.313919271875 0.461374090625
2 0.301922834375 0.461374090625 0.301922834375 0.512558890625 0.318717846875 0.512558890625 0.318717846875 0.461374090625 0.301922834375 0.461374090625
2 0.2803292484375 0.457108690625 0.2803292484375 0.5168242937499999 0.3103203421875 0.5168242937499999 0.3103203421875 0.457108690625 0.2803292484375 0.457108690625
2 0.2659335234375 0.461374090625 0.2659335234375 0.523222390625 0.289926396875 0.523222390625 0.289926396875 0.461374090625 0.2659335234375 0.461374090625
2 0.24673922187500003 0.459241390625 0.24673922187500003 0.540283990625 0.28032925 0.540283990625 0.28032925 0.459241390625 0.24673922187500003 0.459241390625
2 0.201152759375 0.44857789062500003 0.201152759375 0.557345590625 0.2671331640625 0.557345590625 0.2671331640625 0.44857789062500003 0.201152759375 0.44857789062500003
2 0.135172353125 0.44431249062499995 0.135172353125 0.589336090625 0.22514563437500001 0.589336090625 0.22514563437500001 0.44431249062499995 0.135172353125 0.44431249062499995
2 0 0.7045018875 0.028404059375000002 0.7045018875 0.028404059375000002 0.521089690625 0 0.521089690625 0 0.7045018875
2 0 0.6490516890625 0.173560953125 0.6490516890625 0.173560953125 0.429383590625 0 0.429383590625 0 0.6490516890625
2 0.3858978984375 0.472037590625 0.3858978984375 0.49549729375 0.397894334375 0.49549729375 0.397894334375 0.472037590625 0.3858978984375 0.472037590625
2 0.395495046875 0.47417029062499993 0.395495046875 0.5018953890625 0.4074914859375 0.5018953890625 0.4074914859375 0.47417029062499993 0.395495046875 0.47417029062499993
2 0.4038925546875 0.47417029062499993 0.4038925546875 0.5104261906249999 0.421887209375 0.5104261906249999 0.421887209375 0.47417029062499993 0.4038925546875 0.47417029062499993
2 0.4170886359375 0.46990489062499996 0.4170886359375 0.521089690625 0.438682221875 0.521089690625 0.438682221875 0.46990489062499996 0.4170886359375 0.46990489062499996
2 0.43028471718750005 0.47417029062499993 0.43028471718750005 0.5296204906249999 0.451878303125 0.5296204906249999 0.451878303125 0.47417029062499993 0.43028471718750005 0.47417029062499993
2 0.44348079843750005 0.446445190625 0.44348079843750005 0.54668209375 0.4842686859375 0.54668209375 0.4842686859375 0.446445190625 0.44348079843750005 0.446445190625
2 0.4638747421875 0.44857789062500003 0.4638747421875 0.5850706906250001 0.5610458859375 0.5850706906250001 0.5610458859375 0.44857789062500003 0.4638747421875 0.44857789062500003
2 0.5214576421875 0.45497599062500005 0.5214576421875 0.6490516875 0.6342241546875 0.6490516875 0.6342241546875 0.45497599062500005 0.5214576421875 0.45497599062500005
2 0.5922366218749999 0.41445469062500007 0.5922366218749999 0.7663501921875 0.9269372312499999 0.7663501921875 0.9269372312499999 0.41445469062500007 0.5922366218749999 0.41445469062500007