2 0.11795175 0.7399874671875 0.11795175 0.9219515984375001 0.25539965625 0.9219515984375001 0.25539965625 0.7399874671875 0.11795175 0.7399874671875
6 0.30608966406250004 0.7469194328125 0.30608966406250004 0.901155696875 0.3957719859375 0.901155696875 0.3957719859375 0.7469194328125 0.30608966406250004 0.7469194328125
2 0.045815970312499996 0.7763802921875 0.045815970312499996 0.84396696875 0.12282578749999999 0.84396696875 0.12282578749999999 0.7763802921875 0.045815970312499996 0.7763802921875
2 0.2924423546875 0.772914309375 0.2924423546875 0.8179720937500001 0.3216865890625 0.8179720937500001 0.3216865890625 0.772914309375 0.2924423546875 0.772914309375
2 0.2797698515625 0.7902442265625 0.2797698515625 0.8075741437499999 0.2904927390625 0.8075741437499999 0.2904927390625 0.7902442265625 0.2797698515625 0.7902442265625
2 0.386998715625 0.759050378125 0.386998715625 0.8491659468750001 0.4084444875 0.8491659468750001 0.4084444875 0.759050378125 0.386998715625 0.759050378125
2 0.50397565625 0.74518644375 0.50397565625 0.9974993140624999 0.6989112578125 0.9974993140624999 0.6989112578125 0.74518644375 0.50397565625 0.74518644375
2 0.4737566125 0.7850452515625 0.4737566125 0.9063546734375001 0.5332198921875 0.9063546734375001 0.5332198921875 0.7850452515625 0.4737566125 0.7850452515625
2 0.4581596859375 0.772914309375 0.4581596859375 0.8872917656249999 0.529320659375 0.8872917656249999 0.529320659375 0.772914309375 0.4581596859375 0.772914309375
2 0.4318398765625 0.772914309375 0.4318398765625 0.84223398125 0.468882575 0.84223398125 0.468882575 0.772914309375 0.4318398765625 0.772914309375
2 0.41526814375 0.7850452515625 0.41526814375 0.8439669703125 0.43086506875 0.8439669703125 0.43086506875 0.7850452515625 0.41526814375 0.7850452515625
2 0.41039410312499996 0.7763802921875 0.41039410312499996 0.8335690203125001 0.42111698906250006 0.8335690203125001 0.42111698906250006 0.7763802921875 0.41039410312499996 0.7763802921875
2 0.967984190625 0.7521184078125 0.967984190625 0.9288835656250001 0.9994969890625001 0.9288835656250001 0.9994969890625001 0.7521184078125 0.967984190625 0.7521184078125
2 0.7018616484375 0.7295895171875 0.7018616484375 0.87862680625 0.88348144375 0.87862680625 0.88348144375 0.7295895171875 0.7018616484375 0.7295895171875
6 0.5985320171875 0.73132250625 0.5985320171875 0.7781132828125 0.6716426046875 0.7781132828125 0.6716426046875 0.73132250625 0.5985320171875 0.73132250625