2 0.32330539375 0.320672734375 0.32330539375 0.35670970468749996 0.3744033453125 0.35670970468749996 0.3744033453125 0.320672734375 0.32330539375 0.320672734375
2 0.127295775 0.319844628125 0.127295775 0.39376661875 0.24580196562499998 0.39376661875 0.24580196562499998 0.319844628125 0.127295775 0.319844628125
2 0.6987360984375 0.3005390984375 0.6987360984375 0.35043644375 0.7377184 0.35043644375 0.7377184 0.3005390984375 0.6987360984375 0.3005390984375
2 0.6188656859375 0.30400419375 0.6188656859375 0.3123204171875 0.62458309375 0.3123204171875 0.62458309375 0.30400419375 0.6188656859375 0.30400419375
2 0.5616916468750001 0.3104723640625 0.5616916468750001 0.31971261093750003 0.5694881078125 0.31971261093750003 0.5694881078125 0.3104723640625 0.5616916468750001 0.3104723640625
2 0.5310255703125 0.3160165171875 0.5310255703125 0.3280288421875 0.540381321875 0.3280288421875 0.540381321875 0.3160165171875 0.5310255703125 0.3160165171875
2 0.5422871328125 0.32063664062499997 0.5422871328125 0.3326489640625 0.5526824140625 0.3326489640625 0.5526824140625 0.32063664062499997 0.5422871328125 0.32063664062499997
2 0.517858225 0.32433273749999997 0.517858225 0.3335729859375 0.5303325625 0.3335729859375 0.5303325625 0.32433273749999997 0.517858225 0.32433273749999997
2 0.5095419999999999 0.327104815625 0.5095419999999999 0.3335729890625 0.5173384624999999 0.3335729890625 0.5173384624999999 0.327104815625 0.5095419999999999 0.327104815625
2 0.47679686875 0.325256765625 0.47679686875 0.34188921250000004 0.49862695781250005 0.34188921250000004 0.49862695781250005 0.325256765625 0.47679686875 0.325256765625
2 0.4482098484375 0.328952865625 0.4482098484375 0.34188921250000004 0.4622434765625 0.34188921250000004 0.4622434765625 0.328952865625 0.4482098484375 0.328952865625
2 0.4372948046875 0.3317249390625 0.4372948046875 0.34188921250000004 0.44976914375000004 0.34188921250000004 0.44976914375000004 0.3317249390625 0.4372948046875 0.3317249390625
2 0.37440336093750004 0.3317249390625 0.37440336093750004 0.3474333625 0.40402990625 0.3474333625 0.40402990625 0.3317249390625 0.37440336093750004 0.3317249390625
2 0.6441608796875 0.2990760640625 0.6441608796875 0.31293644062500003 0.6509178125 0.31293644062500003 0.6509178125 0.2990760640625 0.6441608796875 0.2990760640625
2 0.6311667796875 0.3036961890625 0.6311667796875 0.3120124125 0.6389632390625 0.3120124125 0.6389632390625 0.3036961890625 0.6311667796875 0.3036961890625
2 0.6254493734375 0.3101643625 0.6254493734375 0.3212526578125 0.63272606875 0.3212526578125 0.63272606875 0.3101643625 0.6254493734375 0.3101643625
2 0.603099521875 0.31293643437499996 0.603099521875 0.3267968109375 0.6129750375 0.3267968109375 0.6129750375 0.31293643437499996 0.603099521875 0.31293643437499996
2 0.6129750390625001 0.31848058749999997 0.6129750390625001 0.334189009375 0.624929609375 0.334189009375 0.624929609375 0.31848058749999997 0.6129750390625001 0.31848058749999997
2 0.6327260703124999 0.316632534375 0.6327260703124999 0.3332649875 0.6415620578125 0.3332649875 0.6415620578125 0.316632534375 0.6327260703124999 0.316632534375
2 0.6524771046875 0.3073922890625 0.6524771046875 0.32402473593750003 0.6633921453125 0.32402473593750003 0.6633921453125 0.3073922890625 0.6524771046875 0.3073922890625
2 0.689900109375 0.31293643437499996 0.689900109375 0.333264984375 0.6976965703125 0.333264984375 0.6976965703125 0.31293643437499996 0.689900109375 0.31293643437499996
2 0.6976965703125 0.3027721609375 0.6976965703125 0.33234095625000004 0.7075720875 0.33234095625000004 0.7075720875 0.3027721609375 0.6976965703125 0.3027721609375
2 0.6685897859375001 0.3110883875 0.6685897859375001 0.3397331625 0.6904198734375 0.3397331625 0.6904198734375 0.3110883875 0.6685897859375001 0.3110883875
2 0.5578800546875 0.3277208390625 0.5578800546875 0.3462013359375 0.5713939203125 0.3462013359375 0.5713939203125 0.3277208390625 0.5578800546875 0.3277208390625
2 0.57607179375 0.3212526609375 0.57607179375 0.35082145625 0.5999809375 0.35082145625 0.5999809375 0.3212526609375 0.57607179375 0.3212526609375