2 0.1662944375 0.39890596875 0.1662944375 0.4317184453125 0.1860698140625 0.4317184453125 0.1860698140625 0.39890596875 0.1662944375 0.39890596875
2 0.11356009843749999 0.3871872265625 0.11356009843749999 0.445780934375 0.1689311546875 0.445780934375 0.1689311546875 0.3871872265625 0.11356009843749999 0.3871872265625
2 0.034458590625 0.42703094999999996 0.034458590625 0.46218717500000006 0.0515972515625 0.46218717500000006 0.0515972515625 0.42703094999999996 0.034458590625 0.42703094999999996
2 0.4721536015625 0.3707809875 0.4721536015625 0.41296846093750006 0.48929226249999996 0.41296846093750006 0.48929226249999996 0.3707809875 0.4721536015625 0.3707809875
2 0.48401882812499997 0.36609349375 0.48401882812499997 0.4082809625 0.5143410734375 0.4082809625 0.5143410734375 0.36609349375 0.48401882812499997 0.36609349375
2 0.502475846875 0.368437240625 0.502475846875 0.41531220625 0.536753165625 0.41531220625 0.536753165625 0.368437240625 0.502475846875 0.368437240625
2 0.5723488453125001 0.36609349375 0.5723488453125001 0.43874969375 0.6198097515625001 0.43874969375 0.6198097515625001 0.36609349375 0.5723488453125001 0.36609349375
2 0.606626165625 0.34968725156249997 0.606626165625 0.45281218125 0.6817725984375 0.45281218125 0.6817725984375 0.34968725156249997 0.606626165625 0.34968725156249997
2 0.6540870703125 0.34265600625000003 0.6540870703125 0.47390591562499995 0.7727393328125001 0.47390591562499995 0.7727393328125001 0.34265600625000003 0.6540870703125 0.34265600625000003
2 0.287583415625 0.38249973125 0.287583415625 0.40593721406250005 0.298130284375 0.40593721406250005 0.298130284375 0.38249973125 0.287583415625 0.38249973125
2 0.30208535937500003 0.38015598125 0.30208535937500003 0.4012497171875 0.31395058593749997 0.4012497171875 0.31395058593749997 0.38015598125 0.30208535937500003 0.38015598125
2 0.335044321875 0.38249973125 0.335044321875 0.39890596875 0.3508646234375 0.39890596875 0.3508646234375 0.38249973125 0.335044321875 0.38249973125
2 0.3508646234375 0.38015598125 0.3508646234375 0.41296845937500004 0.37723179375 0.41296845937500004 0.37723179375 0.38015598125 0.3508646234375 0.38015598125
2 0.41678254687500005 0.35906224375 0.41678254687500005 0.40828096093750005 0.4444680734375 0.40828096093750005 0.4444680734375 0.35906224375 0.41678254687500005 0.35906224375
2 0.5235695812500001 0.3778122328125 0.5235695812500001 0.4270309484375 0.5670754109375 0.4270309484375 0.5670754109375 0.3778122328125 0.5235695812500001 0.3778122328125
2 0.7358252953125 0.314531025 0.7358252953125 0.5114058921875 0.95730951875 0.5114058921875 0.95730951875 0.314531025 0.7358252953125 0.314531025
2 0.2414408703125 0.3871872265625 0.2414408703125 0.41296845937500004 0.26648968125 0.41296845937500004 0.26648968125 0.3871872265625 0.2414408703125 0.3871872265625
6 0 0.46921842031249994 0.039732025 0.46921842031249994 0.039732025 0.3731247359375 0 0.3731247359375 0 0.46921842031249994
4 0.0534484625 0.3899998640625 0.0534484625 0.44624984375 0.06715939531250001 0.44624984375 0.06715939531250001 0.3899998640625 0.0534484625 0.3899998640625