4 0.01407203125 0.6376269984375 0.01407203125 0.7108473234375 0.0243686390625 0.7108473234375 0.0243686390625 0.6376269984375 0.01407203125 0.6376269984375
4 0.029516945312499997 0.634576153125 0.029516945312499997 0.72762698125 0.04496185625 0.72762698125 0.04496185625 0.634576153125 0.029516945312499997 0.634576153125
2 0.034665248437500004 0.59674566875 0.034665248437500004 0.7416608953125 0.175385559375 0.7416608953125 0.175385559375 0.59674566875 0.034665248437500004 0.59674566875
2 0.2002690296875 0.6254236093750001 0.2002690296875 0.7047456296875 0.2723452890625 0.7047456296875 0.2723452890625 0.6254236093750001 0.2002690296875 0.6254236093750001
2 0.261190628125 0.6193219171875 0.261190628125 0.69254224375 0.2946546046875 0.69254224375 0.2946546046875 0.6193219171875 0.261190628125 0.6193219171875
2 0.29637070625 0.6299998796875 0.29637070625 0.674237159375 0.319538075 0.674237159375 0.319538075 0.6299998796875 0.29637070625 0.6299998796875
2 0.3761694203125 0.6315253046875 0.3761694203125 0.668135465625 0.399336790625 0.668135465625 0.399336790625 0.6315253046875 0.3761694203125 0.6315253046875
2 0.401910940625 0.6376269984375 0.401910940625 0.649830384375 0.41049144687499994 0.649830384375 0.41049144687499994 0.6376269984375 0.401910940625 0.6376269984375
2 0.41220755000000003 0.6376269984375 0.41220755000000003 0.649830384375 0.42250415781250006 0.649830384375 0.42250415781250006 0.6376269984375 0.41220755000000003 0.6376269984375
6 0.319538075 0.5857625984375 0.319538075 0.68949139375 0.3838918765625 0.68949139375 0.3838918765625 0.5857625984375 0.319538075 0.5857625984375
6 0.47484525 0.6013219390625 0.47484525 0.65776260625 0.4825677046875 0.65776260625 0.4825677046875 0.6013219390625 0.47484525 0.6013219390625
6 0.4817096546875 0.59674566875 0.4817096546875 0.654711759375 0.518605834375 0.654711759375 0.518605834375 0.59674566875 0.4817096546875 0.59674566875
2 0.4817096546875 0.6440337953124999 0.4817096546875 0.66996599375 0.4962965171875 0.66996599375 0.4962965171875 0.6440337953124999 0.4817096546875 0.6440337953124999
2 0.5254702390625 0.6425083703125 0.5254702390625 0.6714914171874999 0.5426312531249999 0.6714914171874999 0.5426312531249999 0.6425083703125 0.5254702390625 0.6425083703125
2 0.49458041406250003 0.6211524421875 0.49458041406250003 0.67911853125 0.5271863406249999 0.67911853125 0.5271863406249999 0.6211524421875 0.49458041406250003 0.6211524421875
2 0.418213903125 0.6119999046875 0.418213903125 0.7203049671875 0.4817096546875 0.7203049671875 0.4817096546875 0.6119999046875 0.418213903125 0.6119999046875
2 0.5391990515625 0.6196270203124999 0.5391990515625 0.68369480625 0.5863918390625 0.68369480625 0.5863918390625 0.6196270203124999 0.5391990515625 0.6196270203124999
6 0.7144344375 0.35585950624999996 0.7144344375 0.365012046875 0.7212988421875 0.365012046875 0.7212988421875 0.35585950624999996 0.7144344375 0.35585950624999996
6 0.80570959375 0.45762703125000004 0.80570959375 0.8893218656249999 0.998770996875 0.8893218656249999 0.998770996875 0.45762703125000004 0.80570959375 0.45762703125000004