2 0.0009563921875 0.44614634531249997 0.0009563921875 0.83822461875 0.21081616250000002 0.83822461875 0.21081616250000002 0.44614634531249997 0.0009563921875 0.44614634531249997
2 0.1778889484375 0.5566627765625001 0.1778889484375 0.602569603125 0.21805741875 0.602569603125 0.21805741875 0.5566627765625001 0.1778889484375 0.5566627765625001
2 0.22379577187500002 0.5644839234375 0.22379577187500002 0.5984889796874999 0.2515311453125 0.5984889796874999 0.2515311453125 0.5644839234375 0.22379577187500002 0.5644839234375
2 0.2610950671875 0.555982659375 0.2610950671875 0.59168796875 0.2783101265625 0.59168796875 0.2783101265625 0.555982659375 0.2610950671875 0.555982659375
2 0.28691765625 0.562783671875 0.28691765625 0.584886953125 0.297437971875 0.584886953125 0.297437971875 0.562783671875 0.28691765625 0.562783671875
2 0.303176325 0.5695846812500001 0.303176325 0.5848869546875 0.3108274609375 0.5848869546875 0.3108274609375 0.5695846812500001 0.303176325 0.5695846812500001
2 0.324216953125 0.55428240625 0.324216953125 0.586587209375 0.339519228125 0.586587209375 0.339519228125 0.55428240625 0.324216953125 0.55428240625
2 0.46729322812499996 0.518577096875 0.46729322812499996 0.605289990625 0.520086090625 0.605289990625 0.520086090625 0.518577096875 0.46729322812499996 0.518577096875
2 0.519320959375 0.5134763390625 0.519320959375 0.63589454375 0.6273932765625 0.63589454375 0.6273932765625 0.5134763390625 0.519320959375 0.5134763390625
2 0.3944434609375 0.5304788671875 0.3944434609375 0.6154915109375 0.44608864062500003 0.6154915109375 0.44608864062500003 0.5304788671875 0.3944434609375 0.5304788671875
2 0.33036518593749997 0.5440808890625 0.33036518593749997 0.6154915062499999 0.37627200781250003 0.6154915062499999 0.37627200781250003 0.5440808890625 0.33036518593749997 0.5440808890625
6 0.35714416718750003 0.5083755828125 0.35714416718750003 0.5933882234375 0.39061789375 0.5933882234375 0.39061789375 0.5083755828125 0.35714416718750003 0.5083755828125