2 0.254015115625 0.375615290625 0.254015115625 0.3924968796875 0.26825895625 0.3924968796875 0.26825895625 0.375615290625 0.254015115625 0.375615290625
2 0.277754846875 0.38218035 0.277754846875 0.3962483375 0.29595530625 0.3962483375 0.29595530625 0.38218035 0.277754846875 0.38218035
2 0.29595530625 0.37936675468750003 0.29595530625 0.39343474375 0.3078251703125 0.39343474375 0.3078251703125 0.37936675468750003 0.29595530625 0.37936675468750003
2 0.2215708171875 0.369284696875 0.2215708171875 0.390386678125 0.2397712796875 0.390386678125 0.2397712796875 0.369284696875 0.2215708171875 0.369284696875
2 0.2017877109375 0.3678779015625 0.2017877109375 0.38897987968750003 0.2326493609375 0.38897987968750003 0.2326493609375 0.3678779015625 0.2017877109375 0.3678779015625
2 0.1926414359375 0.37350509375 0.1926414359375 0.3917934765625 0.2255274390625 0.3917934765625 0.2255274390625 0.37350509375 0.1926414359375 0.37350509375
2 0.3062425234375 0.3819458875 0.3062425234375 0.3932002796875 0.31336444218750004 0.3932002796875 0.31336444218750004 0.3819458875 0.3062425234375 0.3819458875
2 0.3181123890625 0.3805390875 0.3181123890625 0.3946070796875 0.3244429828125 0.3946070796875 0.3244429828125 0.3805390875 0.3181123890625 0.3805390875
2 0.3252343078125 0.3819458875 0.3252343078125 0.397420671875 0.3347302 0.397420671875 0.3347302 0.3819458875 0.3252343078125 0.3819458875
2 0.3347302 0.3791322921875 0.3347302 0.398827475 0.3442260921875 0.398827475 0.3442260921875 0.3791322921875 0.3347302 0.3791322921875
2 0.3434347671875 0.3791322921875 0.3434347671875 0.40164107031249996 0.3560959578125 0.40164107031249996 0.3560959578125 0.3791322921875 0.3434347671875 0.3791322921875
2 0.35846993125000004 0.37871025 0.35846993125000004 0.40867506249999996 0.369548471875 0.40867506249999996 0.369548471875 0.37871025 0.35846993125000004 0.37871025
2 0.36559185 0.377725490625 0.36559185 0.41430226093750006 0.37825303906249996 0.41430226093750006 0.37825303906249996 0.377725490625 0.36559185 0.377725490625
2 0.37192244375 0.3805390875 0.37192244375 0.41711585468749995 0.3996187953125 0.41711585468749995 0.3996187953125 0.3805390875 0.37192244375 0.3805390875
2 0.3877489328125 0.386166284375 0.3877489328125 0.4213362515625 0.3972448234375 0.4213362515625 0.3972448234375 0.386166284375 0.3877489328125 0.386166284375
2 0.3964535 0.377725490625 0.3964535 0.42555665156250005 0.4186105828125 0.42555665156250005 0.4186105828125 0.377725490625 0.3964535 0.377725490625
2 0.408323365625 0.3819458875 0.408323365625 0.4311838484375 0.42810647187499995 0.4311838484375 0.42810647187499995 0.3819458875 0.408323365625 0.3819458875
2 0.41781925624999994 0.3805390875 0.41781925624999994 0.43962463749999997 0.4613420953125 0.43962463749999997 0.4613420953125 0.3805390875 0.41781925624999994 0.3805390875
2 0.16380414062499998 0.3636575 0.16380414062499998 0.4002342703125 0.2009963859375 0.4002342703125 0.2009963859375 0.3636575 0.16380414062499998 0.3636575
2 0.15114295 0.3636575 0.15114295 0.3974206734375 0.1851699 0.3974206734375 0.1851699 0.3636575 0.15114295 0.3636575
2 0.1392730859375 0.362250703125 0.1392730859375 0.40164107343750005 0.17725665156249998 0.40164107343750005 0.17725665156249998 0.362250703125 0.1392730859375 0.362250703125
2 0.1289858671875 0.3650642984375 0.1289858671875 0.41148866249999994 0.1630128171875 0.41148866249999994 0.1630128171875 0.3650642984375 0.1289858671875 0.3650642984375
2 0.11711600468750001 0.36084390625 0.11711600468750001 0.40023427656250005 0.1527255984375 0.40023427656250005 0.1527255984375 0.36084390625 0.11711600468750001 0.36084390625
2 0.0822977328125 0.36084390625 0.0822977328125 0.41852265624999996 0.14560367968750001 0.41852265624999996 0.14560367968750001 0.36084390625 0.0822977328125 0.36084390625
2 0.2421452515625 0.377725490625 0.2421452515625 0.3917934765625 0.2492671703125 0.3917934765625 0.2492671703125 0.377725490625 0.2421452515625 0.377725490625
2 0.04363164375 0.364642259375 0.04363164375 0.41810061562499995 0.1251380515625 0.41810061562499995 0.1251380515625 0.364642259375 0.04363164375 0.364642259375
2 0.4353371984375 0.3871510421875 0.4353371984375 0.453270590625 0.48993857656250006 0.453270590625 0.48993857656250006 0.3871510421875 0.4353371984375 0.3871510421875
2 0.8839278453125001 0.42141318906249997 0.8839278453125001 0.524109503125 0.9994612 0.524109503125 0.9994612 0.42141318906249997 0.8839278453125001 0.42141318906249997