2 0.44007886249999995 0.41244105937500003 0.44007886249999995 0.43795287812500006 0.4568209953125 0.43795287812500006 0.4568209953125 0.41244105937500003 0.44007886249999995 0.41244105937500003
2 0.471171390625 0.4188190140625 0.471171390625 0.4422048453125 0.484325921875 0.4422048453125 0.484325921875 0.4188190140625 0.471171390625 0.4188190140625
2 0.44964579374999997 0.406063103125 0.44964579374999997 0.4507087921875 0.4747589890625 0.4507087921875 0.4747589890625 0.406063103125 0.44964579374999997 0.406063103125
2 0.41137806718750003 0.406063103125 0.41137806718750003 0.4528347703125 0.4412747296875 0.4528347703125 0.4412747296875 0.406063103125 0.41137806718750003 0.406063103125
2 0.3444095453125 0.37204734687499996 0.3444095453125 0.4810493109375 0.4161615328125 0.4810493109375 0.4161615328125 0.37204734687499996 0.3444095453125 0.37204734687499996
2 0.30494595156250004 0.40181113437500005 0.30494595156250004 0.46559068124999997 0.34799714531250003 0.46559068124999997 0.34799714531250003 0.40181113437500005 0.30494595156250004 0.40181113437500005
2 0.4855217875 0.4166930296875 0.4855217875 0.442204846875 0.49867631875 0.442204846875 0.49867631875 0.4166930296875 0.4855217875 0.4166930296875
2 0.4950887203125 0.4188190140625 0.4950887203125 0.44858279999999995 0.510634984375 0.44858279999999995 0.510634984375 0.4188190140625 0.4950887203125 0.4188190140625
2 0.49987218593750005 0.4166930296875 0.49987218593750005 0.4570867359375 0.52857298125 0.4570867359375 0.52857298125 0.4166930296875 0.49987218593750005 0.4166930296875
2 0.63380923125 0.41456704375 0.63380923125 0.4592127296875 0.6840356234375 0.4592127296875 0.6840356234375 0.41456704375 0.63380923125 0.41456704375
2 0.65294309375 0.4166930296875 0.65294309375 0.46559068124999997 0.7079529515625 0.46559068124999997 0.7079529515625 0.4166930296875 0.65294309375 0.4166930296875
2 0.5505769171875 0.3954331796875 0.5505769171875 0.51448833125 0.6318958375 0.51448833125 0.6318958375 0.3954331796875 0.5505769171875 0.3954331796875
2 0.002885921875 0.26157853750000004 0.002885921875 0.6590553 0.3045473265625 0.6590553 0.3045473265625 0.26157853750000004 0.002885921875 0.26157853750000004
4 0.5297688468749999 0.41456704375 0.5297688468749999 0.45496075625000004 0.5393357796875 0.45496075625000004 0.5393357796875 0.41456704375 0.5297688468749999 0.41456704375
4 0.6457678953125 0.40393711874999993 0.6457678953125 0.48685053125 0.6625100265625 0.48685053125 0.6625100265625 0.40393711874999993 0.6457678953125 0.40393711874999993
4 0.75459174375 0.40181113437500005 0.75459174375 0.49960643749999994 0.7785090734375 0.49960643749999994 0.7785090734375 0.40181113437500005 0.75459174375 0.40181113437500005
4 0.7486124125 0.41456704375 0.7486124125 0.49960643749999994 0.7641586765625 0.49960643749999994 0.7641586765625 0.41456704375 0.7486124125 0.41456704375
4 0.7115405515625 0.406063103125 0.7115405515625 0.49535446875 0.7306744140625 0.49535446875 0.7306744140625 0.406063103125 0.7115405515625 0.406063103125
4 0.9404294234374999 0.3784253015625 0.9404294234374999 0.55063006875 0.9703260859375 0.55063006875 0.9703260859375 0.3784253015625 0.9404294234374999 0.3784253015625
0 0.7321094687499999 0.4464568171875 0.7321094687499999 0.5102363609375 0.7608102640625 0.5102363609375 0.7608102640625 0.4464568171875 0.7321094687499999 0.4464568171875
0 0.696233475 0.45070878593749997 0.696233475 0.5059843921875 0.7285218703125 0.5059843921875 0.7285218703125 0.45070878593749997 0.696233475 0.45070878593749997