2 0.449185165625 0.42506284843750003 0.449185165625 0.4420653625 0.472138559375 0.4420653625 0.472138559375 0.42506284843750003 0.449185165625 0.42506284843750003
2 0.41092950781250004 0.414861340625 0.41092950781250004 0.4624683796875 0.4408964390625 0.4624683796875 0.4408964390625 0.414861340625 0.41092950781250004 0.414861340625
2 0.38415054843749996 0.41712834218749995 0.38415054843749996 0.4534003703125 0.40582875312500005 0.4534003703125 0.40582875312500005 0.41712834218749995 0.38415054843749996 0.41712834218749995
2 0.5556634078125 0.414861340625 0.5556634078125 0.4874053984375 0.6187852421875 0.4874053984375 0.6187852421875 0.414861340625 0.5556634078125 0.414861340625
2 0.46958818124999996 0.40352633125 0.46958818124999996 0.5406799437500001 0.564589728125 0.5406799437500001 0.564589728125 0.40352633125 0.46958818124999996 0.40352633125
2 0.2744843328125 0.3944583234375 0.2744843328125 0.54294694375 0.4000904046875 0.54294694375 0.4000904046875 0.3944583234375 0.2744843328125 0.3944583234375
2 0.6231447875 0.4227958453125 0.6231447875 0.43186385468750005 0.635896671875 0.43186385468750005 0.635896671875 0.4227958453125 0.6231447875 0.4227958453125
2 0.6441853984375 0.42052884375 0.6441853984375 0.43073035312499997 0.6601252546875 0.43073035312499997 0.6601252546875 0.42052884375 0.6441853984375 0.42052884375
2 0.6703267625 0.4137278390625 0.6703267625 0.4284633515625 0.680528271875 0.4284633515625 0.680528271875 0.4137278390625 0.6703267625 0.4137278390625
2 0.6818034625 0.41712834218749995 0.6818034625 0.4284633515625 0.6920049703125 0.4284633515625 0.6920049703125 0.41712834218749995 0.6818034625 0.41712834218749995
2 0.6856290265625 0.4216623453125 0.6856290265625 0.43526435625 0.6996561015625 0.43526435625 0.6996561015625 0.4216623453125 0.6856290265625 0.4216623453125
2 0.787644109375 0.38765731875 0.787644109375 0.44999986875 0.9158005578124999 0.44999986875 0.9158005578124999 0.38765731875 0.787644109375 0.38765731875
2 0.8960351359375001 0.38992431875 0.8960351359375001 0.46473538124999997 0.9986878125 0.46473538124999997 0.9986878125 0.38992431875 0.8960351359375001 0.38992431875