2 0.45354843125000005 0.5004185750000001 0.45354843125000005 0.5253800703125 0.475779765625 0.5253800703125 0.475779765625 0.5004185750000001 0.45354843125000005 0.5004185750000001
2 0.4699294125 0.5105220312500001 0.4699294125 0.52716303125 0.4921607484375 0.52716303125 0.4921607484375 0.5105220312500001 0.4699294125 0.5105220312500001
2 0.498011096875 0.5105220312500001 0.498011096875 0.5458841515625 0.5214125015625 0.5458841515625 0.5214125015625 0.5105220312500001 0.498011096875 0.5105220312500001
2 0.5120519390625 0.51468228125 0.5120519390625 0.5604450265625001 0.533113203125 0.5604450265625001 0.533113203125 0.51468228125 0.5120519390625 0.51468228125
2 0.6372494468750001 0.52508290625 0.6372494468750001 0.5729257765625 0.6746916921875 0.5729257765625 0.6746916921875 0.52508290625 0.6372494468750001 0.52508290625
2 0.6723515515625 0.53132328125 0.6723515515625 0.5770860234375 0.7156441484375 0.5770860234375 0.7156441484375 0.53132328125 0.6723515515625 0.53132328125
2 0.7051135171875 0.53964378125 0.7051135171875 0.5958071484375 0.7636170250000001 0.5958071484375 0.7636170250000001 0.53964378125 0.7051135171875 0.53964378125
2 0.47226955468750004 0.51468228125 0.47226955468750004 0.57084565 0.5073716593750001 0.57084565 0.5073716593750001 0.51468228125 0.47226955468750004 0.51468228125
2 0.45354843125000005 0.520922653125 0.45354843125000005 0.5874866453124999 0.5015213078125 0.5874866453124999 0.5015213078125 0.520922653125 0.45354843125000005 0.520922653125
6 0.52609278125 0.45851891718750004 0.52609278125 0.593727025 0.58342621875 0.593727025 0.58342621875 0.45851891718750004 0.52609278125 0.45851891718750004
0 0.5728955874999999 0.5583649 0.5728955874999999 0.61036801875 0.6091677625 0.61036801875 0.6091677625 0.5583649 0.5728955874999999 0.5583649
5 0.5881065000000001 0.51260215625 0.5881065000000001 0.59996739375 0.6079976921875 0.59996739375 0.6079976921875 0.51260215625 0.5881065000000001 0.51260215625
4 0.627888884375 0.53132328125 0.627888884375 0.61244814375 0.6395895859375 0.61244814375 0.6395895859375 0.53132328125 0.627888884375 0.53132328125
4 0.7729775859375 0.5188425296875 0.7729775859375 0.6103680203125 0.7916987093750001 0.6103680203125 0.7916987093750001 0.5188425296875 0.7729775859375 0.5188425296875
4 0.865413128125 0.552124525 0.865413128125 0.6353295171875 0.88296418125 0.6353295171875 0.88296418125 0.552124525 0.865413128125 0.552124525
4 0.9262567765625 0.5542046515625 0.9262567765625 0.62076864375 0.943807828125 0.62076864375 0.943807828125 0.5542046515625 0.9262567765625 0.5542046515625
4 0.2581467140625 0.48764065937499995 0.2581467140625 0.5687655234375 0.2686773453125 0.5687655234375 0.2686773453125 0.48764065937499995 0.2581467140625 0.48764065937499995
4 0.2639970640625 0.4855605359375 0.2639970640625 0.5666854 0.2768678359375 0.5666854 0.2768678359375 0.4855605359375 0.2639970640625 0.4855605359375
4 0.2487861515625 0.4730797875 0.2487861515625 0.562525153125 0.259316784375 0.562525153125 0.259316784375 0.4730797875 0.2487861515625 0.4730797875
4 0.12709885468749998 0.35867292812499996 0.12709885468749998 0.8807842375 0.26984741562500003 0.8807842375 0.26984741562500003 0.35867292812499996 0.12709885468749998 0.35867292812499996