4 0.538979696875 0.3827454859375 0.538979696875 0.5387907859375 0.582336109375 0.5387907859375 0.582336109375 0.3827454859375 0.538979696875 0.3827454859375
0 0.5447180453125 0.44811071093750005 0.5447180453125 0.53539028125 0.57978573125 0.53539028125 0.57978573125 0.44811071093750005 0.5447180453125 0.44811071093750005
2 0.667433678125 0.38879081718749997 0.667433678125 0.469269384375 0.7509585249999999 0.469269384375 0.7509585249999999 0.38879081718749997 0.667433678125 0.38879081718749997
2 0.34302571875 0.43186385468750005 0.34302571875 0.45906787656250003 0.3640663296875 0.45906787656250003 0.3640663296875 0.43186385468750005 0.34302571875 0.43186385468750005
2 0.33601218125 0.43073035312499997 0.33601218125 0.45566737343749997 0.346851284375 0.45566737343749997 0.346851284375 0.43073035312499997 0.33601218125 0.43073035312499997
2 0.2723802796875 0.4329973546875 0.2723802796875 0.4568008734375 0.283856978125 0.4568008734375 0.283856978125 0.4329973546875 0.2723802796875 0.4329973546875
2 0.2787562234375 0.42732985 0.2787562234375 0.439798359375 0.2864073546875 0.439798359375 0.2864073546875 0.42732985 0.2787562234375 0.42732985
2 0.2832193828125 0.43942053281250004 0.2832193828125 0.4620905515625 0.3004344296875 0.4620905515625 0.3004344296875 0.43942053281250004 0.2832193828125 0.43942053281250004
2 0.26409155625 0.4205288453125 0.26409155625 0.4329973546875 0.2711050921875 0.4329973546875 0.2711050921875 0.4205288453125 0.26409155625 0.4205288453125
2 0.2494268875 0.43073035312499997 0.2494268875 0.470402884375 0.2774810359375 0.470402884375 0.2774810359375 0.43073035312499997 0.2494268875 0.43073035312499997
2 0.2308091265625 0.43668123124999997 0.2308091265625 0.476353765625 0.270977565625 0.476353765625 0.270977565625 0.43668123124999997 0.2308091265625 0.43668123124999997
2 0.0433564109375 0.41939534375000004 0.0433564109375 0.5361459390625 0.2492993609375 0.5361459390625 0.2492993609375 0.41939534375000004 0.0433564109375 0.41939534375000004
2 0.30005186875 0.43186385468750005 0.30005186875 0.48060439375 0.3281060171875 0.48060439375 0.3281060171875 0.43186385468750005 0.30005186875 0.43186385468750005
2 0.360495796875 0.4329973546875 0.360495796875 0.46360188124999996 0.389825134375 0.46360188124999996 0.389825134375 0.4329973546875 0.360495796875 0.4329973546875
6 0.7399281515625 0.28677573437500004 0.7399281515625 0.5055414140625001 0.999429021875 0.5055414140625001 0.999429021875 0.28677573437500004 0.7399281515625 0.28677573437500004