2 0.5530513765625 0.4535153140625 0.5530513765625 0.505077778125 0.575463471875 0.505077778125 0.575463471875 0.4535153140625 0.5530513765625 0.4535153140625
2 0.5688716796875 0.4535153140625 0.5688716796875 0.5144527703125 0.6005122828125 0.5144527703125 0.6005122828125 0.4535153140625 0.5688716796875 0.4535153140625
2 0.5926021312499999 0.43242157812500004 0.5926021312499999 0.5191402671875001 0.638744678125 0.5191402671875001 0.638744678125 0.43242157812500004 0.5926021312499999 0.43242157812500004
2 0.6361079609375 0.43710907656250003 0.6361079609375 0.5402340046874999 0.7046626 0.5402340046874999 0.7046626 0.43710907656250003 0.6361079609375 0.43710907656250003
2 0.49372524687499997 0.43476532656250005 0.49372524687499997 0.4558590609375 0.512182265625 0.4558590609375 0.512182265625 0.43476532656250005 0.49372524687499997 0.43476532656250005
2 0.44428680312499996 0.42304658437500003 0.44428680312499996 0.44179657031249997 0.45615203125 0.44179657031249997 0.45615203125 0.42304658437500003 0.44428680312499996 0.42304658437500003
2 0.42978486250000003 0.4160153390625 0.42978486250000003 0.44414031875 0.44033172968749995 0.44414031875 0.44033172968749995 0.4160153390625 0.42978486250000003 0.4160153390625
2 0.43769501093749996 0.42304658437500003 0.43769501093749996 0.451171565625 0.4574703875 0.451171565625 0.4574703875 0.42304658437500003 0.43769501093749996 0.42304658437500003
2 0.417919634375 0.42304658437500003 0.417919634375 0.44179657031249997 0.43110322031250004 0.44179657031249997 0.43110322031250004 0.42304658437500003 0.417919634375 0.42304658437500003
2 0.50888636875 0.4488278171875 0.50888636875 0.5121090234375 0.5563472734375 0.5121090234375 0.5563472734375 0.4488278171875 0.50888636875 0.4488278171875
2 0.6614997734375 0.451171565625 0.6614997734375 0.55124980625 0.8074945625 0.55124980625 0.8074945625 0.451171565625 0.6614997734375 0.451171565625
2 0.2183202359375 0.42669628125000003 0.2183202359375 0.46232126874999996 0.28160146406250003 0.46232126874999996 0.28160146406250003 0.42669628125000003 0.2183202359375 0.42669628125000003
2 0.1582030703125 0.43044628124999995 0.1582030703125 0.46794626875 0.222538984375 0.46794626875 0.222538984375 0.43044628124999995 0.1582030703125 0.43044628124999995
2 0.4664730578125 0.43232128124999997 0.4664730578125 0.46232126874999996 0.481238678125 0.46232126874999996 0.481238678125 0.43232128124999997 0.4664730578125 0.43232128124999997