2 0.1038902703125 0.6400700109375 0.1038902703125 0.8255801765624999 0.29605859687499997 0.8255801765624999 0.29605859687499997 0.6400700109375 0.1038902703125 0.6400700109375
2 0.3342856296875 0.6598659265625 0.3342856296875 0.7370087671875 0.37974480312500003 0.7370087671875 0.37974480312500003 0.6598659265625 0.3342856296875 0.6598659265625
2 0.28469380312500003 0.67823326875 0.28469380312500003 0.77190671875 0.32911981562500003 0.77190671875 0.32911981562500003 0.67823326875 0.28469380312500003 0.67823326875
2 0.46551375000000006 0.6433818 0.46551375000000006 0.6984838296875 0.4934091515625 0.6984838296875 0.4934091515625 0.6433818 0.46551375000000006 0.6433818
2 0.48514384687499995 0.61766751875 0.48514384687499995 0.72603484375 0.5491999562500001 0.72603484375 0.5491999562500001 0.61766751875 0.48514384687499995 0.61766751875
2 0.4892764984375 0.6672593453125 0.4892764984375 0.7315450453125 0.5120060875 0.7315450453125 0.5120060875 0.6672593453125 0.4892764984375 0.6672593453125
2 0.49857496718750005 0.6635858765625 0.49857496718750005 0.74072871875 0.530603021875 0.74072871875 0.530603021875 0.6635858765625 0.49857496718750005 0.6635858765625
2 0.5120060875 0.66174914375 0.5120060875 0.7444021859375 0.5719295421874999 0.7444021859375 0.5719295421874999 0.66174914375 0.5120060875 0.66174914375
2 0.381999125 0.6134692562499999 0.381999125 0.8044896250000001 0.4791164515625 0.8044896250000001 0.4791164515625 0.6134692562499999 0.381999125 0.6134692562499999
4 0.31381036406249996 0.6851018953125 0.31381036406249996 0.7144896453125 0.32310883125 0.7144896453125 0.32310883125 0.6851018953125 0.31381036406249996 0.6851018953125
4 0.32414199374999997 0.679959040625 0.32414199374999997 0.7222039296875 0.3334404609375 0.7222039296875 0.3334404609375 0.679959040625 0.32414199374999997 0.679959040625