4 0.573776365625 0.3354161828125 0.573776365625 0.45109160312499996 0.5875553484375 0.45109160312499996 0.5875553484375 0.3354161828125 0.573776365625 0.3354161828125
2 0.4345847703125 0.3845478625 0.4345847703125 0.40223939687500004 0.44453625781249995 0.40223939687500004 0.44453625781249995 0.3845478625 0.4345847703125 0.3845478625
2 0.42539878125 0.383186975 0.42539878125 0.406322059375 0.43535027031249995 0.406322059375 0.43535027031249995 0.383186975 0.42539878125 0.383186975
2 0.40779230312500003 0.383186975 0.40779230312500003 0.41176560625 0.427695278125 0.41176560625 0.427695278125 0.383186975 0.40779230312500003 0.383186975
2 0.3894203234375 0.38046520156249997 0.3894203234375 0.41993093125 0.4100887984375 0.41993093125 0.4100887984375 0.38046520156249997 0.3894203234375 0.38046520156249997
2 0.3809998328125 0.3872696375 0.3809998328125 0.42401359375 0.395544315625 0.42401359375 0.395544315625 0.3872696375 0.3809998328125 0.3872696375
2 0.36186235624999996 0.37774342656250004 0.36186235624999996 0.42809625625000003 0.387889325 0.42809625625000003 0.387889325 0.37774342656250004 0.36186235624999996 0.37774342656250004
2 0.3358353875 0.37774342656250004 0.3358353875 0.44034424375 0.3764068390625 0.44034424375 0.3764068390625 0.37774342656250004 0.3358353875 0.37774342656250004
2 0.3205254046875 0.379104315625 0.3205254046875 0.44714867968750005 0.35114536875 0.44714867968750005 0.35114536875 0.379104315625 0.3205254046875 0.379104315625
2 0.2631129734375 0.369578103125 0.2631129734375 0.4566748890625 0.3373663859375 0.4566748890625 0.3373663859375 0.369578103125 0.2631129734375 0.369578103125
2 0.42933563750000003 0.3722998796875 0.42933563750000003 0.47980997031249994 0.505885546875 0.47980997031249994 0.505885546875 0.3722998796875 0.42933563750000003 0.3722998796875
2 0.2169643109375 0.3847422734375 0.2169643109375 0.48680881875 0.3072932046875 0.48680881875 0.3072932046875 0.3847422734375 0.2169643109375 0.3847422734375
2 0.8663440296875 0.33886093125 0.8663440296875 0.48583675625 0.9796378953125 0.48583675625 0.9796378953125 0.33886093125 0.8663440296875 0.33886093125
4 0.798980109375 0.264284315625 0.798980109375 0.8181654343749999 0.8870125046874999 0.8181654343749999 0.8870125046874999 0.264284315625 0.798980109375 0.264284315625
4 0.5119882 0.34636718125 0.5119882 0.46878528125 0.5387671593750001 0.46878528125 0.5387671593750001 0.34636718125 0.5119882 0.34636718125