2 0.260894834375 0.4311290875 0.260894834375 0.457258121875 0.2792668140625 0.457258121875 0.2792668140625 0.4311290875 0.260894834375 0.4311290875
2 0.2510964484375 0.43548392968750005 0.2510964484375 0.45725812499999996 0.26211963437499997 0.45725812499999996 0.26211963437499997 0.43548392968750005 0.2510964484375 0.43548392968750005
2 0.2229260828125 0.424596828125 0.2229260828125 0.47032264062499995 0.25477084375 0.47032264062499995 0.25477084375 0.424596828125 0.2229260828125 0.424596828125
2 0.19598051249999998 0.43766134843750004 0.19598051249999998 0.46596780156250006 0.22170128125000002 0.46596780156250006 0.22170128125000002 0.43766134843750004 0.19598051249999998 0.43766134843750004
2 0.135965384375 0.4224194078125 0.135965384375 0.46161296093750004 0.16536055 0.46161296093750004 0.16536055 0.4224194078125 0.135965384375 0.4224194078125
2 0.07472545625 0.42024198906250004 0.07472545625 0.487741996875 0.1310661890625 0.487741996875 0.1310661890625 0.42024198906250004 0.07472545625 0.42024198906250004
2 0.0001812703125 0.40282263125 0.0001812703125 0.5029839359375 0.06370227187500001 0.5029839359375 0.06370227187500001 0.40282263125 0.0001812703125 0.40282263125
2 0.2804916125 0.442016184375 0.2804916125 0.46161296093750004 0.29518919375 0.46161296093750004 0.29518919375 0.442016184375 0.2804916125 0.442016184375
2 0.33805714375 0.43548392968750005 0.33805714375 0.46596780156250006 0.34785553281250003 0.46596780156250006 0.34785553281250003 0.43548392968750005 0.33805714375 0.43548392968750005
2 0.295189196875 0.42895166875 0.295189196875 0.5008065171875 0.335607546875 0.5008065171875 0.335607546875 0.42895166875 0.295189196875 0.42895166875
2 0.34908033125000004 0.43548392968750005 0.34908033125000004 0.45725812499999996 0.3662275109375 0.45725812499999996 0.3662275109375 0.43548392968750005 0.34908033125000004 0.43548392968750005
2 0.372351503125 0.44854844375 0.372351503125 0.4703226421875 0.382149890625 0.4703226421875 0.382149890625 0.44854844375 0.372351503125 0.44854844375
2 0.346630734375 0.45290328593750007 0.346630734375 0.4920968390625 0.3760259 0.4920968390625 0.3760259 0.45290328593750007 0.346630734375 0.45290328593750007
2 0.3833746921875 0.442016184375 0.3833746921875 0.4594355421875 0.404196265625 0.4594355421875 0.404196265625 0.442016184375 0.3833746921875 0.442016184375
2 0.41154505625000004 0.4441936046875 0.41154505625000004 0.47032264062499995 0.4225682421875 0.47032264062499995 0.4225682421875 0.4441936046875 0.41154505625000004 0.4441936046875
2 0.42011864687499995 0.44854844375 0.42011864687499995 0.4746774796875 0.43481622968750006 0.4746774796875 0.43481622968750006 0.44854844375 0.42011864687499995 0.44854844375
2 0.425017840625 0.44854844375 0.425017840625 0.4855645796875 0.45563780625000005 0.4855645796875 0.45563780625000005 0.44854844375 0.425017840625 0.44854844375
2 0.4421650203125 0.45725812499999996 0.4421650203125 0.496451678125 0.456862603125 0.496451678125 0.456862603125 0.45725812499999996 0.4421650203125 0.45725812499999996
2 0.44951380937499996 0.45725812499999996 0.44951380937499996 0.5008065171875 0.47033538750000004 0.5008065171875 0.47033538750000004 0.45725812499999996 0.44951380937499996 0.45725812499999996
2 0.3833746921875 0.45290328593750007 0.3833746921875 0.4877419984375 0.410320259375 0.4877419984375 0.410320259375 0.45290328593750007 0.3833746921875 0.45290328593750007
2 0.46421139531250005 0.44854844375 0.46421139531250005 0.5138710359374999 0.488707365625 0.5138710359374999 0.488707365625 0.44854844375 0.46421139531250005 0.44854844375
2 0.4740097828125 0.45725812499999996 0.4740097828125 0.5225807125 0.498505753125 0.5225807125 0.498505753125 0.45725812499999996 0.4740097828125 0.45725812499999996
2 0.48993216406249995 0.4115323109375 0.48993216406249995 0.5443549078125 0.5744432640625 0.5443549078125 0.5744432640625 0.4115323109375 0.48993216406249995 0.4115323109375
2 0.8941156828124999 0.4877419984375 0.8941156828124999 0.6285933109374999 0.9994969890625001 0.6285933109374999 0.9994969890625001 0.4877419984375 0.8941156828124999 0.4877419984375
4 0.5842416515625 0.442016184375 0.5842416515625 0.5225807125 0.60138883125 0.5225807125 0.60138883125 0.442016184375 0.5842416515625 0.442016184375
4 0.60138883125 0.45290328593750007 0.60138883125 0.52475813125 0.6136368156249999 0.52475813125 0.6136368156249999 0.45290328593750007 0.60138883125 0.45290328593750007
4 0.6148616171875 0.44854844375 0.6148616171875 0.5225807125 0.6271096015625 0.5225807125 0.6271096015625 0.44854844375 0.6148616171875 0.44854844375
4 0.6797759390625 0.45072586562500006 0.6797759390625 0.53564523125 0.7005975140625 0.53564523125 0.7005975140625 0.45072586562500006 0.6797759390625 0.45072586562500006