2 0 0.5522100937500001 0.1934290640625 0.5522100937500001 0.1934290640625 0.3701056296875 0 0.3701056296875 0 0.5522100937500001
2 0.48160937812500004 0.3968142828125 0.48160937812500004 0.42837905625 0.4993645625 0.42837905625 0.4993645625 0.3968142828125 0.48160937812500004 0.3968142828125
2 0.252157753125 0.394386225 0.252157753125 0.4599438296875 0.3313731953125 0.4599438296875 0.3313731953125 0.394386225 0.252157753125 0.394386225
6 0.3409336796875 0.3846739875 0.3409336796875 0.45023159375 0.38327296718750004 0.45023159375 0.38327296718750004 0.3846739875 0.3409336796875 0.3846739875
2 0.4092228515625 0.37496174843749996 0.4092228515625 0.4478035328125 0.4447332234375 0.4478035328125 0.4447332234375 0.37496174843749996 0.4092228515625 0.37496174843749996
2 0.1784054453125 0.37738980781250003 0.1784054453125 0.457515771875 0.24532883593750002 0.457515771875 0.24532883593750002 0.37738980781250003 0.1784054453125 0.37738980781250003
2 0.23713413593750002 0.394386225 0.23713413593750002 0.44294741562500006 0.2644498046875 0.44294741562500006 0.2644498046875 0.394386225 0.23713413593750002 0.394386225
2 0.3067890921875 0.3846739875 0.3067890921875 0.423522940625 0.33410476093749997 0.423522940625 0.33410476093749997 0.3846739875 0.3067890921875 0.3846739875
2 0.38190718437500004 0.394386225 0.38190718437500004 0.4259510015625 0.394199234375 0.4259510015625 0.394199234375 0.394386225 0.38190718437500004 0.394386225
2 0.4433674390625 0.394386225 0.4433674390625 0.43080711718750003 0.46248840781249995 0.43080711718750003 0.46248840781249995 0.394386225 0.4433674390625 0.394386225
2 0.4583910578125 0.3846739875 0.4583910578125 0.4186668203125 0.47204889375 0.4186668203125 0.47204889375 0.3846739875 0.4583910578125 0.3846739875
2 0.3982965859375 0.3822459265625 0.3982965859375 0.416238759375 0.409222853125 0.416238759375 0.409222853125 0.3822459265625 0.3982965859375 0.3822459265625
4 0.7574976390625 0.382939671875 0.7574976390625 0.50677070625 0.7848133078124999 0.50677070625 0.7848133078124999 0.382939671875 0.7574976390625 0.382939671875
4 0.8189578953125001 0.3780835546875 0.8189578953125001 0.5140548875000001 0.85310248125 0.5140548875000001 0.85310248125 0.3780835546875 0.8189578953125001 0.3780835546875
4 0.7984711421874999 0.3805116125 0.7984711421874999 0.4582095171875 0.8134947640625001 0.4582095171875 0.8134947640625001 0.3805116125 0.7984711421874999 0.3805116125
4 0.6782821953125 0.38536773125 0.6782821953125 0.48006205937499996 0.6919400312499999 0.48006205937499996 0.6919400312499999 0.38536773125 0.6782821953125 0.38536773125
4 0.693305815625 0.3871020453125 0.693305815625 0.46965606875 0.7069636499999999 0.46965606875 0.7069636499999999 0.3871020453125 0.693305815625 0.3871020453125
4 0.758863421875 0.38953010625 0.758863421875 0.457515771875 0.7711554703125 0.457515771875 0.7711554703125 0.38953010625 0.758863421875 0.38953010625
4 0.7260846203125 0.3846739875 0.7260846203125 0.4623718890625 0.7370108859375 0.4623718890625 0.7370108859375 0.3846739875 0.7260846203125 0.3846739875
4 0.6618927953125 0.37981786875 0.6618927953125 0.4647999515625 0.6769164140624999 0.4647999515625 0.6769164140624999 0.37981786875 0.6618927953125 0.37981786875
4 0.623650859375 0.3871020453125 0.623650859375 0.43809129531249996 0.6359429109375 0.43809129531249996 0.6359429109375 0.3871020453125 0.623650859375 0.3871020453125
2 0.4911698609375 0.345825034375 0.4911698609375 0.5667784499999999 0.630479775 0.5667784499999999 0.630479775 0.345825034375 0.4911698609375 0.345825034375
4 0.01224673125 0.38054547968749997 0.01224673125 0.39885055937499997 0.019111135937500003 0.39885055937499997 0.019111135937500003 0.38054547968749997 0.01224673125 0.38054547968749997
4 0.158115346875 0.38817259531250004 0.158115346875 0.4080031 0.16841195625 0.4080031 0.16841195625 0.38817259531250004 0.158115346875 0.38817259531250004