4 0.0173199296875 0.5207808843749999 0.0173199296875 0.6989057609375 0.0687359109375 0.6989057609375 0.0687359109375 0.5207808843749999 0.0173199296875 0.5207808843749999
4 0.19266160625 0.548905865625 0.19266160625 0.65437454375 0.2243022109375 0.65437454375 0.2243022109375 0.548905865625 0.19266160625 0.548905865625
4 0 0.656718290625 0.021275004687499998 0.656718290625 0.021275004687499998 0.5207808843749999 0 0.5207808843749999 0 0.656718290625
4 0.31922401875 0.558280859375 0.31922401875 0.6262495640625 0.331089246875 0.6262495640625 0.331089246875 0.558280859375 0.31922401875 0.558280859375
2 0.308677153125 0.5629683562500001 0.308677153125 0.61687456875 0.3495462640625 0.61687456875 0.3495462640625 0.5629683562500001 0.308677153125 0.5629683562500001
2 0.4101907546875 0.5723433499999999 0.4101907546875 0.59812458125 0.43128449062499996 0.59812458125 0.43128449062499996 0.5723433499999999 0.4101907546875 0.5723433499999999
2 0.4642434515625 0.548905865625 0.4642434515625 0.567655853125 0.4945656953125 0.567655853125 0.4945656953125 0.548905865625 0.4642434515625 0.548905865625
2 0.5196145078125001 0.56062460625 0.5196145078125001 0.605155825 0.5473000359375 0.605155825 0.5473000359375 0.56062460625 0.5196145078125001 0.56062460625
2 0.5288430171875 0.5559371125 0.5288430171875 0.6590620406250001 0.6053078078125 0.6590620406250001 0.6053078078125 0.5559371125 0.5288430171875 0.5559371125
2 0.747690521875 0.593437084375 0.747690521875 0.640312053125 0.7793311265625 0.640312053125 0.7793311265625 0.593437084375 0.747690521875 0.593437084375
6 0.4194192640625 0.5465621171875 0.4194192640625 0.5723433499999999 0.43392120624999997 0.5723433499999999 0.43392120624999997 0.5465621171875 0.4194192640625 0.5465621171875
1 0.39568881093749997 0.548905865625 0.39568881093749997 0.5910933359375 0.41810090468750005 0.5910933359375 0.41810090468750005 0.548905865625 0.39568881093749997 0.548905865625
6 0.42996613124999994 0.5418746203125 0.42996613124999994 0.60046833125 0.46688016875000005 0.60046833125 0.46688016875000005 0.5418746203125 0.42996613124999994 0.5418746203125
1 0.5934425812499999 0.49031215625 0.5934425812499999 0.680155775 0.747690521875 0.680155775 0.747690521875 0.49031215625 0.5934425812499999 0.49031215625
2 0.33504432031250003 0.5559371125 0.33504432031250003 0.6520307953125 0.40359896093750003 0.6520307953125 0.40359896093750003 0.5559371125 0.33504432031250003 0.5559371125
2 0.41810090468750005 0.56062460625 0.41810090468750005 0.74578073125 0.5433449593749999 0.74578073125 0.5433449593749999 0.56062460625 0.41810090468750005 0.56062460625
2 0.5789406390625 0.5864058421875 0.5789406390625 0.7129682546875 0.6936378249999999 0.7129682546875 0.6936378249999999 0.5864058421875 0.5789406390625 0.5864058421875
2 0.780649484375 0.612187071875 0.780649484375 0.7035932593750001 0.8531592 0.7035932593750001 0.8531592 0.612187071875 0.780649484375 0.612187071875
2 0.982358328125 0.6660932859375001 0.982358328125 0.78328070625 0.9994969890625001 0.78328070625 0.9994969890625001 0.6660932859375001 0.982358328125 0.6660932859375001