1 0.24394143124999998 0.47806145468750005 0.24394143124999998 0.6357145859375 0.348118775 0.6357145859375 0.348118775 0.47806145468750005 0.24394143124999998 0.47806145468750005
2 0.7174198796875 0.4607443875 0.7174198796875 0.5740097453125 0.7699390375 0.5740097453125 0.7699390375 0.4607443875 0.7174198796875 0.4607443875
2 0.322707134375 0.514315840625 0.322707134375 0.6220071734375 0.36270033281249997 0.6220071734375 0.36270033281249997 0.514315840625 0.322707134375 0.514315840625
2 0.7245060640625 0.39642875 0.7245060640625 0.8663269187499999 0.9991554234375 0.8663269187499999 0.9991554234375 0.39642875 0.7245060640625 0.39642875
2 0.3585939109375 0.2173470359375 0.3585939109375 0.8755105984375 0.7391425515625001 0.8755105984375 0.7391425515625001 0.2173470359375 0.3585939109375 0.2173470359375
4 0.28799438906249997 0.5173471703125 0.28799438906249997 0.6596941734375 0.3207112390625 0.6596941734375 0.3207112390625 0.5173471703125 0.28799438906249997 0.5173471703125
4 0.1418340109375 0.5626533234375 0.1418340109375 0.6345921296875 0.15991437656250002 0.6345921296875 0.15991437656250002 0.5626533234375 0.1418340109375 0.5626533234375
4 0.1237536453125 0.5724492359375 0.1237536453125 0.6397962046875 0.1375291625 0.6397962046875 0.1375291625 0.5724492359375 0.1237536453125 0.5724492359375
4 0.10997812968750001 0.5709186234375 0.10997812968750001 0.647449271875 0.13064140468750002 0.647449271875 0.13064140468750002 0.5709186234375 0.10997812968750001 0.5709186234375
4 0.093619703125 0.5693880109375 0.093619703125 0.6336737546875 0.1117000703125 0.6336737546875 0.1117000703125 0.5693880109375 0.093619703125 0.5693880109375
4 0.0497102453125 0.584694140625 0.0497102453125 0.6045921078125 0.06262479062500001 0.6045921078125 0.06262479062500001 0.584694140625 0.0497102453125 0.584694140625
2 0 0.9632657312499999 0.1897182421875 0.9632657312499999 0.1897182421875 0.5331634953125 0 0.5331634953125 0 0.9632657312499999