2 0.2900388625 0.44249969843750003 0.2900388625 0.470624678125 0.303222446875 0.470624678125 0.303222446875 0.44249969843750003 0.2900388625 0.44249969843750003
2 0.26894512812500004 0.4444533203125 0.26894512812500004 0.477655921875 0.2900388640625 0.477655921875 0.2900388640625 0.4444533203125 0.26894512812500004 0.4444533203125
2 0.242577959375 0.426093459375 0.242577959375 0.46124968437499997 0.258398259375 0.46124968437499997 0.258398259375 0.426093459375 0.242577959375 0.426093459375
2 0.35332006875 0.44953094218749995 0.35332006875 0.49171841718750003 0.3638669375 0.49171841718750003 0.3638669375 0.44953094218749995 0.35332006875 0.44953094218749995
2 0.3612302203125 0.4518746921875 0.3612302203125 0.4776559234375 0.3730954453125 0.4776559234375 0.3730954453125 0.4518746921875 0.3612302203125 0.4518746921875
2 0.365185296875 0.44249969843750003 0.365185296875 0.4893746640625 0.3889157484375 0.4893746640625 0.3889157484375 0.44249969843750003 0.365185296875 0.44249969843750003
2 0.30454080625 0.416718465625 0.30454080625 0.44484344531250003 0.3401364859375 0.44484344531250003 0.3401364859375 0.416718465625 0.30454080625 0.416718465625
1 0.2557615421875 0.4190622140625 0.2557615421875 0.447187196875 0.27158184375 0.447187196875 0.27158184375 0.4190622140625 0.2557615421875 0.4190622140625
2 0.298130284375 0.42468720156249995 0.298130284375 0.5114058921875 0.357456415625 0.5114058921875 0.357456415625 0.42468720156249995 0.298130284375 0.42468720156249995
2 0.3719583578125 0.4106247109375 0.3719583578125 0.6168745671875 0.5209328656250001 0.6168745671875 0.5209328656250001 0.4106247109375 0.3719583578125 0.4106247109375
2 0.0146832125 0.34968725312500004 0.0146832125 0.6285933109374999 0.2638529640625 0.6285933109374999 0.2638529640625 0.34968725312500004 0.0146832125 0.34968725312500004