5 0.043215621875 0.4018111328125 0.043215621875 0.571889921875 0.095833746875 0.571889921875 0.095833746875 0.4018111328125 0.043215621875 0.4018111328125
3 0.036040421875 0.47409461875 0.036040421875 0.6377954515625001 0.11616347499999999 0.6377954515625001 0.11616347499999999 0.47409461875 0.036040421875 0.47409461875
2 0.23455425624999998 0.43795287812500006 0.23455425624999998 0.5229922703125001 0.3039145125 0.5229922703125001 0.3039145125 0.43795287812500006 0.23455425624999998 0.43795287812500006
2 0.3272687875 0.46063004375 0.3272687875 0.496771784375 0.35357785 0.496771784375 0.35357785 0.46063004375 0.3272687875 0.46063004375
2 0.3547737171875 0.46488201250000005 0.3547737171875 0.4967717875 0.36673238124999996 0.4967717875 0.36673238124999996 0.46488201250000005 0.3547737171875 0.46488201250000005
2 0.365536515625 0.4585040578125 0.365536515625 0.49039383125 0.378691046875 0.49039383125 0.378691046875 0.4585040578125 0.365536515625 0.4585040578125
2 0.3798869125 0.456378071875 0.3798869125 0.484015875 0.388257978125 0.484015875 0.388257978125 0.456378071875 0.3798869125 0.456378071875
2 0.3906497125 0.4521261046875 0.3906497125 0.49653051093749995 0.41576290625 0.49653051093749995 0.41576290625 0.4521261046875 0.3906497125 0.4521261046875
2 0.4325050375 0.456378071875 0.4325050375 0.486141859375 0.45163890156250003 0.486141859375 0.45163890156250003 0.456378071875 0.4325050375 0.456378071875
2 0.4360926375 0.447874134375 0.4360926375 0.46063004375 0.448051303125 0.46063004375 0.448051303125 0.447874134375 0.4360926375 0.447874134375
2 0.4564223671875 0.4521261046875 0.4564223671875 0.46913398281249996 0.47077276562500003 0.46913398281249996 0.47077276562500003 0.4521261046875 0.4564223671875 0.4521261046875
2 0.46598930000000005 0.45425208906250003 0.46598930000000005 0.49039383125 0.493494228125 0.49039383125 0.493494228125 0.45425208906250003 0.46598930000000005 0.45425208906250003
2 0.48392729531249995 0.46063004375 0.48392729531249995 0.5010237562500001 0.50186529375 0.5010237562500001 0.50186529375 0.46063004375 0.48392729531249995 0.46063004375
2 0.49229836093749996 0.447874134375 0.49229836093749996 0.5137796640625 0.5293702234375 0.5137796640625 0.5293702234375 0.447874134375 0.49229836093749996 0.447874134375
2 0.512628090625 0.4457481484375 0.512628090625 0.5456694359375 0.5819883453125 0.5456694359375 0.5819883453125 0.4457481484375 0.512628090625 0.4457481484375