2 0.5800066546875 0.47551042499999996 0.5800066546875 0.49234716875 0.5894773234375 0.49234716875 0.5894773234375 0.47551042499999996 0.5800066546875 0.47551042499999996
2 0.5843115046875 0.4770410390625 0.5843115046875 0.5076532968749999 0.5980870203124999 0.5076532968749999 0.5980870203124999 0.4770410390625 0.5843115046875 0.4770410390625
2 0.5955041125 0.4739798109375 0.5955041125 0.512245134375 0.604113809375 0.512245134375 0.604113809375 0.4739798109375 0.5955041125 0.4739798109375
2 0.5989479906249999 0.4739798109375 0.5989479906249999 0.515306359375 0.62305514375 0.515306359375 0.62305514375 0.4739798109375 0.5989479906249999 0.4739798109375
2 0.604974778125 0.47857165312500005 0.604974778125 0.524490040625 0.6342477515625 0.524490040625 0.6342477515625 0.47857165312500005 0.604974778125 0.47857165312500005
2 0.6239161140625 0.4801022640625 0.6239161140625 0.5474492328125 0.6678255734375 0.5474492328125 0.6678255734375 0.4801022640625 0.6239161140625 0.4801022640625
2 0.5045282875 0.47857165312500005 0.5045282875 0.49693900625 0.51399895625 0.49693900625 0.51399895625 0.47857165312500005 0.5045282875 0.47857165312500005
2 0.475255315625 0.4877553296875 0.475255315625 0.5091839078125 0.48300404375 0.5091839078125 0.48300404375 0.4877553296875 0.475255315625 0.4877553296875
2 0.45975785937499997 0.4846941046875 0.45975785937499997 0.5137757484375001 0.4761162859375 0.5137757484375001 0.4761162859375 0.4846941046875 0.45975785937499997 0.4846941046875
2 0.4399555546875 0.48928594218750004 0.4399555546875 0.5183675859375 0.4597578578125 0.5183675859375 0.4597578578125 0.48928594218750004 0.4399555546875 0.48928594218750004
2 0.4184313109375 0.490816553125 0.4184313109375 0.5260206515625 0.4399555546875 0.5260206515625 0.4399555546875 0.490816553125 0.4184313109375 0.490816553125
2 0.39518512656250004 0.48622471562499997 0.39518512656250004 0.5321431046875 0.42101422031249996 0.5321431046875 0.42101422031249996 0.48622471562499997 0.39518512656250004 0.48622471562499997
2 0.28928584375 0.5076532968749999 0.28928584375 0.5688778140624999 0.3383611203125 0.5688778140624999 0.3383611203125 0.5076532968749999 0.28928584375 0.5076532968749999
2 0.551594653125 0.47857165312500005 0.551594653125 0.49387778281249994 0.5584824109375 0.49387778281249994 0.5584824109375 0.47857165312500005 0.551594653125 0.47857165312500005
2 0.573118896875 0.47551042499999996 0.573118896875 0.48928594218750004 0.579145684375 0.48928594218750004 0.579145684375 0.47551042499999996 0.573118896875 0.47551042499999996
6 0.5584824109375 0.46581655 0.5584824109375 0.4918369703125 0.5748408359375 0.4918369703125 0.5748408359375 0.46581655 0.5584824109375 0.46581655
2 0.3340562734375 0.48673491406249997 0.3340562734375 0.5658165890625 0.40896064218749995 0.5658165890625 0.40896064218749995 0.48673491406249997 0.3340562734375 0.48673491406249997
2 0.5145729515624999 0.4770410390625 0.5145729515624999 0.49846961875 0.5231826515625 0.49846961875 0.5231826515625 0.4770410390625 0.5145729515624999 0.4770410390625
2 0.530931378125 0.47857165312500005 0.530931378125 0.504592071875 0.55073368125 0.504592071875 0.55073368125 0.47857165312500005 0.530931378125 0.47857165312500005
2 0.6520411421875 0.47091858750000004 0.6520411421875 0.58418394375 0.745025878125 0.58418394375 0.745025878125 0.47091858750000004 0.6520411421875 0.47091858750000004
2 0.8796241234375 0.4306124546875 0.8796241234375 0.5255104562499999 0.9553894640625 0.5255104562499999 0.9553894640625 0.4306124546875 0.8796241234375 0.4306124546875
2 0.8460463015625 0.3806124234375 0.8460463015625 0.7581636203125 0.9975769828125 0.7581636203125 0.9975769828125 0.3806124234375 0.8460463015625 0.3806124234375