4 0.649751346875 0.40854487031250003 0.649751346875 0.43510736874999995 0.6664505640625 0.43510736874999995 0.6664505640625 0.40854487031250003 0.649751346875 0.40854487031250003
4 0.703364621875 0.40698237031250006 0.703364621875 0.44448236874999997 0.725337275 0.44448236874999997 0.725337275 0.40698237031250006 0.703364621875 0.40698237031250006
4 0.7279739921874999 0.40073237187500005 0.7279739921874999 0.46635736406249995 0.761372425 0.46635736406249995 0.761372425 0.40073237187500005 0.7279739921874999 0.40073237187500005
4 0.839595071875 0.394482371875 0.839595071875 0.5132323578125 0.8589310078124999 0.5132323578125 0.8589310078124999 0.394482371875 0.839595071875 0.394482371875
2 0.3811156625 0.40535708281250005 0.3811156625 0.4412945796875 0.395178159375 0.4412945796875 0.395178159375 0.40535708281250005 0.3811156625 0.40535708281250005
2 0.396057065625 0.42410708125 0.396057065625 0.450669578125 0.40484612656249996 0.450669578125 0.40484612656249996 0.42410708125 0.396057065625 0.42410708125
2 0.4276976875 0.42566958125000004 0.4276976875 0.4787945765625 0.453185965625 0.4787945765625 0.453185965625 0.42566958125000004 0.4276976875 0.42566958125000004
2 0.440881278125 0.41941958125 0.440881278125 0.48660707187499996 0.4663695578125 0.48660707187499996 0.4663695578125 0.41941958125 0.440881278125 0.41941958125
2 0.4540648703125 0.41785708125000004 0.4540648703125 0.491294571875 0.499767990625 0.491294571875 0.499767990625 0.41785708125000004 0.4540648703125 0.41785708125000004
2 0.4628539328125 0.43035708125000005 0.4628539328125 0.5053570703125 0.509435959375 0.5053570703125 0.509435959375 0.43035708125000005 0.4628539328125 0.43035708125000005
2 0.483068775 0.42723208125 0.483068775 0.5225445703125 0.5463500156250001 0.5225445703125 0.5463500156250001 0.42723208125 0.483068775 0.42723208125
2 0.5199828328125 0.402232084375 0.5199828328125 0.556919565625 0.6395140671874999 0.556919565625 0.6395140671874999 0.402232084375 0.5199828328125 0.402232084375
2 0.36885676093750003 0.41718744843750005 0.36885676093750003 0.48437493906249995 0.3925872265625 0.48437493906249995 0.3925872265625 0.41718744843750005 0.36885676093750003 0.41718744843750005
2 0.23086849687500002 0.41562494843750003 0.23086849687500002 0.46093744374999995 0.2686614609375 0.46093744374999995 0.2686614609375 0.41562494843750003 0.23086849687500002 0.41562494843750003
2 0.1913177203125 0.4109374484375 0.1913177203125 0.46562494218749995 0.23438412187500002 0.46562494218749995 0.23438412187500002 0.4109374484375 0.1913177203125 0.4109374484375
2 0.179013034375 0.40937494843750005 0.179013034375 0.4718749421875 0.20538021875 0.4718749421875 0.20538021875 0.40937494843750005 0.179013034375 0.40937494843750005
2 0.0858489828125 0.3906249515625 0.0858489828125 0.4796874421875 0.182528659375 0.4796874421875 0.182528659375 0.3906249515625 0.0858489828125 0.3906249515625
2 0.0735442984375 0.40937494843750005 0.0735442984375 0.4874999375 0.11573179375 0.4874999375 0.11573179375 0.40937494843750005 0.0735442984375 0.40937494843750005
2 0.0055131453125 0.43749994531249997 0.0055131453125 0.52260735625 0.08848570156249999 0.52260735625 0.08848570156249999 0.43749994531249997 0.0055131453125 0.43749994531249997
2 0 0.687499915625 0.0252044609375 0.687499915625 0.0252044609375 0.48906243906249997 0 0.48906243906249997 0 0.687499915625
2 0.28536067656249997 0.37187495625 0.28536067656249997 0.54218743125 0.3864348828125 0.54218743125 0.3864348828125 0.37187495625 0.28536067656249997 0.37187495625
2 0.580673140625 0.43906244375 0.580673140625 0.6499999203125 0.7907317093749999 0.6499999203125 0.7907317093749999 0.43906244375 0.580673140625 0.43906244375
2 0.39838419062499997 0.41791986875 0.39838419062499997 0.45073236562499996 0.42123575 0.45073236562499996 0.42123575 0.41791986875 0.39838419062499997 0.41791986875
2 0.23395388281249999 0.4107190390625 0.23395388281249999 0.45924280624999997 0.280744659375 0.45924280624999997 0.280744659375 0.4107190390625 0.23395388281249999 0.4107190390625