4 0.724290659375 0.6185187562500001 0.724290659375 0.65871380625 0.732866759375 0.65871380625 0.732866759375 0.6185187562500001 0.724290659375 0.6185187562500001
2 0.6283942640625 0.6060444281249999 0.6283942640625 0.6171327125 0.63619071875 0.6171327125 0.63619071875 0.6060444281249999 0.6283942640625 0.6060444281249999
2 0.64476681875 0.6088165 0.64476681875 0.621290828125 0.6533429234375 0.621290828125 0.6533429234375 0.6088165 0.64476681875 0.6088165
2 0.6486650468749999 0.6074304640625 0.6486650468749999 0.6254489375000001 0.658020790625 0.6254489375000001 0.658020790625 0.6074304640625 0.6486650468749999 0.6074304640625
2 0.6533429203125001 0.6088165 0.6533429203125001 0.637923265625 0.668156184375 0.637923265625 0.668156184375 0.6088165 0.6533429203125001 0.6088165
2 0.6611393750000001 0.6115885734375001 0.6611393750000001 0.64069533125 0.678291575 0.64069533125 0.678291575 0.6115885734375001 0.6611393750000001 0.6115885734375001
2 0.678291575 0.6129746093749999 0.678291575 0.6476255140625 0.700121653125 0.6476255140625 0.700121653125 0.6129746093749999 0.678291575 0.6129746093749999
2 0.729748178125 0.6268349734374999 0.729748178125 0.6850485046875 0.7546968328125 0.6850485046875 0.7546968328125 0.6268349734374999 0.729748178125 0.6268349734374999
2 0.75079860625 0.6199047921874999 0.75079860625 0.693364721875 0.7936791125 0.693364721875 0.7936791125 0.6199047921874999 0.75079860625 0.6199047921874999
2 0.7726286796874999 0.621290828125 0.7726286796874999 0.7030669765625001 0.8303224421875001 0.7030669765625001 0.8303224421875001 0.621290828125 0.7726286796874999 0.621290828125
2 0.5015069609375 0.604658390625 0.5015069609375 0.63376515625 0.5389299453125 0.63376515625 0.5389299453125 0.604658390625 0.5015069609375 0.604658390625
2 0.1224043421875 0.6129746093749999 0.1224043421875 0.661485884375 0.1832166859375 0.661485884375 0.1832166859375 0.6129746093749999 0.1224043421875 0.6129746093749999
2 0.021050428125 0.6060444281249999 0.021050428125 0.69059264375 0.11226895156250001 0.69059264375 0.11226895156250001 0.6060444281249999 0.021050428125 0.6060444281249999
2 0.6806305125 0.621290828125 0.6806305125 0.6559417390625 0.7094773953125 0.6559417390625 0.7094773953125 0.621290828125 0.6806305125 0.621290828125
2 0.631512846875 0.6088165 0.631512846875 0.6330721375 0.6463261109375 0.6330721375 0.6463261109375 0.6088165 0.631512846875 0.6088165
2 0.79621295625 0.635844209375 0.79621295625 0.7314807234375 0.890550059375 0.7314807234375 0.890550059375 0.635844209375 0.79621295625 0.635844209375
4 0.1881072 0.6008034765625 0.1881072 0.6451566484375 0.199022240625 0.6451566484375 0.199022240625 0.6008034765625 0.1881072 0.6008034765625
2 0.5561991109375 0.62094431875 0.5561991109375 0.6384083859375 0.5663344796875001 0.6384083859375 0.5663344796875001 0.62094431875 0.5561991109375 0.62094431875
4 0.0954286078125 0.600153771875 0.0954286078125 0.625102428125 0.10868258125000001 0.625102428125 0.10868258125000001 0.600153771875 0.0954286078125 0.600153771875