2 0.4009562265625 0.38690320312500004 0.4009562265625 0.4347460734375 0.41148685625 0.4347460734375 0.41148685625 0.38690320312500004 0.4009562265625 0.38690320312500004
2 0.41382699843750004 0.382742953125 0.41382699843750004 0.43890632187499995 0.45477945468750003 0.43890632187499995 0.45477945468750003 0.382742953125 0.41382699843750004 0.382742953125
2 0.3107998703125 0.3565928015625 0.3107998703125 0.527163028125 0.40440548437499996 0.527163028125 0.40440548437499996 0.3565928015625 0.3107998703125 0.3565928015625
2 0.2780379046875 0.3981952953125 0.2780379046875 0.4564387890625 0.300269240625 0.4564387890625 0.300269240625 0.3981952953125 0.2780379046875 0.3981952953125
2 0.2651671328125 0.40235554531249995 0.2651671328125 0.45643879062500003 0.2944188875 0.45643879062500003 0.2944188875 0.40235554531249995 0.2651671328125 0.40235554531249995
2 0.2382555203125 0.40651579375 0.2382555203125 0.47724003593750003 0.2803780453125 0.47724003593750003 0.2803780453125 0.40651579375 0.2382555203125 0.40651579375
2 0.2101738359375 0.40235554531249995 0.2101738359375 0.4959611578125 0.23942558749999998 0.4959611578125 0.23942558749999998 0.40235554531249995 0.2101738359375 0.40235554531249995
2 0.146990046875 0.387794671875 0.146990046875 0.51260215625 0.219534396875 0.51260215625 0.219534396875 0.387794671875 0.146990046875 0.387794671875
2 0.048704153124999996 0.387794671875 0.048704153124999996 0.5375636546875 0.15986081875 0.5375636546875 0.15986081875 0.387794671875 0.048704153124999996 0.387794671875
2 0.0007312765625 0.37952518749999997 0.0007312765625 0.5542046546875 0.0615749265625 0.5542046546875 0.0615749265625 0.37952518749999997 0.0007312765625 0.37952518749999997
4 0.46524913124999995 0.3857145484375 0.46524913124999995 0.4293971671875 0.48046004375000007 0.4293971671875 0.48046004375000007 0.3857145484375 0.46524913124999995 0.3857145484375