4 0.699264646875 0.3893685234375 0.699264646875 0.45757906875 0.71285346875 0.45757906875 0.71285346875 0.3893685234375 0.699264646875 0.3893685234375
2 0.273116946875 0.43057905781250005 0.273116946875 0.4490527484375 0.2843077390625 0.4490527484375 0.2843077390625 0.43057905781250005 0.273116946875 0.43057905781250005
2 0.2803110265625 0.43626327187499997 0.2803110265625 0.4632632796875 0.2970972140625 0.4632632796875 0.2970972140625 0.43626327187499997 0.2803110265625 0.43626327187499997
2 0.2395445703125 0.42915800624999995 0.2395445703125 0.4632632796875 0.26032746875 0.4632632796875 0.26032746875 0.42915800624999995 0.2395445703125 0.42915800624999995
2 0.2491366765625 0.44194748281249996 0.2491366765625 0.47036854375 0.2755149765625 0.47036854375 0.2755149765625 0.44194748281249996 0.2491366765625 0.44194748281249996
2 0.20437350625 0.43484221874999995 0.20437350625 0.4831580203125 0.245139965625 0.4831580203125 0.245139965625 0.43484221874999995 0.20437350625 0.43484221874999995
2 0.44977159687499996 0.426315903125 0.44977159687499996 0.44621064375 0.46575844218749995 0.44621064375 0.46575844218749995 0.426315903125 0.44977159687499996 0.426315903125
2 0.4673571296875 0.4334211625 0.4673571296875 0.44621064375 0.4777485796875 0.44621064375 0.4777485796875 0.4334211625 0.4673571296875 0.4334211625
2 0.4809459484375 0.424894846875 0.4809459484375 0.45189485625000003 0.5033275328125 0.45189485625000003 0.5033275328125 0.424894846875 0.4809459484375 0.424894846875
2 0.524909775 0.41352642343749996 0.524909775 0.454736959375 0.5496893859374999 0.454736959375 0.5496893859374999 0.41352642343749996 0.524909775 0.41352642343749996
2 0.5448933328125001 0.41352642343749996 0.5448933328125001 0.46042117187500003 0.5752683421875 0.46042117187500003 0.5752683421875 0.41352642343749996 0.5448933328125001 0.41352642343749996
2 0.568074259375 0.4121053703125 0.568074259375 0.468947490625 0.616034796875 0.468947490625 0.616034796875 0.4121053703125 0.568074259375 0.4121053703125
4 0.62322888125 0.4064211578125 0.62322888125 0.4632632796875 0.6344196703125 0.4632632796875 0.6344196703125 0.4064211578125 0.62322888125 0.4064211578125
2 0.6328209874999999 0.41068431875 0.6328209874999999 0.476052753125 0.7015644265625001 0.476052753125 0.7015644265625001 0.41068431875 0.6328209874999999 0.41068431875
2 0.35225183437499996 0.426315903125 0.35225183437499996 0.4376843265625 0.3610446015625 0.4376843265625 0.3610446015625 0.426315903125 0.35225183437499996 0.426315903125
2 0.3610446015625 0.426315903125 0.3610446015625 0.4391053796875 0.36743933906250004 0.4391053796875 0.36743933906250004 0.426315903125 0.3610446015625 0.426315903125
2 0.3682386828125 0.4234737953125 0.3682386828125 0.4391053796875 0.37703145 0.4391053796875 0.37703145 0.4234737953125 0.3682386828125 0.4234737953125
2 0.377031446875 0.42773695468749995 0.377031446875 0.44336853749999994 0.3834261859375 0.44336853749999994 0.3834261859375 0.42773695468749995 0.377031446875 0.42773695468749995
1 0.0001812703125 0.24792934375 0.0001812703125 0.58187679375 0.2128430640625 0.58187679375 0.2128430640625 0.24792934375 0.0001812703125 0.24792934375