4 0.8507319796875 0.389368621875 0.8507319796875 0.53782225625 0.8785670359375001 0.53782225625 0.8785670359375001 0.389368621875 0.8507319796875 0.389368621875
4 0.8832062125 0.379059340625 0.8832062125 0.5440078234375 0.9156804453125 0.5440078234375 0.9156804453125 0.379059340625 0.8832062125 0.379059340625
4 0.7892628984375001 0.39143047656249996 0.7892628984375001 0.5481315343750001 0.817097953125 0.5481315343750001 0.817097953125 0.39143047656249996 0.7892628984375001 0.39143047656249996
4 0.7196752578125001 0.381121196875 0.7196752578125001 0.53782225625 0.74403093125 0.53782225625 0.74403093125 0.381121196875 0.7196752578125001 0.381121196875
4 0.6848814375 0.379059340625 0.6848814375 0.5440078234375 0.7080773171875 0.5440078234375 0.7080773171875 0.379059340625 0.6848814375 0.379059340625
4 0.68604123125 0.34194593281249996 0.68604123125 0.407925325 0.702278346875 0.407925325 0.702278346875 0.34194593281249996 0.68604123125 0.34194593281249996
4 0.6663247343750001 0.381121196875 0.6663247343750001 0.5295748296875 0.687201025 0.5295748296875 0.687201025 0.381121196875 0.6663247343750001 0.381121196875
4 0.9122010625 0.3254510859375 0.9122010625 0.5563789578125 0.9446752937499999 0.5563789578125 0.9446752937499999 0.3254510859375 0.9122010625 0.3254510859375
4 0.9214794140624999 0.275966540625 0.9214794140624999 0.5605026703125 0.9933866421875001 0.5605026703125 0.9933866421875001 0.275966540625 0.9214794140624999 0.275966540625
4 0.2093658953125 0.379059340625 0.2093658953125 0.5481315343750001 0.234881365625 0.5481315343750001 0.234881365625 0.379059340625 0.2093658953125 0.379059340625
2 0.3572165546875 0.408542040625 0.3572165546875 0.521944121875 0.39548975625 0.521944121875 0.39548975625 0.408542040625 0.3572165546875 0.408542040625
2 0.2609536515625 0.40235647031250005 0.2609536515625 0.5178204078124999 0.3456186140625 0.5178204078124999 0.3456186140625 0.40235647031250005 0.2609536515625 0.40235647031250005
2 0.554984509375 0.3708119171875 0.554984509375 0.539884109375 0.645448440625 0.539884109375 0.645448440625 0.3708119171875 0.554984509375 0.3708119171875
2 0.3659380859375 0.34194593281249996 0.3659380859375 0.6532861921875 0.5689020375 0.6532861921875 0.5689020375 0.34194593281249996 0.3659380859375 0.34194593281249996
6 0 0.524191434375 0.058125667187499994 0.524191434375 0.058125667187499994 0.2870572140625 0 0.2870572140625 0 0.524191434375