2 0.10722886250000001 0.49563563281249995 0.10722886250000001 0.8405009874999999 0.40746967968750003 0.8405009874999999 0.40746967968750003 0.49563563281249995 0.10722886250000001 0.49563563281249995
2 0.5897587484375 0.50949956875 0.5897587484375 0.6273430062500001 0.7359799234375 0.6273430062500001 0.7359799234375 0.50949956875 0.5897587484375 0.50949956875
2 0.5088496953125 0.5320284609375 0.5088496953125 0.59614915625 0.5809854750000001 0.59614915625 0.5809854750000001 0.5320284609375 0.5088496953125 0.5320284609375
2 0.42696583749999995 0.53029546875 0.42696583749999995 0.5892171875 0.47765584531250005 0.5892171875 0.47765584531250005 0.53029546875 0.42696583749999995 0.53029546875
2 0.411368909375 0.544159403125 0.411368909375 0.585751203125 0.43573910624999995 0.585751203125 0.43573910624999995 0.544159403125 0.411368909375 0.544159403125
2 0.39479717812500004 0.544159403125 0.39479717812500004 0.5805522296875 0.4240414140625 0.5805522296875 0.4240414140625 0.544159403125 0.39479717812500004 0.544159403125
2 0.3850490984375 0.5510913687500001 0.3850490984375 0.5788192359375001 0.3977216 0.5788192359375001 0.3977216 0.5510913687500001 0.3850490984375 0.5510913687500001
2 0.37530102187500003 0.544159403125 0.37530102187500003 0.5788192359375001 0.39674679375 0.5788192359375001 0.39674679375 0.544159403125 0.37530102187500003 0.544159403125
2 0.11892655625 0.5822852187499999 0.11892655625 0.6100130859374999 0.14232194375 0.6100130859374999 0.14232194375 0.5822852187499999 0.11892655625 0.5822852187499999
2 0.48545430781250004 0.5320284609375 0.48545430781250004 0.5718872687500001 0.5302954671875 0.5718872687500001 0.5302954671875 0.5320284609375 0.48545430781250004 0.5320284609375
2 0.5407082421875 0.5184371359375 0.5407082421875 0.558280859375 0.5828957124999999 0.558280859375 0.5828957124999999 0.5184371359375 0.5407082421875 0.5184371359375