2 0.5119344765625 0.3488861265625 0.5119344765625 0.377869171875 0.5256632875 0.377869171875 0.5256632875 0.3488861265625 0.5119344765625 0.3488861265625
2 0.48619295625000003 0.32295392968750003 0.48619295625000003 0.38702171406249997 0.5145086296875 0.38702171406249997 0.5145086296875 0.32295392968750003 0.48619295625000003 0.32295392968750003
2 0.47332219531249997 0.33363189375 0.47332219531249997 0.3992250984375 0.50335396875 0.3992250984375 0.50335396875 0.33363189375 0.47332219531249997 0.33363189375
2 0.4003878875 0.3412590109375 0.4003878875 0.39159798437500004 0.43556796562500005 0.39159798437500004 0.43556796562500005 0.3412590109375 0.4003878875 0.3412590109375
2 0.3832268734375 0.3565132453125 0.3832268734375 0.3992251015625 0.4201230515625 0.3992251015625 0.4201230515625 0.3565132453125 0.3832268734375 0.3565132453125
2 0.160133696875 0.2634624203125 0.160133696875 0.5410894859375001 0.3686400125 0.5410894859375001 0.3686400125 0.2634624203125 0.160133696875 0.2634624203125
0 0.0494451578125 0.3887650671875 0.0494451578125 0.4741887796875 0.1361082765625 0.4741887796875 0.1361082765625 0.3887650671875 0.0494451578125 0.3887650671875
2 0.00053626875 0.315544740625 0.00053626875 0.70300229375 0.034858296875 0.70300229375 0.034858296875 0.315544740625 0.00053626875 0.315544740625
2 0.4304196625 0.33690067031250004 0.4304196625 0.4162226859375 0.481902703125 0.4162226859375 0.481902703125 0.33690067031250004 0.4304196625 0.33690067031250004
2 0.5287277687499999 0.3521549046875 0.5287277687499999 0.385714221875 0.540740478125 0.385714221875 0.540740478125 0.3521549046875 0.5287277687499999 0.3521549046875
2 0.5321599703125 0.35368032656250004 0.5321599703125 0.3918159125 0.5510370874999999 0.3918159125 0.5510370874999999 0.35368032656250004 0.5321599703125 0.35368032656250004
2 0.57592055625 0.3552057484375 0.57592055625 0.39944303125 0.60766843125 0.39944303125 0.60766843125 0.3552057484375 0.57592055625 0.3552057484375
2 0.5973718234375001 0.358256596875 0.5973718234375001 0.4024938765625 0.6179650390625 0.4024938765625 0.6179650390625 0.358256596875 0.5973718234375001 0.358256596875
2 0.607791009375 0.3567311734375 0.607791009375 0.4116464171875 0.6378227843750001 0.4116464171875 0.6378227843750001 0.3567311734375 0.607791009375 0.3567311734375
2 0.6232359234375 0.358256596875 0.6232359234375 0.42232438281249995 0.6541257468749999 0.42232438281249995 0.6541257468749999 0.358256596875 0.6232359234375 0.358256596875
2 0.6369647328125 0.36283286875 0.6369647328125 0.434527771875 0.6721448109375 0.434527771875 0.6721448109375 0.36283286875 0.6369647328125 0.36283286875
2 0.6592740515625 0.36130744375 0.6592740515625 0.44825657812499997 0.73049225625 0.44825657812499997 0.73049225625 0.36130744375 0.6592740515625 0.36130744375
2 0.6996024328125 0.3719854078125 0.6996024328125 0.48334131874999997 0.8068587687500001 0.48334131874999997 0.8068587687500001 0.3719854078125 0.6996024328125 0.3719854078125
2 0.5428243015625001 0.353462403125 0.5428243015625001 0.40990307187499997 0.5814365828125 0.40990307187499997 0.5814365828125 0.353462403125 0.5428243015625001 0.353462403125