2 0.5390687375 0.523363503125 0.5390687375 0.570154278125 0.551741240625 0.570154278125 0.551741240625 0.523363503125 0.5390687375 0.523363503125
6 0.5965824015625001 0.5043005921875 0.5965824015625001 0.56495530625 0.627776253125 0.56495530625 0.627776253125 0.5043005921875 0.5965824015625001 0.5043005921875
2 0.5761114375 0.5181645265625 0.5761114375 0.56668829375 0.5985320171875 0.56668829375 0.5985320171875 0.5181645265625 0.5761114375 0.5181645265625
2 0.4240414140625 0.516431534375 0.4240414140625 0.5840182109375001 0.49325277031250003 0.5840182109375001 0.49325277031250003 0.516431534375 0.4240414140625 0.516431534375
2 0.8324859 0.50083460625 0.8324859 0.5753532531250001 0.8685537906249999 0.5753532531250001 0.8685537906249999 0.50083460625 0.8324859 0.50083460625
2 0.77887146875 0.5060335828125 0.77887146875 0.5926831703125 0.8422339781250001 0.5926831703125 0.8422339781250001 0.5060335828125 0.77887146875 0.5060335828125
2 0.8393095562499999 0.51469854375 0.8393095562499999 0.6221440312500001 0.9611605359375 0.6221440312500001 0.9611605359375 0.51469854375 0.8393095562499999 0.51469854375
2 0.16669214062499998 0.5285624765625 0.16669214062499998 0.585751203125 0.23882792187500002 0.585751203125 0.23882792187500002 0.5285624765625 0.16669214062499998 0.5285624765625
2 0.127699828125 0.532028459375 0.127699828125 0.5996151375000001 0.22225618906250003 0.5996151375000001 0.22225618906250003 0.532028459375 0.127699828125 0.532028459375
2 0.081883859375 0.5649553046875 0.081883859375 0.6030811218750001 0.131599059375 0.6030811218750001 0.131599059375 0.5649553046875 0.081883859375 0.5649553046875
2 0.0662869328125 0.5649553046875 0.0662869328125 0.6048141109375 0.08773270625 0.6048141109375 0.08773270625 0.5649553046875 0.0662869328125 0.5649553046875
2 0.01852135 0.57708624375 0.01852135 0.6169450546874999 0.050690009375 0.6169450546874999 0.050690009375 0.57708624375 0.01852135 0.57708624375
2 0 0.61867804375 0.0263198125 0.61867804375 0.0263198125 0.5718872687500001 0 0.5718872687500001 0 0.61867804375
2 0.49130315468749997 0.51469854375 0.49130315468749997 0.585751203125 0.5332198921875 0.585751203125 0.5332198921875 0.51469854375 0.49130315468749997 0.51469854375
2 0.5478420078124999 0.51989751875 0.5478420078124999 0.5892171859374999 0.5887839390625 0.5892171859374999 0.5887839390625 0.51989751875 0.5478420078124999 0.51989751875
2 0.60633048125 0.511232559375 0.60633048125 0.5840182109375001 0.6570204890625 0.5840182109375001 0.6570204890625 0.511232559375 0.60633048125 0.511232559375
2 0.6745670296874999 0.4887036671875 0.6745670296874999 0.634274971875 0.7934935875 0.634274971875 0.7934935875 0.4887036671875 0.6745670296874999 0.4887036671875
2 0.9036468734374999 0.4904366578125 0.9036468734374999 0.717458575 0.9991780421875 0.717458575 0.9991780421875 0.4904366578125 0.9036468734374999 0.4904366578125