4 0.5354348078125 0.49968715 0.5354348078125 0.6356245546875 0.561801978125 0.6356245546875 0.561801978125 0.49968715 0.5354348078125 0.49968715
4 0.5710304890625 0.5043746453125 0.5710304890625 0.6614057890625 0.6145363171875 0.6614057890625 0.6145363171875 0.5043746453125 0.5710304890625 0.5043746453125
4 0.7331885796875001 0.45281218125 0.7331885796875001 0.750468228125 0.8043799343750001 0.750468228125 0.8043799343750001 0.45281218125 0.7331885796875001 0.45281218125
5 0.3877786609375 0.5114058906250001 0.3877786609375 0.7012495109375 0.44710479062499997 0.7012495109375 0.44710479062499997 0.5114058906250001 0.3877786609375 0.5114058906250001
3 0.3877786609375 0.58171834375 0.3877786609375 0.74578073125 0.443149715625 0.74578073125 0.443149715625 0.58171834375 0.3877786609375 0.58171834375
4 0.9625829515625 0.4387496921875 0.9625829515625 0.72703074375 0.9994969890625001 0.72703074375 0.9994969890625001 0.4387496921875 0.9625829515625 0.4387496921875
2 0.21375534218749997 0.56062460625 0.21375534218749997 0.595780834375 0.23880415312499997 0.595780834375 0.23880415312499997 0.56062460625 0.21375534218749997 0.56062460625
2 0.172361309375 0.5699996015625 0.172361309375 0.602812078125 0.1979350421875 0.602812078125 0.1979350421875 0.5699996015625 0.172361309375 0.5699996015625
2 0.34559118906249997 0.534843375 0.34559118906249997 0.548905865625 0.36404820781249997 0.548905865625 0.36404820781249997 0.534843375 0.34559118906249997 0.534843375
2 0.335044321875 0.539530871875 0.335044321875 0.567655853125 0.3482279046875 0.567655853125 0.3482279046875 0.539530871875 0.335044321875 0.539530871875
2 0.3416361140625 0.539530871875 0.3416361140625 0.6332808062499999 0.3917337328125 0.6332808062499999 0.3917337328125 0.539530871875 0.3416361140625 0.539530871875
2 0.4194192640625 0.537187125 0.4194192640625 0.5653121062500001 0.43787628125 0.5653121062500001 0.43787628125 0.537187125 0.4194192640625 0.537187125
2 0.43128448906249994 0.539530871875 0.43128448906249994 0.6332808062499999 0.49192897812499997 0.6332808062499999 0.49192897812499997 0.539530871875 0.43128448906249994 0.539530871875
2 0.253306096875 0.4645309234375 0.253306096875 0.682499521875 0.346909546875 0.682499521875 0.346909546875 0.4645309234375 0.253306096875 0.4645309234375
0 0.6567237875 0.5301558796875 0.6567237875 0.7012495109375 0.706821409375 0.7012495109375 0.706821409375 0.5301558796875 0.6567237875 0.5301558796875