1 0.70717270625 0.2654183125 0.70717270625 0.84600879375 0.9976789171875 0.84600879375 0.9976789171875 0.2654183125 0.70717270625 0.2654183125
2 0 0.7094230625 0.10063286874999999 0.7094230625 0.10063286874999999 0.5440222828125 0 0.5440222828125 0 0.7094230625
2 0.4310124828125 0.5136425484375 0.4310124828125 0.6942331921875 0.5354428203125 0.6942331921875 0.5354428203125 0.5136425484375 0.4310124828125 0.5136425484375
2 0.189873340625 0.49170162812499996 0.189873340625 0.7279884531249999 0.3740504796875 0.7279884531249999 0.3740504796875 0.49170162812499996 0.189873340625 0.49170162812499996
2 0.10063286874999999 0.5879041203125001 0.10063286874999999 0.672292271875 0.15664550625 0.672292271875 0.15664550625 0.5879041203125001 0.10063286874999999 0.5879041203125001
2 0.1528480375 0.574402015625 0.1528480375 0.6587901656249999 0.189873340625 0.6587901656249999 0.189873340625 0.574402015625 0.1528480375 0.574402015625
2 0.3683542828125 0.5575243875 0.3683542828125 0.5963429359375 0.3911390828125 0.5963429359375 0.3911390828125 0.5575243875 0.3683542828125 0.5575243875
2 0.523101053125 0.5473978078124999 0.523101053125 0.5862163609375 0.5449364890624999 0.5862163609375 0.5449364890624999 0.5473978078124999 0.523101053125 0.5473978078124999
2 0.5449364890624999 0.53895899375 0.5449364890624999 0.5929674125 0.5658225546875 0.5929674125 0.5658225546875 0.53895899375 0.5449364890624999 0.53895899375
2 0.56582255625 0.550773334375 0.56582255625 0.6014062250000001 0.594303559375 0.6014062250000001 0.594303559375 0.550773334375 0.56582255625 0.550773334375
2 0.5829111546875 0.5423345187499999 0.5829111546875 0.628410434375 0.6294301250000001 0.628410434375 0.6294301250000001 0.5423345187499999 0.5829111546875 0.5423345187499999
2 0.613290890625 0.53895899375 0.613290890625 0.645288065625 0.7006326265625 0.645288065625 0.7006326265625 0.53895899375 0.613290890625 0.53895899375
5 0.41962008281249996 0.5473978078124999 0.41962008281249996 0.5946551765625 0.42721501718750005 0.5946551765625 0.42721501718750005 0.5473978078124999 0.41962008281249996 0.5473978078124999
3 0.4063289484375 0.5608999125 0.4063289484375 0.6014062250000001 0.42911374999999996 0.6014062250000001 0.42911374999999996 0.5608999125 0.4063289484375 0.5608999125