2 0.0006029750000000001 0.3844717125 0.0006029750000000001 0.42983254375 0.0504741171875 0.42983254375 0.0504741171875 0.3844717125 0.0006029750000000001 0.3844717125
2 0.0504741171875 0.3844717125 0.0504741171875 0.4174614109375 0.0829483484375 0.4174614109375 0.0829483484375 0.3844717125 0.0504741171875 0.3844717125
2 0.1873298078125 0.306121184375 0.1873298078125 0.49787379375 0.2905514765625 0.49787379375 0.2905514765625 0.306121184375 0.1873298078125 0.306121184375
2 0.3114277671875 0.3721005765625 0.3114277671875 0.4277706890625 0.34738138125 0.4277706890625 0.34738138125 0.3721005765625 0.3114277671875 0.3721005765625
2 0.3589793234375 0.367976865625 0.3589793234375 0.417461409375 0.385654584375 0.417461409375 0.385654584375 0.367976865625 0.3589793234375 0.367976865625
2 0.37173705625000003 0.353543871875 0.37173705625000003 0.4009665625 0.3949329359375 0.4009665625 0.3949329359375 0.353543871875 0.37173705625000003 0.353543871875
2 0.3949329359375 0.357667584375 0.3949329359375 0.3906572828125 0.415809228125 0.3906572828125 0.415809228125 0.357667584375 0.3949329359375 0.357667584375
2 0.3984123171875 0.36591500625 0.3984123171875 0.4422036796875 0.4494432546875 0.4422036796875 0.4494432546875 0.36591500625 0.3984123171875 0.36591500625
2 0.44828345937499997 0.37828614374999997 0.44828345937499997 0.4071521296875 0.46104119375 0.4071521296875 0.46104119375 0.37828614374999997 0.44828345937499997 0.37828614374999997
2 0.45872160468749995 0.380348 0.45872160468749995 0.4092139828125 0.47495872187500005 0.4092139828125 0.47495872187500005 0.380348 0.45872160468749995 0.380348
2 0.4703195453125 0.3721005765625 0.4703195453125 0.41333769687500005 0.496994809375 0.41333769687500005 0.496994809375 0.3721005765625 0.4703195453125 0.3721005765625
2 0.5109123359375001 0.367976865625 0.5109123359375001 0.44632739375 0.554984509375 0.44632739375 0.554984509375 0.367976865625 0.5109123359375001 0.367976865625
2 0.5213504828125 0.380348 0.5213504828125 0.452512959375 0.5758608015625 0.452512959375 0.5758608015625 0.380348 0.5213504828125 0.380348
2 0.550345334375 0.353543871875 0.550345334375 0.460760384375 0.62573194375 0.460760384375 0.62573194375 0.353543871875 0.550345334375 0.353543871875
2 0.5909381234375 0.353543871875 0.5909381234375 0.47931708906250003 0.6848814359375 0.47931708906250003 0.6848814359375 0.353543871875 0.5909381234375 0.353543871875
2 0.6605257640625 0.357667584375 0.6605257640625 0.5143686421875 0.811298984375 0.5143686421875 0.811298984375 0.357667584375 0.6605257640625 0.357667584375
2 0.7881031046875 0.353543871875 0.7881031046875 0.4174614109375 0.835654659375 0.4174614109375 0.835654659375 0.353543871875 0.7881031046875 0.353543871875
2 0.7544690765625 0.380348 0.7544690765625 0.5865336015625 0.9980258187500001 0.5865336015625 0.9980258187500001 0.380348 0.7544690765625 0.380348
4 0.8426134218750001 0.32673974375000003 0.8426134218750001 0.3844717125 0.864649509375 0.3844717125 0.864649509375 0.32673974375000003 0.8426134218750001 0.32673974375000003
4 0.871608271875 0.337049025 0.871608271875 0.388595425 0.8936443593750001 0.388595425 0.8936443593750001 0.337049025 0.871608271875 0.337049025
2 0.093386496875 0.38653356875 0.093386496875 0.42570883125 0.14093804999999998 0.42570883125 0.14093804999999998 0.38653356875 0.093386496875 0.38653356875
2 0.1467370203125 0.380348 0.1467370203125 0.4195232640625 0.1722524875 0.4195232640625 0.1722524875 0.380348 0.1467370203125 0.380348
2 0.1734122796875 0.37828614374999997 0.1734122796875 0.41333769687500005 0.1954483671875 0.41333769687500005 0.1954483671875 0.37828614374999997 0.1734122796875 0.37828614374999997
4 0.895963946875 0.3349871671875 0.895963946875 0.380348003125 0.9203196203124999 0.380348003125 0.9203196203124999 0.3349871671875 0.895963946875 0.3349871671875