2 0.2638529640625 0.532499625 0.2638529640625 0.5512496140625001 0.290220134375 0.5512496140625001 0.290220134375 0.532499625 0.2638529640625 0.532499625
2 0.3244974546875 0.5301558796875 0.3244974546875 0.5559371125 0.3416361125 0.5559371125 0.3416361125 0.5301558796875 0.3244974546875 0.5301558796875
2 0.42732941562500004 0.49968715 0.42732941562500004 0.5207808843749999 0.44578643281249997 0.5207808843749999 0.44578643281249997 0.49968715 0.42732941562500004 0.49968715
2 0.3508646234375 0.5114058921875 0.3508646234375 0.5301558796875 0.3719583578125 0.5301558796875 0.3719583578125 0.5114058921875 0.3508646234375 0.5114058921875
2 0.7134132015625 0.5184371359375 0.7134132015625 0.54421836875 0.7226417125 0.54421836875 0.7226417125 0.5184371359375 0.7134132015625 0.5184371359375
2 0.7186866359375 0.52312463125 0.7186866359375 0.54421836875 0.7305518609375 0.54421836875 0.7305518609375 0.52312463125 0.7186866359375 0.52312463125
2 0.7265967875 0.5160933875 0.7265967875 0.5512496140625001 0.7463721640625 0.5512496140625001 0.7463721640625 0.5160933875 0.7265967875 0.5160933875
2 0.7384620125 0.5184371359375 0.7384620125 0.5512496140625001 0.7701026171875001 0.5512496140625001 0.7701026171875001 0.5184371359375 0.7384620125 0.5184371359375
2 0.762192465625 0.5160933875 0.762192465625 0.56062460625 0.8043799343750001 0.56062460625 0.8043799343750001 0.5160933875 0.762192465625 0.5160933875
2 0.799106503125 0.50906214375 0.799106503125 0.5770308453124999 0.8623877078125 0.5770308453124999 0.8623877078125 0.50906214375 0.799106503125 0.50906214375
2 0.42601105625 0.5301558796875 0.42601105625 0.548905865625 0.44051299843749997 0.548905865625 0.44051299843749997 0.5301558796875 0.42601105625 0.5301558796875
2 0.1662944375 0.534843375 0.1662944375 0.5606246078125 0.20584519218750003 0.5606246078125 0.20584519218750003 0.534843375 0.1662944375 0.534843375
2 0.3442728296875 0.539530871875 0.3442728296875 0.567655853125 0.37063999999999997 0.567655853125 0.37063999999999997 0.539530871875 0.3442728296875 0.539530871875
6 0.1109233828125 0.492655903125 0.1109233828125 0.537187121875 0.20980026562499998 0.537187121875 0.20980026562499998 0.492655903125 0.1109233828125 0.492655903125
2 0.38514194375 0.539530871875 0.38514194375 0.5699996015625 0.4194192640625 0.5699996015625 0.4194192640625 0.539530871875 0.38514194375 0.539530871875
6 0.39305209375 0.485624659375 0.39305209375 0.51374964375 0.43260284843749996 0.51374964375 0.43260284843749996 0.485624659375 0.39305209375 0.485624659375
2 0.8465674078125 0.5184371359375 0.8465674078125 0.6098433234375 0.9296239906249999 0.6098433234375 0.9296239906249999 0.5184371359375 0.8465674078125 0.5184371359375
1 0.6409034859375 0.441093440625 0.6409034859375 0.605155825 0.71604991875 0.605155825 0.71604991875 0.441093440625 0.6409034859375 0.441093440625
2 0.9414892171875 0.5137496390625 0.9414892171875 0.640312053125 0.9994969890625001 0.640312053125 0.9994969890625001 0.5137496390625 0.9414892171875 0.5137496390625
2 0.44256276093749997 0.53410804375 0.44256276093749997 0.5514379625 0.45523526406250003 0.5514379625 0.45523526406250003 0.53410804375 0.44256276093749997 0.53410804375