2 0.368326871875 0.3943701859375 0.368326871875 0.40925208125 0.3814814046875 0.40925208125 0.3814814046875 0.3943701859375 0.368326871875 0.3943701859375
2 0.358759940625 0.3943701859375 0.358759940625 0.40925208125 0.37071860624999997 0.40925208125 0.37071860624999997 0.3943701859375 0.358759940625 0.3943701859375
2 0.3228839484375 0.392244203125 0.3228839484375 0.41350405468749996 0.3312550140625 0.41350405468749996 0.3312550140625 0.392244203125 0.3228839484375 0.392244203125
2 0.316904615625 0.3943701859375 0.316904615625 0.41350404999999996 0.325275678125 0.41350404999999996 0.325275678125 0.3943701859375 0.316904615625 0.3943701859375
2 0.2786368875 0.392244203125 0.2786368875 0.4177560234375 0.297770753125 0.4177560234375 0.297770753125 0.392244203125 0.2786368875 0.392244203125
2 0.2750492875 0.3943701859375 0.2750492875 0.42200799375000003 0.2905955515625 0.42200799375000003 0.2905955515625 0.3943701859375 0.2750492875 0.3943701859375
2 0.2595030234375 0.3964961703125 0.2595030234375 0.42413397656249996 0.2786368859375 0.42413397656249996 0.2786368859375 0.3964961703125 0.2595030234375 0.3964961703125
2 0.245152628125 0.3986221578125 0.245152628125 0.42413397656249996 0.259503025 0.42413397656249996 0.259503025 0.3986221578125 0.245152628125 0.3986221578125
2 0.2331939625 0.3986221578125 0.2331939625 0.43051192499999996 0.243956759375 0.43051192499999996 0.243956759375 0.3986221578125 0.2331939625 0.3986221578125
2 0.221235296875 0.3986221578125 0.221235296875 0.432637915625 0.237977428125 0.432637915625 0.237977428125 0.3986221578125 0.221235296875 0.3986221578125
2 0.188946903125 0.39011821874999997 0.188946903125 0.4368898828125 0.22362702968749998 0.4368898828125 0.22362702968749998 0.39011821874999997 0.188946903125 0.39011821874999997
2 0.325275678125 0.3879922359375 0.325275678125 0.43901587031249995 0.36593513906249997 0.43901587031249995 0.36593513906249997 0.3879922359375 0.325275678125 0.3879922359375
2 0.3814814046875 0.385511925 0.3814814046875 0.4429135125 0.41974913281250004 0.4429135125 0.41974913281250004 0.385511925 0.3814814046875 0.385511925
2 0.43170779687499994 0.3940158625 0.43170779687499994 0.43440957812500003 0.461604459375 0.43440957812500003 0.461604459375 0.3940158625 0.43170779687499994 0.3940158625
2 0 0.501429025 0.0466678296875 0.501429025 0.0466678296875 0.40039381875 0 0.40039381875 0 0.501429025
2 0.1805758375 0.430866271875 0.1805758375 0.6389763187499999 0.3633131625 0.6389763187499999 0.3633131625 0.430866271875 0.1805758375 0.430866271875
2 0.45562540937499996 0.39259855 0.45562540937499996 0.47173627500000004 0.5154184500000001 0.47173627500000004 0.5154184500000001 0.39259855 0.45562540937499996 0.39259855
2 0.661314159375 0.3646063984375 0.661314159375 0.4581497328125 0.7079529531250001 0.4581497328125 0.7079529531250001 0.3646063984375 0.661314159375 0.3646063984375
4 0.8149830015624999 0.35397647656250003 0.8149830015624999 0.3837402640625 0.8293334 0.3837402640625 0.8293334 0.35397647656250003 0.8149830015624999 0.35397647656250003
2 0.8161788671875 0.38161428124999996 0.8161788671875 0.4283859453125 0.8484672625 0.4283859453125 0.8484672625 0.38161428124999996 0.8161788671875 0.38161428124999996