2 0.49493968125 0.28012346093749996 0.49493968125 0.30092470625 0.5054703125 0.30092470625 0.5054703125 0.28012346093749996 0.49493968125 0.28012346093749996
2 0.48323897968749996 0.28359033125 0.48323897968749996 0.31340545625 0.4996199609375 0.31340545625 0.4996199609375 0.28359033125 0.48323897968749996 0.28359033125
2 0.498449890625 0.29468433437499997 0.498449890625 0.3217259546875 0.51600094375 0.3217259546875 0.51600094375 0.29468433437499997 0.498449890625 0.29468433437499997
2 0.523021365625 0.28705721562500003 0.523021365625 0.341140459375 0.5546132609375001 0.341140459375 0.5546132609375001 0.28705721562500003 0.523021365625 0.28705721562500003
2 0.09331309531250001 0.29433765156249997 0.09331309531250001 0.33386002187499997 0.1401159015625 0.33386002187499997 0.1401159015625 0.29433765156249997 0.09331309531250001 0.29433765156249997
2 0.1237349203125 0.25689540625 0.1237349203125 0.38378301718749996 0.17872821875 0.38378301718749996 0.17872821875 0.25689540625 0.1237349203125 0.25689540625
2 0.012578254687500002 0.3192991453125 0.012578254687500002 0.3879432640625 0.11788457031249999 0.3879432640625 0.11788457031249999 0.3192991453125 0.012578254687500002 0.3192991453125
6 0.1652724109375 0.21321278437500002 0.1652724109375 0.38586313906249997 0.2846195671875 0.38586313906249997 0.2846195671875 0.21321278437500002 0.1652724109375 0.21321278437500002
2 0.535014584375 0.2880972765625 0.535014584375 0.35674139375 0.585327603125 0.35674139375 0.585327603125 0.2880972765625 0.535014584375 0.2880972765625
2 0.6110691453125 0.31721902343749997 0.6110691453125 0.35050102031249997 0.6239399171875 0.35050102031249997 0.6239399171875 0.31721902343749997 0.6110691453125 0.31721902343749997
6 0.6215997765625 0.175770540625 0.6215997765625 0.38378301718749996 0.7561578453125 0.38378301718749996 0.7561578453125 0.175770540625 0.6215997765625 0.175770540625
6 0.746797284375 0.0967257984375 0.746797284375 0.3983438875 0.953899703125 0.3983438875 0.953899703125 0.0967257984375 0.746797284375 0.0967257984375
4 0.9601888125 0.317367596875 0.9601888125 0.386011715625 0.9847602859375 0.386011715625 0.9847602859375 0.317367596875 0.9601888125 0.317367596875
4 0.983590215625 0.2799253515625 0.983590215625 0.390171965625 0.9988011296874999 0.390171965625 0.9988011296874999 0.2799253515625 0.983590215625 0.2799253515625