2 0.5635618203125 0.5017929031249999 0.5635618203125 0.5400004828125 0.59794864375 0.5400004828125 0.59794864375 0.5017929031249999 0.5635618203125 0.5017929031249999
2 0.5965158578125 0.48905704375000003 0.5965158578125 0.529811796875 0.626604328125 0.529811796875 0.626604328125 0.48905704375000003 0.5965158578125 0.48905704375000003
2 0.6036797796875 0.4941513890625 0.6036797796875 0.5578306890625 0.6509616609375 0.5578306890625 0.6509616609375 0.4941513890625 0.6036797796875 0.4941513890625
2 0.6380666015625 0.504340075 0.6380666015625 0.56292503125 0.6810501328125 0.56292503125 0.6810501328125 0.504340075 0.6380666015625 0.504340075
2 0.658125584375 0.49924573125 0.658125584375 0.573113721875 0.72116809375 0.573113721875 0.72116809375 0.49924573125 0.658125584375 0.49924573125
2 0.7011091125 0.504340075 0.7011091125 0.5985854421875 0.77991225 0.5985854421875 0.77991225 0.504340075 0.7011091125 0.504340075
2 0.8615809546875 0.4941513890625 0.8615809546875 0.5578306890625 0.9045644828125001 0.5578306890625 0.9045644828125001 0.4941513890625 0.8615809546875 0.4941513890625
2 0.7422084046874999 0.487440978125 0.7422084046874999 0.6167188015625 0.8816399359375 0.6167188015625 0.8816399359375 0.487440978125 0.7422084046874999 0.487440978125
2 0.35150974218750003 0.4839626984375 0.35150974218750003 0.547642 0.4088211140625 0.547642 0.4088211140625 0.4839626984375 0.35150974218750003 0.4839626984375
2 0.486381321875 0.4980375203125 0.486381321875 0.5467816187500001 0.5185683234375 0.5467816187500001 0.5185683234375 0.4980375203125 0.486381321875 0.4980375203125
2 0.854982084375 0.4683672 0.854982084375 0.680298059375 0.9992275265625 0.680298059375 0.9992275265625 0.4683672 0.854982084375 0.4683672
2 0.47922865625 0.5086340640625 0.47922865625 0.5340657671875 0.48995765625 0.5340657671875 0.48995765625 0.5086340640625 0.47922865625 0.5086340640625
2 0.5567158765625 0.5022761375 0.5567158765625 0.5340657671875 0.566252765625 0.5340657671875 0.566252765625 0.5022761375 0.5567158765625 0.5022761375