2 0.5927740578125 0.48069008437500005 0.5927740578125 0.6348806687499999 0.7206884578125 0.6348806687499999 0.7206884578125 0.48069008437500005 0.5927740578125 0.48069008437500005
2 0.41057403125 0.5202545640625 0.41057403125 0.53356598125 0.4155658125 0.53356598125 0.4155658125 0.5202545640625 0.41057403125 0.5202545640625
2 0.4136938953125 0.5213638484375 0.4136938953125 0.5324566953125001 0.4205575921875 0.5324566953125001 0.4205575921875 0.5213638484375 0.4136938953125 0.5213638484375
2 0.3999664953125 0.51803599375 0.3999664953125 0.5413309749999999 0.411198003125 0.5413309749999999 0.411198003125 0.51803599375 0.3999664953125 0.51803599375
2 0.3849911515625 0.5102710015625 0.3849911515625 0.565735240625 0.4043343046875 0.565735240625 0.4043343046875 0.5102710015625 0.3849911515625 0.5102710015625
2 0.29181123124999997 0.5143384015625 0.29181123124999997 0.536524096875 0.3117783578125 0.536524096875 0.3117783578125 0.5143384015625 0.29181123124999997 0.5143384015625
2 0.2206783453125 0.4895643625 0.2206783453125 0.5993835562500001 0.3030427390625 0.5993835562500001 0.3030427390625 0.4895643625 0.2206783453125 0.4895643625
2 0.130826275 0.506203634375 0.130826275 0.5993835562500001 0.219430396875 0.5993835562500001 0.219430396875 0.506203634375 0.130826275 0.506203634375
2 0.419933621875 0.5150779125 0.419933621875 0.5417007468749999 0.43740485625 0.5417007468749999 0.43740485625 0.5150779125 0.419933621875 0.5150779125
2 0.45050828281250005 0.5084222046875 0.45050828281250005 0.5516843109375 0.47671513593750003 0.5516843109375 0.47671513593750003 0.5084222046875 0.45050828281250005 0.5084222046875
2 0.29888291875 0.496220071875 0.29888291875 0.6260063921875 0.3974706046875 0.6260063921875 0.3974706046875 0.496220071875 0.29888291875 0.496220071875