2 0.258445240625 0.529112971875 0.258445240625 0.6314516953125 0.3135611734375 0.6314516953125 0.3135611734375 0.529112971875 0.258445240625 0.529112971875
4 0.22415088125 0.5595968453125 0.22415088125 0.6140323375000001 0.23884846249999997 0.6140323375000001 0.23884846249999997 0.5595968453125 0.22415088125 0.5595968453125
4 0.132290990625 0.5661291046875 0.132290990625 0.61185491875 0.146988571875 0.61185491875 0.146988571875 0.5661291046875 0.132290990625 0.5661291046875
4 0.15801175781250001 0.5661291046875 0.15801175781250001 0.618387175 0.16413575 0.618387175 0.16413575 0.5661291046875 0.15801175781250001 0.5661291046875
2 0.000012745312499999999 0.5225807125 0.000012745312499999999 0.7359678374999999 0.143314178125 0.7359678374999999 0.143314178125 0.5225807125 0.000012745312499999999 0.5225807125
2 0.2706932234375 0.33750004375 0.2706932234375 0.9362904437499999 0.6185360125 0.9362904437499999 0.6185360125 0.33750004375 0.2706932234375 0.33750004375
4 0.6148616171875 0.5312903906249999 0.6148616171875 0.6009678187499999 0.6271096 0.6009678187499999 0.6271096 0.5312903906249999 0.6148616171875 0.5312903906249999
4 0.6601791625 0.5334678109375 0.6601791625 0.6140323390625 0.6797759390625 0.6140323390625 0.6797759390625 0.5334678109375 0.6601791625 0.5334678109375
4 0.6822255359375 0.5225807125 0.6822255359375 0.61185491875 0.7128454984375 0.61185491875 0.7128454984375 0.5225807125 0.6822255359375 0.5225807125
4 0.7189694921875 0.5269355515624999 0.7189694921875 0.6096774968750001 0.736116671875 0.6096774968750001 0.736116671875 0.5269355515624999 0.7189694921875 0.5269355515624999
4 0.797356596875 0.50516135625 0.797356596875 0.6140323375000001 0.8169533765624999 0.6140323375000001 0.8169533765624999 0.50516135625 0.797356596875 0.50516135625
4 0.8169533765624999 0.511693615625 0.8169533765624999 0.622742015625 0.8389997499999999 0.622742015625 0.8389997499999999 0.511693615625 0.8169533765624999 0.511693615625
4 0.8757437046875 0.483387159375 0.8757437046875 0.64669363125 0.9308596390625 0.64669363125 0.9308596390625 0.483387159375 0.8757437046875 0.483387159375