4 0.892345365625 0.375020940625 0.892345365625 0.4762867203125 0.92082636875 0.4762867203125 0.92082636875 0.375020940625 0.892345365625 0.375020940625
4 0.8353833640625 0.37839646718750003 0.8353833640625 0.503290934375 0.8667124656249999 0.503290934375 0.8667124656249999 0.37839646718750003 0.8353833640625 0.37839646718750003
4 0.8239909640624999 0.37839646718750003 0.8239909640624999 0.483037771875 0.84202893125 0.483037771875 0.84202893125 0.37839646718750003 0.8239909640624999 0.37839646718750003
4 0.8078517296875001 0.37164541406249996 0.8078517296875001 0.46447238124999995 0.8268390640625001 0.46447238124999995 0.8268390640625001 0.37164541406249996 0.8078517296875001 0.37164541406249996
4 0.707218859375 0.3817719921875 0.707218859375 0.4121517265625 0.7195606265625 0.4121517265625 0.7195606265625 0.3817719921875 0.707218859375 0.3817719921875
4 0.9701472828125001 0.36330856875 0.9701472828125001 0.5236460562499999 0.9986282828125 0.5236460562499999 0.9986282828125 0.36330856875 0.9701472828125001 0.36330856875
5 0.682489171875 0.3903127796875 0.682489171875 0.5017051390625 0.7071727046875 0.5017051390625 0.7071727046875 0.3903127796875 0.682489171875 0.3903127796875
0 0.679641071875 0.4375701421875 0.679641071875 0.5101439546875 0.7119195406250001 0.5101439546875 0.7119195406250001 0.4375701421875 0.679641071875 0.4375701421875
4 0.1367088046875 0.39746819375000003 0.1367088046875 0.47172976718750004 0.15379740625 0.47172976718750004 0.15379740625 0.39746819375000003 0.1367088046875 0.39746819375000003
4 0.1243670375 0.40084371875 0.1243670375 0.48016858124999995 0.143354371875 0.48016858124999995 0.143354371875 0.40084371875 0.1243670375 0.40084371875
4 0.106329071875 0.41434582343750004 0.106329071875 0.4902951640625 0.1186708390625 0.4902951640625 0.1186708390625 0.41434582343750004 0.106329071875 0.41434582343750004
4 0.1148733703125 0.4042192453125 0.1148733703125 0.49535845156249997 0.1281645046875 0.49535845156249997 0.1281645046875 0.4042192453125 0.1148733703125 0.4042192453125
4 0.294303678125 0.40253148124999993 0.294303678125 0.47004200625000003 0.3075948140625 0.47004200625000003 0.3075948140625 0.40253148124999993 0.294303678125 0.40253148124999993
4 0.5183542203125 0.38723718906250004 0.5183542203125 0.43848084062500003 0.5261390234375 0.43848084062500003 0.5261390234375 0.38723718906250004 0.5183542203125 0.38723718906250004
5 0.349366946875 0.3969618640625 0.349366946875 0.4194091109375 0.35506314843750003 0.4194091109375 0.35506314843750003 0.3969618640625 0.349366946875 0.3969618640625
3 0.349366946875 0.410970296875 0.349366946875 0.4329112171875 0.3560125140625 0.4329112171875 0.3560125140625 0.410970296875 0.349366946875 0.410970296875
0 0.3303796125 0.401350053125 0.3303796125 0.4556960140625 0.343670746875 0.4556960140625 0.343670746875 0.401350053125 0.3303796125 0.401350053125
0 0.284810009375 0.3985531890625 0.284810009375 0.43905950312500003 0.294303678125 0.43905950312500003 0.294303678125 0.3985531890625 0.284810009375 0.3985531890625
0 0.277215078125 0.401928715625 0.277215078125 0.46268818593749994 0.29240494375 0.46268818593749994 0.29240494375 0.401928715625 0.277215078125 0.401928715625
0 0.262025209375 0.3985531890625 0.262025209375 0.4761902828125 0.2848100140625 0.4761902828125 0.2848100140625 0.3985531890625 0.262025209375 0.3985531890625
0 0.2430378765625 0.39602243593750003 0.2430378765625 0.48294134062499994 0.2658226796875 0.48294134062499994 0.2658226796875 0.39602243593750003 0.2430378765625 0.39602243593750003
0 0.208860675 0.3951776640625 0.208860675 0.49813121093749996 0.24683534218749997 0.49813121093749996 0.24683534218749997 0.3951776640625 0.208860675 0.3951776640625
0 0.299999878125 0.3918021390625 0.299999878125 0.46943923749999994 0.3332277140625 0.46943923749999994 0.3332277140625 0.3918021390625 0.299999878125 0.3918021390625
0 0.1443037390625 0.3985531890625 0.1443037390625 0.5183843640625 0.217404975 0.5183843640625 0.217404975 0.3985531890625 0.1443037390625 0.3985531890625
2 0.3381644171875 0.397974528125 0.3381644171875 0.419915446875 0.34765808593749997 0.419915446875 0.34765808593749997 0.397974528125 0.3381644171875 0.397974528125
2 0.356582140625 0.39291123125 0.356582140625 0.40641333125 0.3679745390625 0.40641333125 0.3679745390625 0.39291123125 0.356582140625 0.39291123125
2 0.37462010625 0.39459899374999996 0.37462010625 0.413164390625 0.3831644078125 0.413164390625 0.3831644078125 0.39459899374999996 0.37462010625 0.39459899374999996
2 0.403101109375 0.39459899374999996 0.403101109375 0.41822767968749996 0.4201897078125 0.41822767968749996 0.4201897078125 0.39459899374999996 0.403101109375 0.39459899374999996
2 0.434430209375 0.39628675625 0.434430209375 0.42497872968749995 0.443923878125 0.42497872968749995 0.443923878125 0.39628675625 0.434430209375 0.39628675625
2 0.451518809375 0.39797452031249997 0.451518809375 0.42160319843750005 0.466708678125 0.42160319843750005 0.466708678125 0.39797452031249997 0.451518809375 0.39797452031249997
2 0.384113775 0.39122347031250004 0.384113775 0.401350053125 0.398354275 0.401350053125 0.398354275 0.39122347031250004 0.384113775 0.39122347031250004
2 0.3598099796875 0.3969618640625 0.3598099796875 0.41890278593749997 0.37405048281250003 0.41890278593749997 0.37405048281250003 0.3969618640625 0.3598099796875 0.3969618640625
2 0.38164541406249997 0.40371291875 0.38164541406249997 0.4324048859375 0.40443021718749994 0.4324048859375 0.40443021718749994 0.40371291875 0.38164541406249997 0.40371291875
2 0.41487325 0.39358634062500003 0.41487325 0.4324048828125 0.437658053125 0.4324048828125 0.437658053125 0.39358634062500003 0.41487325 0.39358634062500003
2 0.4765820859375 0.40072316875 0.4765820859375 0.456419346875 0.514556753125 0.456419346875 0.514556753125 0.40072316875 0.4765820859375 0.40072316875
2 0.5715187546875 0.39156102187499997 0.5715187546875 0.4590715453125 0.6170883593750001 0.4590715453125 0.6170883593750001 0.39156102187499997 0.5715187546875 0.39156102187499997
2 0.6958857953125 0.3966243125 0.6958857953125 0.50632890625 0.8117085296875001 0.50632890625 0.8117085296875001 0.3966243125 0.6958857953125 0.3966243125
2 0.59999975625 0.389873259375 0.59999975625 0.4725736484375 0.688290859375 0.4725736484375 0.688290859375 0.389873259375 0.59999975625 0.389873259375
2 0.5259491546875 0.40506312656250004 0.5259491546875 0.46244706874999997 0.5848098921875 0.46244706874999997 0.5848098921875 0.40506312656250004 0.5259491546875 0.40506312656250004
4 0.7826606375 0.37845194375 0.7826606375 0.41505713593750004 0.8016038265625 0.41505713593750004 0.8016038265625 0.37845194375 0.7826606375 0.37845194375
2 0 0.6171178046875 0.0694084453125 0.6171178046875 0.0694084453125 0.369666696875 0 0.369666696875 0 0.6171178046875