2 0.42299595781250005 0.456727246875 0.42299595781250005 0.47690995625 0.43561015156250005 0.47690995625 0.43561015156250005 0.456727246875 0.42299595781250005 0.456727246875
2 0.4116431828125 0.4544847234375 0.4116431828125 0.4813950046875 0.4255187953125 0.4813950046875 0.4255187953125 0.4544847234375 0.4116431828125 0.4544847234375
2 0.362447828125 0.456727246875 0.362447828125 0.499335190625 0.38515337656250004 0.499335190625 0.38515337656250004 0.456727246875 0.362447828125 0.456727246875
2 0.34226511875 0.4589697703125 0.34226511875 0.508305284375 0.3750620234375 0.508305284375 0.3750620234375 0.4589697703125 0.34226511875 0.4589697703125
2 0.3059843 0.4523489953125 0.3059843 0.5061695562499999 0.350133978125 0.5061695562499999 0.350133978125 0.4523489953125 0.3059843 0.4523489953125
2 0.2656188796875 0.4613190875 0.2656188796875 0.5308373109375 0.3211213328125 0.5308373109375 0.3211213328125 0.4613190875 0.2656188796875 0.4613190875
2 0.2227306203125 0.45459151875000003 0.2227306203125 0.5487775 0.2807559140625 0.5487775 0.2807559140625 0.45459151875000003 0.2227306203125 0.45459151875000003
2 0.498981465625 0.445621425 0.498981465625 0.4837443203125 0.514118496875 0.4837443203125 0.514118496875 0.445621425 0.498981465625 0.445621425
2 0.5103342390625001 0.4388938546875 0.5103342390625001 0.49271441562499996 0.539346884375 0.49271441562499996 0.539346884375 0.4388938546875 0.5103342390625001 0.4388938546875
2 0.5166413359375001 0.45459151875000003 0.5166413359375001 0.4994419859375 0.5469154015625 0.4994419859375 0.5469154015625 0.45459151875000003 0.5166413359375001 0.45459151875000003
2 0.57340520625 0.43665133125000005 0.57340520625 0.47028918124999997 0.589803659375 0.47028918124999997 0.589803659375 0.43665133125000005 0.57340520625 0.43665133125000005
2 0.5292555296875 0.4388938546875 0.5292555296875 0.5128971250000001 0.580973725 0.5128971250000001 0.580973725 0.4388938546875 0.5292555296875 0.4388938546875
2 0.4472632703125 0.44530106875 0.4472632703125 0.5394870468749999 0.5141184984375 0.5394870468749999 0.5141184984375 0.44530106875 0.4472632703125 0.44530106875
2 0.6314305 0.40974105312500003 0.6314305 0.6138106796875 0.8244276640624999 0.6138106796875 0.8244276640624999 0.40974105312500003 0.6314305 0.40974105312500003
2 0.10415719999999999 0.4433789015625 0.10415719999999999 0.580172825 0.24417475 0.580172825 0.24417475 0.4433789015625 0.10415719999999999 0.4433789015625
2 0 0.6541760953125 0.060007521875000004 0.6541760953125 0.060007521875000004 0.42095366875 0 0.42095366875 0 0.6541760953125
2 1 0.5353223578125 0.9058793171874999 0.5353223578125 0.9058793171874999 0.8470331 1 0.8470331 1 0.5353223578125
2 0.3841923015625 0.45459151875000003 0.3841923015625 0.48822937031249997 0.4106821078125 0.48822937031249997 0.4106821078125 0.45459151875000003 0.3841923015625 0.45459151875000003