2 0.765378103125 0.4553256078125 0.765378103125 0.515236871875 0.817051565625 0.515236871875 0.817051565625 0.4553256078125 0.765378103125 0.4553256078125
2 0.7148279734375 0.42337293281250005 0.7148279734375 0.515236871875 0.8136815578125001 0.515236871875 0.8136815578125001 0.42337293281250005 0.7148279734375 0.42337293281250005
2 0.420127740625 0.445340396875 0.420127740625 0.451331521875 0.4291144296875 0.451331521875 0.4291144296875 0.445340396875 0.420127740625 0.445340396875
2 0.41310688906250004 0.43835075 0.41310688906250004 0.45432708593750004 0.4187235703125 0.45432708593750004 0.4187235703125 0.43835075 0.41310688906250004 0.43835075
2 0.4029968640625 0.4363537078125 0.4029968640625 0.45432708593750004 0.41310688906250004 0.45432708593750004 0.41310688906250004 0.4363537078125 0.4029968640625 0.4363537078125
2 0.3940101734375 0.43835075 0.3940101734375 0.45432708593750004 0.40299686250000005 0.45432708593750004 0.40299686250000005 0.43835075 0.3940101734375 0.43835075
2 0.465903690625 0.4343566671875 0.465903690625 0.450333003125 0.4726437078125 0.450333003125 0.4726437078125 0.4343566671875 0.465903690625 0.4343566671875
2 0.470397034375 0.43235962343749995 0.470397034375 0.45632413125 0.481630396875 0.45632413125 0.481630396875 0.43235962343749995 0.470397034375 0.43235962343749995
2 0.477137053125 0.4343566671875 0.477137053125 0.470303425 0.49735710468749994 0.470303425 0.49735710468749994 0.4343566671875 0.477137053125 0.4343566671875
2 0.37154345 0.43235962343749995 0.37154345 0.4543270875 0.381653475 0.4543270875 0.381653475 0.43235962343749995 0.37154345 0.43235962343749995
2 0.3636800953125 0.4343566671875 0.3636800953125 0.45832116875000006 0.37603679375 0.45832116875000006 0.37603679375 0.4343566671875 0.3636800953125 0.4343566671875
2 0.318746646875 0.4283655390625 0.318746646875 0.46231525625 0.3344733546875 0.46231525625 0.3344733546875 0.4283655390625 0.318746646875 0.4283655390625
2 0.3448642140625 0.4353551859375 0.3448642140625 0.45931969375000004 0.36733093906250003 0.45931969375000004 0.36733093906250003 0.4353551859375 0.3448642140625 0.4353551859375
2 0.25724399062500003 0.42337293281250005 0.25724399062500003 0.48727828124999994 0.31902748281250004 0.48727828124999994 0.31902748281250004 0.42337293281250005 0.25724399062500003 0.42337293281250005
2 0.17861045625 0.43335814375000004 0.17861045625 0.5052516609375 0.261737334375 0.5052516609375 0.261737334375 0.43335814375000004 0.17861045625 0.43335814375000004
2 0.0011233359375 0.43364343906249997 0.0011233359375 0.5631658828125 0.0606601546875 0.5631658828125 0.0606601546875 0.43364343906249997 0.0011233359375 0.43364343906249997
2 0.485655696875 0.43402383125000005 0.485655696875 0.48794396874999996 0.52160245625 0.48794396874999996 0.52160245625 0.43402383125000005 0.485655696875 0.43402383125000005
2 0.4437178015625 0.43335814375000004 0.4437178015625 0.44933448125000003 0.4549511625 0.44933448125000003 0.4549511625 0.43335814375000004 0.4437178015625 0.43335814375000004