2 0.33325116875 0.5001802578125 0.33325116875 0.519604734375 0.3605668390625 0.519604734375 0.3605668390625 0.5001802578125 0.33325116875 0.5001802578125
2 0.3236906828125 0.505036378125 0.3236906828125 0.519604734375 0.342811653125 0.519604734375 0.342811653125 0.505036378125 0.3236906828125 0.505036378125
2 0.3141302 0.505036378125 0.3141302 0.522032790625 0.32915381718750003 0.522032790625 0.32915381718750003 0.505036378125 0.3141302 0.505036378125
2 0.2895460984375 0.51474861875 0.2895460984375 0.5390292125 0.32095911718750003 0.5390292125 0.32095911718750003 0.51474861875 0.2895460984375 0.51474861875
2 0.28135139531250003 0.51474861875 0.28135139531250003 0.5390292125 0.31549598125 0.5390292125 0.31549598125 0.51474861875 0.28135139531250003 0.51474861875
2 0.28135139531250003 0.5171766765625 0.28135139531250003 0.5366011515625 0.3141301984375 0.5366011515625 0.3141301984375 0.5171766765625 0.28135139531250003 0.5171766765625
2 0.266327778125 0.51474861875 0.266327778125 0.5463133921875001 0.2991065828125 0.5463133921875001 0.2991065828125 0.51474861875 0.266327778125 0.51474861875
2 0.2594988609375 0.519604734375 0.2594988609375 0.54874145 0.2922776625 0.54874145 0.2922776625 0.519604734375 0.2594988609375 0.519604734375
2 0.24037789062499998 0.519604734375 0.24037789062499998 0.5463133890625 0.2772540453125 0.5463133890625 0.2772540453125 0.519604734375 0.24037789062499998 0.519604734375
2 0.22672005781250001 0.5244608546875 0.22672005781250001 0.54874145 0.2608646421875 0.54874145 0.2608646421875 0.5244608546875 0.22672005781250001 0.5244608546875
2 0.21715957187499998 0.5268889140625 0.21715957187499998 0.5608817484374999 0.25266994375 0.5608817484374999 0.25266994375 0.5268889140625 0.21715957187499998 0.5268889140625
2 0.1994043875 0.52203279375 0.1994043875 0.5633098078125001 0.241743675 0.5633098078125001 0.241743675 0.52203279375 0.1994043875 0.52203279375
2 0.18028341875 0.5244608546875 0.18028341875 0.56330980625 0.228085840625 0.56330980625 0.228085840625 0.5244608546875 0.18028341875 0.5244608546875
2 0.15160196718750002 0.5268889140625 0.15160196718750002 0.568165925 0.202135953125 0.568165925 0.202135953125 0.5268889140625 0.15160196718750002 0.5268889140625
2 0.15160196718750002 0.53174503125 0.15160196718750002 0.5657378640624999 0.1980386046875 0.5657378640624999 0.1980386046875 0.53174503125 0.15160196718750002 0.53174503125
2 0.12565208125 0.5366011515625 0.12565208125 0.575450103125 0.1789176375 0.575450103125 0.1789176375 0.5366011515625 0.12565208125 0.5366011515625
2 0.1051653265625 0.5463133921875001 0.1051653265625 0.5754501046875 0.1365783484375 0.5754501046875 0.1365783484375 0.5463133921875001 0.1051653265625 0.5463133921875001
2 0.076483875 0.5414572703125 0.076483875 0.5584536875 0.09560484375 0.5584536875 0.09560484375 0.5414572703125 0.076483875 0.5414572703125
2 0.066923390625 0.5390292109375 0.066923390625 0.5608817484374999 0.084678575 0.5608817484374999 0.084678575 0.5390292109375 0.066923390625 0.5390292109375
2 0.0505339875 0.54388533125 0.0505339875 0.5633098078125001 0.0723865234375 0.5633098078125001 0.0723865234375 0.54388533125 0.0505339875 0.54388533125
2 0.036876153125 0.54388533125 0.036876153125 0.5608817484374999 0.06965495625 0.5608817484374999 0.06965495625 0.54388533125 0.036876153125 0.54388533125
2 0.01912096875 0.54874145 0.01912096875 0.5705939812499999 0.039607721875 0.5705939812499999 0.039607721875 0.54874145 0.01912096875 0.54874145
2 0 0.57302204375 0.0218525359375 0.57302204375 0.0218525359375 0.5511695078125001 0 0.5511695078125001 0 0.57302204375
2 0.0915074921875 0.53478010625 0.0915074921875 0.559060703125 0.1133600265625 0.559060703125 0.1133600265625 0.53478010625 0.0915074921875 0.53478010625
2 0.10926267812499998 0.532352046875 0.10926267812499998 0.5493484640624999 0.12838364687499998 0.5493484640624999 0.12838364687499998 0.532352046875 0.10926267812499998 0.532352046875
2 0.3537379203125 0.5056433921875 0.3537379203125 0.5347801046875 0.38378515625 0.5347801046875 0.38378515625 0.5056433921875 0.3537379203125 0.5056433921875
2 0.3223249 0.5153556312500001 0.3223249 0.5444923453125 0.3469090015625 0.5444923453125 0.3469090015625 0.5153556312500001 0.3223249 0.5153556312500001
2 0.3974429921875 0.5032153328125 0.3974429921875 0.546920403125 0.426124446875 0.546920403125 0.426124446875 0.5032153328125 0.3974429921875 0.5032153328125
2 0.45070854687499995 0.48621891406250006 0.45070854687499995 0.5129275718749999 0.46846373124999996 0.5129275718749999 0.46846373124999996 0.48621891406250006 0.45070854687499995 0.48621891406250006
2 0.431587578125 0.48864697812499996 0.431587578125 0.5080714562499999 0.447976978125 0.5080714562499999 0.447976978125 0.48864697812499996 0.431587578125 0.48864697812499996
2 0.43978227968750006 0.49593115625 0.43978227968750006 0.522639809375 0.4589032484375 0.522639809375 0.4589032484375 0.49593115625 0.43978227968750006 0.49593115625
2 0.47938999843749996 0.48379085625 0.47938999843749996 0.49835921406250006 0.49031626875 0.49835921406250006 0.49031626875 0.48379085625 0.47938999843749996 0.48379085625
2 0.535387121875 0.48136279843749996 0.535387121875 0.5007872734375 0.5463133906250001 0.5007872734375 0.5463133906250001 0.48136279843749996 0.535387121875 0.48136279843749996
2 0.524460853125 0.48379085625 0.524460853125 0.5032153359375 0.53675290625 0.5032153359375 0.53675290625 0.48379085625 0.524460853125 0.48379085625
2 0.5135345859375 0.48621891406250006 0.5135345859375 0.5056433921875 0.5258266359375 0.5056433921875 0.5258266359375 0.48621891406250006 0.5135345859375 0.48621891406250006
2 0.497145184375 0.48621891406250006 0.497145184375 0.5007872734375 0.512168803125 0.5007872734375 0.512168803125 0.48621891406250006 0.497145184375 0.48621891406250006
2 0.9524973953125 0.3846046234375 0.9524973953125 0.4817270015625 0.998934034375 0.4817270015625 0.998934034375 0.3846046234375 0.9524973953125 0.3846046234375
2 0.8664530359375 0.4040291046875 0.8664530359375 0.49532414375 0.9839104140625 0.49532414375 0.9839104140625 0.4040291046875 0.8664530359375 0.4040291046875
2 0.77904289375 0.41762623593750003 0.77904289375 0.5098924968749999 0.8910371390625 0.5098924968749999 0.8910371390625 0.41762623593750003 0.77904289375 0.41762623593750003