2 0.23677936093750002 0.26402221875 0.23677936093750002 0.2739853203125 0.25639421875 0.2739853203125 0.25639421875 0.26402221875 0.23677936093750002 0.26402221875
2 0.23397723906249998 0.27149454687499996 0.23397723906249998 0.288929975 0.2507899734375 0.288929975 0.2507899734375 0.27149454687499996 0.23397723906249998 0.27149454687499996
2 0.21156025781249999 0.2690037703125 0.21156025781249999 0.2839484234375 0.23397723906249998 0.2839484234375 0.23397723906249998 0.2690037703125 0.21156025781249999 0.2690037703125
2 0.25639421875 0.26153144375 0.25639421875 0.28145765312500004 0.2704048328125 0.28145765312500004 0.2704048328125 0.26153144375 0.25639421875 0.26153144375
2 0.2648005875 0.26402221875 0.2648005875 0.2964023046875 0.28301438437500004 0.2964023046875 0.28301438437500004 0.26402221875 0.2648005875 0.26402221875
2 0.27741014062499997 0.26402221875 0.27741014062499997 0.2988930796875 0.29001969375000003 0.2988930796875 0.29001969375000003 0.26402221875 0.27741014062499997 0.26402221875
2 0.3292494078125 0.2764760984375 0.3292494078125 0.3213100578125 0.3600727546875 0.3213100578125 0.3600727546875 0.2764760984375 0.3292494078125 0.2764760984375
2 0.393698228125 0.2440960140625 0.393698228125 0.2939115296875 0.43432900625000004 0.2939115296875 0.43432900625000004 0.2440960140625 0.393698228125 0.2440960140625
2 0.43292794375000004 0.251568340625 0.43292794375000004 0.29142075156249997 0.45254280312499995 0.29142075156249997 0.45254280312499995 0.251568340625 0.43292794375000004 0.251568340625
2 0.2816133234375 0.251568340625 0.2816133234375 0.3412362640625 0.3404578984375 0.3412362640625 0.3404578984375 0.251568340625 0.2816133234375 0.251568340625
2 0.5646277078125 0.23911446406249998 0.5646277078125 0.311346959375 0.6304775890625 0.311346959375 0.6304775890625 0.23911446406249998 0.5646277078125 0.23911446406249998
2 0.5282001140625 0.229151359375 0.5282001140625 0.26402221875 0.5646277093750001 0.26402221875 0.5646277093750001 0.229151359375 0.5282001140625 0.229151359375
2 0.4917725203125 0.24658679062500002 0.4917725203125 0.2889299765625 0.529601175 0.2889299765625 0.529601175 0.24658679062500002 0.4917725203125 0.24658679062500002
4 0.481965090625 0.24658679062500002 0.481965090625 0.3487085921875 0.5015799484375 0.3487085921875 0.5015799484375 0.24658679062500002 0.481965090625 0.24658679062500002
4 0.47355872187500003 0.24658679062500002 0.47355872187500003 0.35618091875 0.4917725203125 0.35618091875 0.4917725203125 0.24658679062500002 0.47355872187500003 0.24658679062500002