2 0.1875037453125 0.46490788125 0.1875037453125 0.49194950156250006 0.21675549843750003 0.49194950156250006 0.21675549843750003 0.46490788125 0.1875037453125 0.46490788125
2 0.14538121875 0.47114825624999995 0.14538121875 0.496109753125 0.17229283281250002 0.496109753125 0.17229283281250002 0.47114825624999995 0.14538121875 0.47114825624999995
2 0.075177009375 0.494029628125 0.075177009375 0.5189911265625 0.09974848124999999 0.5189911265625 0.09974848124999999 0.494029628125 0.075177009375 0.494029628125
2 0.0260340609375 0.48986937656249996 0.0260340609375 0.521071246875 0.05411574375 0.521071246875 0.05411574375 0.48986937656249996 0.0260340609375 0.48986937656249996
2 0.303340690625 0.45034700625 0.303340690625 0.46282775468750004 0.315041390625 0.46282775468750004 0.315041390625 0.45034700625 0.303340690625 0.45034700625
2 0.3302523046875 0.46490788125 0.3302523046875 0.4815488796875 0.3431230765625 0.4815488796875 0.3431230765625 0.46490788125 0.3302523046875 0.46490788125
2 0.3173815328125 0.4857091265625 0.3173815328125 0.50027 0.34195300624999997 0.50027 0.34195300624999997 0.4857091265625 0.3173815328125 0.4857091265625
2 0.3583339890625 0.483629003125 0.3583339890625 0.498189875 0.37588504375 0.498189875 0.37588504375 0.483629003125 0.3583339890625 0.483629003125
2 0.4285381984375 0.4794687546875 0.4285381984375 0.496109753125 0.44023890000000004 0.496109753125 0.44023890000000004 0.4794687546875 0.4285381984375 0.4794687546875
2 0.4694906546875 0.4857091265625 0.4694906546875 0.50027 0.48353149531249995 0.50027 0.48353149531249995 0.4857091265625 0.4694906546875 0.4857091265625
2 0.45310967187499995 0.481548878125 0.45310967187499995 0.5044302515625 0.46832058437499996 0.5044302515625 0.46832058437499996 0.481548878125 0.45310967187499995 0.481548878125