2 0.8789263390625001 0.5390017140625 0.8789263390625001 0.5889092796875001 0.9238431468750001 0.5889092796875001 0.9238431468750001 0.5390017140625 0.8789263390625001 0.5390017140625
2 0.7869872453125 0.5320591859375 0.7869872453125 0.586413903125 0.8334332468750001 0.586413903125 0.8334332468750001 0.5320591859375 0.7869872453125 0.5320591859375
2 0.6615944828125 0.529436096875 0.6615944828125 0.564787284375 0.7011306421875 0.564787284375 0.7011306421875 0.529436096875 0.6615944828125 0.529436096875
2 0.6990251625 0.529851990625 0.6990251625 0.5747688 0.72920364375 0.5747688 0.72920364375 0.529851990625 0.6990251625 0.529851990625
2 0.740432846875 0.5348427484375 0.740432846875 0.5797595578125 0.769207678125 0.5797595578125 0.769207678125 0.5348427484375 0.740432846875 0.5348427484375
2 0.9336687015624999 0.534706246875 0.9336687015624999 0.6097041078125 0.9989384390625 0.6097041078125 0.9989384390625 0.534706246875 0.9336687015624999 0.534706246875
2 0.9112102984374999 0.541081203125 0.9112102984374999 0.58100725625 0.9406869546875001 0.58100725625 0.9406869546875001 0.541081203125 0.9112102984374999 0.541081203125
2 0.4538542375 0.5390017140625 0.4538542375 0.5527262937499999 0.4636797890625 0.5527262937499999 0.4636797890625 0.5390017140625 0.4538542375 0.5390017140625
2 0.5921137921875 0.529436096875 0.5921137921875 0.5506468124999999 0.6089575968750001 0.5506468124999999 0.6089575968750001 0.529436096875 0.5921137921875 0.529436096875
2 0.48964731875 0.5369222328125 0.48964731875 0.5606283296875 0.509298425 0.5606283296875 0.509298425 0.5369222328125 0.48964731875 0.5369222328125
2 0.4426250359375 0.5281884109375 0.4426250359375 0.5469037484375 0.4524505875 0.5469037484375 0.4524505875 0.5281884109375 0.4426250359375 0.5281884109375
2 0.8349222187500001 0.5294121265625 0.8349222187500001 0.5770592171875 0.8795913671875001 0.5770592171875 0.8795913671875001 0.5294121265625 0.8349222187500001 0.5294121265625