4 0.5256069765625 0.38382379218749996 0.5256069765625 0.4182355796875 0.536029778125 0.4182355796875 0.536029778125 0.38382379218749996 0.5256069765625 0.38382379218749996
4 0.543474634375 0.38647085312499996 0.543474634375 0.4208826421875 0.55091949375 0.4208826421875 0.55091949375 0.38647085312499996 0.543474634375 0.38647085312499996
4 0.56134229375 0.38647085312499996 0.56134229375 0.4261767609375 0.5702761234375 0.4261767609375 0.5702761234375 0.38647085312499996 0.56134229375 0.38647085312499996
1 0.46307016875 0.3600002453125 0.46307016875 0.41294145625 0.4913606296875 0.41294145625 0.4913606296875 0.3600002453125 0.46307016875 0.3600002453125
1 0.41840102031250004 0.3547061265625 0.41840102031250004 0.37852966875 0.4466914796875 0.37852966875 0.4466914796875 0.3547061265625 0.41840102031250004 0.3547061265625
6 0.3752208453125 0.3547061265625 0.3752208453125 0.4050002765625 0.4064892484375 0.4050002765625 0.4064892484375 0.3547061265625 0.3752208453125 0.3547061265625
2 0.2680148890625 0.3600002453125 0.2680148890625 0.4341179421875 0.30970609375 0.4341179421875 0.30970609375 0.3600002453125 0.2680148890625 0.3600002453125
2 0.0059558875 0.37852966875 0.0059558875 0.4447061859375 0.047647090625 0.4447061859375 0.047647090625 0.37852966875 0.0059558875 0.37852966875
2 0.032757375 0.38117673124999996 0.032757375 0.4447061859375 0.10571698437499999 0.4447061859375 0.10571698437499999 0.38117673124999996 0.032757375 0.38117673124999996
2 0.072959609375 0.3917649734375 0.072959609375 0.5029415187499999 0.19952219531249998 0.5029415187499999 0.19952219531249998 0.3917649734375 0.072959609375 0.3917649734375
2 0.3037502078125 0.3652943671875 0.3037502078125 0.45794148906250004 0.3677759859375 0.45794148906250004 0.3677759859375 0.3652943671875 0.3037502078125 0.3652943671875
2 0.3692649578125 0.3758826078125 0.3692649578125 0.5347062453125 0.4794488546875 0.5347062453125 0.4794488546875 0.3758826078125 0.3692649578125 0.3758826078125
2 0.57980555625 0.270000184375 0.57980555625 0.64588279375 0.9982065765625 0.64588279375 0.9982065765625 0.270000184375 0.57980555625 0.270000184375