2 0.1995671765625 0.3173805203125 0.1995671765625 0.3581865875 0.2559943140625 0.3581865875 0.2559943140625 0.3173805203125 0.1995671765625 0.3173805203125
2 0.29807556874999996 0.319080775 0.29807556874999996 0.34458456718749997 0.32102898281250003 0.34458456718749997 0.32102898281250003 0.319080775 0.29807556874999996 0.319080775
2 0.37171776875 0.3207810265625 0.37171776875 0.34458456718749997 0.381281690625 0.34458456718749997 0.381281690625 0.3207810265625 0.37171776875 0.3207810265625
2 0.3296365125 0.3241815328125 0.3296365125 0.34288431406250003 0.33441847343750003 0.34288431406250003 0.33441847343750003 0.3241815328125 0.3296365125 0.3241815328125
2 0.5139014140625 0.39842590625 0.5139014140625 0.47493728125 0.5320728640625 0.47493728125 0.5320728640625 0.39842590625 0.5139014140625 0.39842590625
2 0.5253781203125001 0.38482388125 0.5253781203125001 0.493640059375 0.588500003125 0.493640059375 0.588500003125 0.38482388125 0.5253781203125001 0.38482388125
2 0.5378112171875 0.408627421875 0.5378112171875 0.5157433484375 0.596151140625 0.5157433484375 0.596151140625 0.408627421875 0.5378112171875 0.408627421875
2 0.5795736671875 0.344017815625 0.5795736671875 0.5616501703125001 0.719844540625 0.5616501703125001 0.719844540625 0.344017815625 0.5795736671875 0.344017815625
2 0.653024603125 0.3264485328125 0.653024603125 0.6715998484375 0.9600264968750001 0.6715998484375 0.9600264968750001 0.3264485328125 0.653024603125 0.3264485328125
2 0.3347372671875 0.319647521875 0.3347372671875 0.3434510625 0.35195232656250003 0.3434510625 0.35195232656250003 0.319647521875 0.3347372671875 0.319647521875
2 0.35290871875 0.31454676406250004 0.35290871875 0.3468515671875 0.3729929546875 0.3468515671875 0.3729929546875 0.31454676406250004 0.35290871875 0.31454676406250004
6 0.44472236875000004 0.345151315625 0.44472236875000004 0.448866734375 0.507844253125 0.448866734375 0.507844253125 0.345151315625 0.44472236875000004 0.345151315625
2 0.8572462015625 0.375755865625 0.8572462015625 0.7617132468750001 0.9997486375 0.7617132468750001 0.9997486375 0.375755865625 0.8572462015625 0.375755865625