2 0.396891646875 0.30395167500000003 0.396891646875 0.3238673828125 0.41049478749999996 0.3238673828125 0.41049478749999996 0.30395167500000003 0.396891646875 0.30395167500000003
2 0.403293125 0.3025291234375 0.403293125 0.349473296875 0.43370014687499997 0.349473296875 0.43370014687499997 0.3025291234375 0.403293125 0.3025291234375
2 0.32887594062500003 0.308219325 0.32887594062500003 0.32244483281249997 0.3432792671875 0.32244483281249997 0.3432792671875 0.308219325 0.32887594062500003 0.308219325
2 0.2808648546875 0.31390952968749997 0.2808648546875 0.3366703421875 0.301669659375 0.3366703421875 0.301669659375 0.31390952968749997 0.2808648546875 0.31390952968749997
2 0.264060975 0.308219325 0.264060975 0.3267124875 0.28726633281249997 0.3267124875 0.28726633281249997 0.308219325 0.264060975 0.308219325
2 0.24965765 0.31390952968749997 0.24965765 0.329557590625 0.2680618984375 0.329557590625 0.2680618984375 0.31390952968749997 0.24965765 0.31390952968749997
2 0.2192506265625 0.31675463125 0.2192506265625 0.333825240625 0.244856540625 0.333825240625 0.244856540625 0.31675463125 0.2192506265625 0.31675463125
2 0.209648409375 0.31817718125 0.209648409375 0.333825240625 0.2240517359375 0.333825240625 0.2240517359375 0.31817718125 0.209648409375 0.31817718125
2 0.1872432375 0.31675463125 0.1872432375 0.333825240625 0.21204896562500003 0.333825240625 0.21204896562500003 0.31675463125 0.1872432375 0.31675463125
2 0.1680388015625 0.31817718125 0.1680388015625 0.333825240625 0.1872432375 0.333825240625 0.1872432375 0.31817718125 0.1680388015625 0.31817718125
2 0.1632376921875 0.31817718125 0.1632376921875 0.333825240625 0.1752404640625 0.333825240625 0.1752404640625 0.31817718125 0.1632376921875 0.31817718125
2 0.1456336296875 0.31675463125 0.1456336296875 0.333825240625 0.17043935625 0.333825240625 0.17043935625 0.31675463125 0.1456336296875 0.31675463125
2 0.0896206953125 0.32244483281249997 0.0896206953125 0.33809289374999996 0.120027715625 0.33809289374999996 0.120027715625 0.32244483281249997 0.0896206953125 0.32244483281249997
2 0.455305134375 0.285458515625 0.455305134375 0.31248698125 0.46970846093749996 0.31248698125 0.46970846093749996 0.285458515625 0.455305134375 0.285458515625