2 0.19417443125 0.55503990625 0.19417443125 0.58905848125 0.23949523125 0.58905848125 0.23949523125 0.55503990625 0.19417443125 0.55503990625
2 0.119646896875 0.551459003125 0.119646896875 0.59084893125 0.1901459171875 0.59084893125 0.1901459171875 0.551459003125 0.119646896875 0.551459003125
2 0.016919751562499998 0.53892584375 0.016919751562499998 0.6069629937500001 0.0672761953125 0.6069629937500001 0.0672761953125 0.53892584375 0.016919751562499998 0.53892584375
2 0.0753332265625 0.55683035625 0.0753332265625 0.5980107375 0.1226682828125 0.5980107375 0.1226682828125 0.55683035625 0.0753332265625 0.55683035625
2 0.0008056906250000001 0.5281831359375 0.0008056906250000001 0.8128648953125 0.11058273593750001 0.8128648953125 0.11058273593750001 0.5281831359375 0.0008056906250000001 0.5281831359375
2 0.2646734515625 0.53892584375 0.2646734515625 0.6427720203125 0.35027940625 0.6427720203125 0.35027940625 0.53892584375 0.2646734515625 0.53892584375
2 0.39962871875 0.5460876484375 0.39962871875 0.6338197609375 0.4580421921875 0.6338197609375 0.4580421921875 0.5460876484375 0.39962871875 0.5460876484375
2 0.45804219375 0.551459003125 0.45804219375 0.5980107375 0.4731491265625 0.5980107375 0.4731491265625 0.551459003125 0.45804219375 0.551459003125
2 0.47415625468749995 0.5532494546875 0.47415625468749995 0.6069629937500001 0.496313090625 0.6069629937500001 0.496313090625 0.5532494546875 0.47415625468749995 0.5532494546875
2 0.48624180156249996 0.560411259375 0.48624180156249996 0.6266579578125 0.5245126984375 0.6266579578125 0.5245126984375 0.560411259375 0.48624180156249996 0.560411259375
2 0.5033629921875 0.5639921625000001 0.5033629921875 0.648143375 0.5637907234374999 0.648143375 0.5637907234374999 0.5639921625000001 0.5033629921875 0.5639921625000001
2 0.533576859375 0.5693635171875 0.533576859375 0.6767905937500001 0.5768834 0.6767905937500001 0.5768834 0.5693635171875 0.533576859375 0.5693635171875
2 0.559762209375 0.50490726875 0.559762209375 0.757360903125 0.754138078125 0.757360903125 0.754138078125 0.50490726875 0.559762209375 0.50490726875
4 0.749102434375 0.5120690734375 0.749102434375 0.6821619484375 0.7853590734375 0.6821619484375 0.7853590734375 0.5120690734375 0.749102434375 0.5120690734375
4 0.79039471875 0.5102786218750001 0.79039471875 0.6803714953125 0.8216157125000001 0.6803714953125 0.8216157125000001 0.5102786218750001 0.79039471875 0.5102786218750001
4 0.830679871875 0.5120690734375 0.830679871875 0.6839524015625 0.8659293828125 0.6839524015625 0.8659293828125 0.5120690734375 0.830679871875 0.5120690734375