4 0.4166012765625 0.53578088125 0.4166012765625 0.5709371078125 0.42714814375000004 0.5709371078125 0.42714814375000004 0.53578088125 0.4166012765625 0.53578088125
2 0.358593503125 0.538124625 0.358593503125 0.56624960625 0.36914037187500004 0.56624960625 0.36914037187500004 0.538124625 0.358593503125 0.538124625
2 0.0791015078125 0.5474996187500001 0.0791015078125 0.62015581875 0.14106435625 0.62015581875 0.14106435625 0.5474996187500001 0.0791015078125 0.5474996187500001
2 0.428466503125 0.540468375 0.428466503125 0.561562109375 0.4376950125 0.561562109375 0.4376950125 0.540468375 0.428466503125 0.540468375
2 0.39946261562499996 0.5334371296875 0.39946261562499996 0.56624960625 0.4218747109375 0.56624960625 0.4218747109375 0.5334371296875 0.39946261562499996 0.5334371296875
6 0.324316184375 0.5081246484374999 0.324316184375 0.564374609375 0.3520017109375 0.564374609375 0.3520017109375 0.5081246484374999 0.324316184375 0.5081246484374999
6 0.34936499374999996 0.51749964375 0.34936499374999996 0.543280878125 0.358593503125 0.543280878125 0.358593503125 0.51749964375 0.34936499374999996 0.51749964375
6 0.264990053125 0.5221871390625 0.264990053125 0.5479683718749999 0.3071775234375 0.5479683718749999 0.3071775234375 0.5221871390625 0.264990053125 0.5221871390625
1 0.3849606734375 0.5193746390625 0.3849606734375 0.5592183625 0.408691125 0.5592183625 0.408691125 0.5193746390625 0.3849606734375 0.5193746390625
1 0.3625485796875 0.5099996499999999 0.3625485796875 0.531093384375 0.37441380468749996 0.531093384375 0.37441380468749996 0.5099996499999999 0.3625485796875 0.5099996499999999
2 0.309814240625 0.5221871390625 0.309814240625 0.5760933515625 0.33749976875 0.5760933515625 0.33749976875 0.5221871390625 0.309814240625 0.5221871390625
2 0.280810353125 0.5362496296875 0.280810353125 0.601874584375 0.330907975 0.601874584375 0.330907975 0.5362496296875 0.280810353125 0.5362496296875
2 0.43769501093749996 0.51515589375 0.43769501093749996 0.6089058296875 0.48515591562499993 0.6089058296875 0.48515591562499993 0.51515589375 0.43769501093749996 0.51515589375
2 0.4614254640625 0.51515589375 0.4614254640625 0.6276558171875 0.5431636890625 0.6276558171875 0.5431636890625 0.51515589375 0.4614254640625 0.51515589375
2 0.5062496515625 0.5198433890625 0.5062496515625 0.6581245453125 0.5919429515625 0.6581245453125 0.5919429515625 0.5198433890625 0.5062496515625 0.5198433890625
2 0.551255109375 0.5114058921875 0.551255109375 0.6989057609375 0.6738624468750001 0.6989057609375 0.6738624468750001 0.5114058921875 0.551255109375 0.5114058921875
6 0.1241069671875 0.441093440625 0.1241069671875 0.6215620656249999 0.22957564375 0.6215620656249999 0.22957564375 0.441093440625 0.1241069671875 0.441093440625
2 0.369321640625 0.5371871234375 0.369321640625 0.5723433499999999 0.39041537656249997 0.5723433499999999 0.39041537656249997 0.5371871234375 0.369321640625 0.5371871234375
2 0.17815966249999998 0.492655903125 0.17815966249999998 0.656718290625 0.2902201328125 0.656718290625 0.2902201328125 0.492655903125 0.17815966249999998 0.492655903125
2 0 0.6379683046875 0.0990581546875 0.6379683046875 0.0990581546875 0.5301558796875 0 0.5301558796875 0 0.6379683046875
2 0.9942235546875 0.45046843281250004 0.9942235546875 0.492655903125 0.9994969906250001 0.492655903125 0.9994969906250001 0.45046843281250004 0.9942235546875 0.45046843281250004
2 0.6198097515625001 0.45515593125000003 0.6198097515625001 0.830155671875 0.9994969890625001 0.830155671875 0.9994969890625001 0.45515593125000003 0.6198097515625001 0.45515593125000003
2 0.9309423499999999 0.6614057890625 0.9309423499999999 0.9989055562500001 0.9994969906250001 0.9989055562500001 0.9994969906250001 0.6614057890625 0.9309423499999999 0.6614057890625