2 0.0450054578125 0.4387496921875 0.0450054578125 0.4973434015625 0.0819194953125 0.4973434015625 0.0819194953125 0.4387496921875 0.0450054578125 0.4387496921875
2 0.453696584375 0.45046843281250004 0.453696584375 0.47390591875 0.4616067359375 0.47390591875 0.4616067359375 0.45046843281250004 0.453696584375 0.45046843281250004
2 0.4563333015625 0.4457809359375 0.4563333015625 0.4785934140625 0.47347195937500003 0.4785934140625 0.47347195937500003 0.4457809359375 0.4563333015625 0.4457809359375
2 0.6118996 0.45281218125 0.6118996 0.494999653125 0.651450353125 0.494999653125 0.651450353125 0.45281218125 0.6118996 0.45281218125
2 0.39437045312499996 0.45046843281250004 0.39437045312499996 0.4715621703125 0.4088723953125 0.4715621703125 0.4088723953125 0.45046843281250004 0.39437045312499996 0.45046843281250004
2 0.3548196984375 0.4317184453125 0.3548196984375 0.466874671875 0.39305209375 0.466874671875 0.39305209375 0.4317184453125 0.3548196984375 0.4317184453125
2 0.335044321875 0.43406219375 0.335044321875 0.466874671875 0.3811868671875 0.466874671875 0.3811868671875 0.43406219375 0.335044321875 0.43406219375
2 0.31922401875 0.4317184453125 0.31922401875 0.46453092500000004 0.365366565625 0.46453092500000004 0.365366565625 0.4317184453125 0.31922401875 0.4317184453125
2 0.249351021875 0.41765595624999996 0.249351021875 0.4785934140625 0.3587747734375 0.4785934140625 0.3587747734375 0.41765595624999996 0.249351021875 0.41765595624999996
2 0.25198773750000003 0.43406219375 0.25198773750000003 0.5090621421875 0.3403177546875 0.5090621421875 0.3403177546875 0.43406219375 0.25198773750000003 0.43406219375
2 0.219028775 0.42234345156249997 0.219028775 0.50671839375 0.324497453125 0.50671839375 0.324497453125 0.42234345156249997 0.219028775 0.42234345156249997
2 0.1952983234375 0.4106247109375 0.1952983234375 0.532499628125 0.3047220765625 0.532499628125 0.3047220765625 0.4106247109375 0.1952983234375 0.4106247109375
2 0.43787628281249996 0.45046843281250004 0.43787628281249996 0.47390591875 0.4497415078125 0.47390591875 0.4497415078125 0.45046843281250004 0.43787628281249996 0.45046843281250004
2 0.46688016875000005 0.4457809359375 0.46688016875000005 0.4903121546875 0.4985207703125 0.4903121546875 0.4985207703125 0.4457809359375 0.46688016875000005 0.4457809359375
2 0.5156594328125 0.4035934640625 0.5156594328125 0.54421836875 0.6132179609375 0.54421836875 0.6132179609375 0.4035934640625 0.5156594328125 0.4035934640625
2 0.6501319953125 0.10359367187499999 0.6501319953125 0.7832807046875 0.9994969890625001 0.7832807046875 0.9994969890625001 0.10359367187499999 0.6501319953125 0.10359367187499999
2 0.4086928796875 0.45298418125 0.4086928796875 0.47088869375 0.4237998125 0.47088869375 0.4237998125 0.45298418125 0.4086928796875 0.45298418125