2 0.415744490625 0.398201759375 0.415744490625 0.4200542953125 0.42940232500000003 0.4200542953125 0.42940232500000003 0.398201759375 0.415744490625 0.398201759375
2 0.404818221875 0.4030578796875 0.404818221875 0.43219459374999997 0.4212076234375 0.43219459374999997 0.4212076234375 0.4030578796875 0.404818221875 0.4030578796875
2 0.3897946046875 0.40791399687499996 0.3897946046875 0.45404712812500003 0.415744490625 0.45404712812500003 0.415744490625 0.40791399687499996 0.3897946046875 0.40791399687499996
2 0.362478934375 0.40791399687499996 0.362478934375 0.4807557828125 0.396623521875 0.4807557828125 0.396623521875 0.40791399687499996 0.362478934375 0.40791399687499996
2 0.36111315 0.40791399687499996 0.36111315 0.49289608124999995 0.38023412031250003 0.49289608124999995 0.38023412031250003 0.40791399687499996 0.36111315 0.40791399687499996
2 0.3365290484375 0.4054859390625 0.3365290484375 0.5050363796874999 0.37203941875 0.5050363796874999 0.37203941875 0.4054859390625 0.3365290484375 0.4054859390625
2 0.28736084375000004 0.4030578796875 0.28736084375000004 0.51474861875 0.36521050312500003 0.51474861875 0.36521050312500003 0.4030578796875 0.28736084375000004 0.4030578796875
2 0.2668740921875 0.41762623593750003 0.2668740921875 0.5414572703125 0.3378948328125 0.5414572703125 0.3378948328125 0.41762623593750003 0.2668740921875 0.41762623593750003
2 0.1453193609375 0.41762623593750003 0.1453193609375 0.5973026390625 0.305116028125 0.5973026390625 0.305116028125 0.41762623593750003 0.1453193609375 0.41762623593750003
2 0.4539864265625 0.39917298749999996 0.4539864265625 0.42345358125 0.470375828125 0.42345358125 0.470375828125 0.39917298749999996 0.4539864265625 0.39917298749999996
2 0.45944956093749995 0.40402910625 0.45944956093749995 0.43316582031250006 0.4758389625 0.43316582031250006 0.4758389625 0.40402910625 0.45944956093749995 0.40402910625
2 0.4649126953125 0.406457165625 0.4649126953125 0.44530611875000004 0.4840336625 0.44530611875000004 0.4840336625 0.406457165625 0.4649126953125 0.406457165625
2 0.47447317812499995 0.408885225 0.47447317812499995 0.46473059375 0.5086177671875001 0.46473059375 0.5086177671875001 0.408885225 0.47447317812499995 0.408885225
2 0.496325715625 0.41616940468749997 0.496325715625 0.48901118749999994 0.5304703015625 0.48901118749999994 0.5304703015625 0.41616940468749997 0.496325715625 0.41616940468749997
2 0.5154466828125 0.40160104687500003 0.5154466828125 0.508435665625 0.585101640625 0.508435665625 0.585101640625 0.40160104687500003 0.5154466828125 0.40160104687500003
2 0.5591517546875 0.39917298749999996 0.5591517546875 0.5424284984375001 0.6629512984375 0.5424284984375001 0.6629512984375 0.39917298749999996 0.5591517546875 0.39917298749999996
2 0.627440928125 0.406457165625 0.627440928125 0.62741058125 0.8473320687499999 0.62741058125 0.8473320687499999 0.406457165625 0.627440928125 0.406457165625
2 0.43213389218750003 0.40160104687500003 0.43213389218750003 0.42830969999999996 0.4512548609375 0.42830969999999996 0.4512548609375 0.40160104687500003 0.43213389218750003 0.40160104687500003
2 0.0005463140625 0.31176284062500004 0.0005463140625 0.7633819109375 0.1589771984375 0.7633819109375 0.1589771984375 0.31176284062500004 0.0005463140625 0.31176284062500004
2 0.800895428125 0.36032403125 0.800895428125 0.8265114578125001 0.9989340328124999 0.8265114578125001 0.9989340328124999 0.36032403125 0.800895428125 0.36032403125
4 0.4325123203125 0.40791399687499996 0.4325123203125 0.4443348921875 0.444221075 0.4443348921875 0.444221075 0.40791399687499996 0.4325123203125 0.40791399687499996
4 0.20486752031250002 0.38282405 0.20486752031250002 0.4216730015625 0.22535427343749997 0.4216730015625 0.22535427343749997 0.38282405 0.20486752031250002 0.38282405