2 0.36404820625 0.43640594374999997 0.36404820625 0.466874671875 0.38514194375 0.466874671875 0.38514194375 0.43640594374999997 0.36404820625 0.43640594374999997
2 0.3495462640625 0.43406219375 0.3495462640625 0.47390591718749997 0.37063999999999997 0.47390591718749997 0.37063999999999997 0.43406219375 0.3495462640625 0.43406219375
2 0.3218607359375 0.43171844375 0.3218607359375 0.48796840625 0.3548196984375 0.48796840625 0.3548196984375 0.43171844375 0.3218607359375 0.43171844375
2 0.298130284375 0.4457809359375 0.298130284375 0.49968715 0.3271341703125 0.49968715 0.3271341703125 0.4457809359375 0.298130284375 0.4457809359375
2 0.2559428140625 0.42703094999999996 0.2559428140625 0.5184371359375 0.30340371875 0.5184371359375 0.30340371875 0.42703094999999996 0.2559428140625 0.42703094999999996
2 0.1544292109375 0.4387496921875 0.1544292109375 0.5629683562500001 0.2625346046875 0.5629683562500001 0.2625346046875 0.4387496921875 0.1544292109375 0.4387496921875
2 0.42205598125000005 0.42937469687499996 0.42205598125000005 0.45281218125 0.47479031875000005 0.45281218125 0.47479031875000005 0.42937469687499996 0.42205598125000005 0.42937469687499996
2 0.47874539531250004 0.4199997046875 0.47874539531250004 0.45749967812500003 0.4932473375 0.45749967812500003 0.4932473375 0.4199997046875 0.47874539531250004 0.4199997046875
2 0.4985207703125 0.42468720156249995 0.4985207703125 0.459843428125 0.5433449593749999 0.459843428125 0.5433449593749999 0.42468720156249995 0.4985207703125 0.42468720156249995
2 0.51170435625 0.43640594374999997 0.51170435625 0.4832809125 0.540708240625 0.4832809125 0.540708240625 0.43640594374999997 0.51170435625 0.43640594374999997
2 0.5235695812500001 0.441093440625 0.5235695812500001 0.5137496390625 0.5789406390625 0.5137496390625 0.5789406390625 0.441093440625 0.5235695812500001 0.441093440625
2 0.55652854375 0.4434371875 0.55652854375 0.548905865625 0.6211281109375 0.548905865625 0.6211281109375 0.4434371875 0.55652854375 0.4434371875
2 0 0.6285933109374999 0.157065928125 0.6285933109374999 0.157065928125 0.41765595624999996 0 0.41765595624999996 0 0.6285933109374999
2 0 0.6660932828125 0.021275004687499998 0.6660932828125 0.021275004687499998 0.5137496390625 0 0.5137496390625 0 0.6660932828125
2 0.7463721624999999 0.45515593125000003 0.7463721624999999 0.8395306671875 0.9994969890625001 0.8395306671875 0.9994969890625001 0.45515593125000003 0.7463721624999999 0.45515593125000003
2 0.5828957124999999 0.43640594374999997 0.5828957124999999 0.6074995750000001 0.7292335046875 0.6074995750000001 0.7292335046875 0.43640594374999997 0.5828957124999999 0.43640594374999997
2 0.3864603015625 0.448124684375 0.3864603015625 0.7176557484375 0.55652854375 0.7176557484375 0.55652854375 0.448124684375 0.3864603015625 0.448124684375