4 0.4574811703125 0.559980796875 0.4574811703125 0.6425714265625 0.47583464218750005 0.6425714265625 0.47583464218750005 0.559980796875 0.4574811703125 0.559980796875
4 0.5022177625 0.551823696875 0.5022177625 0.6262572296875 0.5131151359375 0.6262572296875 0.5131151359375 0.551823696875 0.5022177625 0.551823696875
4 0.5538369046875 0.5477451453125 0.5538369046875 0.6364536015625 0.5664549171875 0.6364536015625 0.5664549171875 0.5477451453125 0.5538369046875 0.5477451453125
4 0.6250087375 0.54681820625 0.6250087375 0.6457230359375 0.64221511875 0.6457230359375 0.64221511875 0.54681820625 0.6250087375 0.54681820625
4 0.749468228125 0.5192879968749999 0.749468228125 0.6752925203125 0.774704253125 0.6752925203125 0.774704253125 0.5192879968749999 0.749468228125 0.5192879968749999
4 0.77241006875 0.5427396578125 0.77241006875 0.6773317953125 0.7976460953125 0.6773317953125 0.7976460953125 0.5427396578125 0.77241006875 0.5427396578125
2 0.1135621171875 0.574735634375 0.1135621171875 0.646110253125 0.1669018984375 0.646110253125 0.1669018984375 0.574735634375 0.1135621171875 0.574735634375
2 0.05161914375 0.5645392609375001 0.05161914375 0.680777925 0.135356865625 0.680777925 0.135356865625 0.5645392609375001 0.05161914375 0.5645392609375001
2 0 0.7198640046875 0.0562075125 0.7198640046875 0.0562075125 0.5526434703125 0 0.5526434703125 0 0.7198640046875
2 0 0.864652515625 0.052766234375 0.864652515625 0.052766234375 0.6444108374999999 0 0.6444108374999999 0 0.864652515625
2 0.1700973671875 0.539533871875 0.1700973671875 0.6506743515625 0.2182752328125 0.6506743515625 0.2182752328125 0.539533871875 0.1700973671875 0.539533871875
1 0.21367775312499998 0.2596747421875 0.21367775312499998 0.76949344375 0.4511258140625 0.76949344375 0.4511258140625 0.2596747421875 0.21367775312499998 0.2596747421875