4 0.7092371109375 0.56050266875 0.7092371109375 0.8553480812500001 0.7962216609375 0.8553480812500001 0.7962216609375 0.56050266875 0.7092371109375 0.56050266875
4 0.8715851953125 0.51649493125 0.8715851953125 0.947422834375 0.9794460390624999 0.947422834375 0.9794460390624999 0.51649493125 0.8715851953125 0.51649493125
4 0.20296395 0.55463926875 0.20296395 0.64536093125 0.2250000359375 0.64536093125 0.2250000359375 0.55463926875 0.20296395 0.55463926875
4 0.198324775 0.5402062765625 0.198324775 0.55876298125 0.2064433328125 0.55876298125 0.2064433328125 0.5402062765625 0.198324775 0.5402062765625
2 0.024355675 0.5515464828125001 0.024355675 0.5742268984375001 0.0452319671875 0.5742268984375001 0.0452319671875 0.5515464828125001 0.024355675 0.5515464828125001
2 0.03247423125 0.5618557625 0.03247423125 0.6099872125 0.0893041390625 0.6099872125 0.0893041390625 0.5618557625 0.03247423125 0.5618557625
2 0.14845363281249999 0.55979390625 0.14845363281249999 0.57628875625 0.15773198593749999 0.57628875625 0.15773198593749999 0.55979390625 0.14845363281249999 0.55979390625
2 0.09858249062499999 0.5536083390625001 0.09858249062499999 0.580412465625 0.14845363281249999 0.580412465625 0.14845363281249999 0.5536083390625001 0.09858249062499999 0.5536083390625001
2 0.08814434374999999 0.565979475 0.08814434374999999 0.6134021640625 0.14381445625 0.6134021640625 0.14381445625 0.565979475 0.08814434374999999 0.565979475
2 0.1368556921875 0.5556701953125 0.1368556921875 0.6175258765625 0.211082509375 0.6175258765625 0.211082509375 0.5556701953125 0.1368556921875 0.5556701953125
2 0.2969072640625 0.5494846250000001 0.2969072640625 0.60309288125 0.322422734375 0.60309288125 0.322422734375 0.5494846250000001 0.2969072640625 0.5494846250000001
2 0.2168814796875 0.5536083390625001 0.2168814796875 0.634020721875 0.3177835578125 0.634020721875 0.3177835578125 0.5536083390625001 0.2168814796875 0.5536083390625001
2 0.3073454125 0.56804133125 0.3073454125 0.64226815 0.4279639890625 0.64226815 0.4279639890625 0.56804133125 0.3073454125 0.56804133125
2 0.4621779109375 0.5515464828125001 0.4621779109375 0.6298970140625 0.564239784375 0.6298970140625 0.564239784375 0.5515464828125001 0.4621779109375 0.5515464828125001
2 0.4737758515625 0.56804133125 0.4737758515625 0.65670114375 0.63266763125 0.65670114375 0.63266763125 0.56804133125 0.4737758515625 0.56804133125
2 0.6001933984375001 0.5510913687500001 0.6001933984375001 0.6443300046875 0.735889296875 0.6443300046875 0.735889296875 0.5510913687500001 0.6001933984375001 0.5510913687500001
2 0.772118365625 0.5612372062500001 0.772118365625 0.65195886875 0.992479225 0.65195886875 0.992479225 0.5612372062500001 0.772118365625 0.5612372062500001
2 0.0019496156250000001 0.5684212859375 0.0019496156250000001 0.6082800953125 0.0321686578125 0.6082800953125 0.0321686578125 0.5684212859375 0.0019496156250000001 0.5684212859375