4 0.8197295296875 0.42973357500000003 0.8197295296875 0.47854712499999996 0.8308841890625001 0.47854712499999996 0.8308841890625001 0.42973357500000003 0.8197295296875 0.42973357500000003
4 0.8077168203125 0.426682728125 0.8077168203125 0.487699665625 0.8214456312499999 0.487699665625 0.8214456312499999 0.426682728125 0.8077168203125 0.426682728125
4 0.7991363125000001 0.42363188125000006 0.7991363125000001 0.48007255000000004 0.8094329218749999 0.48007255000000004 0.8094329218749999 0.42363188125000006 0.7991363125000001 0.42363188125000006
4 0.7905558046875 0.42363188125000006 0.7905558046875 0.48159797343750005 0.8008524140625 0.48159797343750005 0.8008524140625 0.42363188125000006 0.7905558046875 0.42363188125000006
4 0.7768269937500001 0.426682728125 0.7768269937500001 0.4617674671875 0.7905558046875 0.4617674671875 0.7905558046875 0.426682728125 0.7768269937500001 0.426682728125
2 0.6094304984375001 0.44313550937499996 0.6094304984375001 0.467542284375 0.6214432109375 0.467542284375 0.6214432109375 0.44313550937499996 0.6094304984375001 0.44313550937499996
2 0.5862631296874999 0.45076262656250005 0.5862631296874999 0.4660168609375 0.5965597390624999 0.4660168609375 0.5965597390624999 0.45076262656250005 0.5862631296874999 0.45076262656250005
2 0.5759665234375 0.45228805000000005 0.5759665234375 0.47059313124999996 0.5854050796875 0.47059313124999996 0.5854050796875 0.45228805000000005 0.5759665234375 0.45228805000000005
2 0.5974177890625 0.44771177968750003 0.5974177890625 0.46754228593749997 0.6154368531250001 0.46754228593749997 0.6154368531250001 0.44771177968750003 0.5974177890625 0.44771177968750003
2 0.5931275359375 0.455338896875 0.5931275359375 0.48279651562500003 0.6145788046875 0.48279651562500003 0.6145788046875 0.455338896875 0.5931275359375 0.455338896875
2 0.64890083125 0.45076262656250005 0.64890083125 0.47669482500000004 0.664345740625 0.47669482500000004 0.664345740625 0.45076262656250005 0.64890083125 0.45076262656250005
2 0.6686359953125 0.4629660140625 0.6686359953125 0.4843219421875 0.68493895625 0.4843219421875 0.68493895625 0.4629660140625 0.6686359953125 0.4629660140625
2 0.566527965625 0.45686431875 0.566527965625 0.4797456765625 0.5828309265625 0.4797456765625 0.5828309265625 0.45686431875 0.566527965625 0.45686431875
2 0.608572446875 0.44161008593749995 0.608572446875 0.5148304109375 0.6583393859375 0.5148304109375 0.6583393859375 0.44161008593749995 0.608572446875 0.44161008593749995
2 0.6669198953125 0.41567788749999995 0.6669198953125 0.577372771875 0.7990597 0.577372771875 0.7990597 0.41567788749999995 0.6669198953125 0.41567788749999995
2 0.896019428125 0.39737280625000004 0.896019428125 0.4156778859375 0.9251931515624999 0.4156778859375 0.9251931515624999 0.39737280625000004 0.896019428125 0.39737280625000004
2 0.5090385687500001 0.45838974375 0.5090385687500001 0.4797456734375 0.5236254312499999 0.4797456734375 0.5236254312499999 0.45838974375 0.5090385687500001 0.45838974375
2 0.44725891874999996 0.4644914375 0.44725891874999996 0.4934744796875 0.4661360359375 0.4934744796875 0.4661360359375 0.4644914375 0.44725891874999996 0.4644914375
2 0.2070047265625 0.48127109375000005 0.2070047265625 0.5483897265625 0.2687843765625 0.5483897265625 0.2687843765625 0.48127109375000005 0.2070047265625 0.48127109375000005
2 0.1083288984375 0.48279651875 0.1083288984375 0.5743219234375 0.2095788796875 0.5743219234375 0.2095788796875 0.48279651875 0.1083288984375 0.48279651875
2 0 0.6447456359375 0.11641780937499999 0.6447456359375 0.11641780937499999 0.4799999046875 0 0.4799999046875 0 0.6447456359375
2 0.28851954375 0.467542284375 0.28851954375 0.5468643015625 0.3442928375 0.5468643015625 0.3442928375 0.467542284375 0.28851954375 0.467542284375
2 0.4017822328125 0.46906770625 0.4017822328125 0.513304990625 0.42752375625 0.513304990625 0.42752375625 0.46906770625 0.4017822328125 0.46906770625