2 0.1283858203125 0.6025422687499999 0.1283858203125 0.74440665 0.23993240937500002 0.74440665 0.23993240937500002 0.6025422687499999 0.1283858203125 0.6025422687499999
2 0.2330680046875 0.6361015875 0.2330680046875 0.6864405609374999 0.257951475 0.6864405609374999 0.257951475 0.6361015875 0.2330680046875 0.6361015875
2 0.2965637546875 0.6310894703125001 0.2965637546875 0.6646487859375 0.32058917343750004 0.6646487859375 0.32058917343750004 0.6310894703125001 0.2965637546875 0.6310894703125001
2 0.320589175 0.626513196875 0.320589175 0.6570216640625001 0.341182390625 0.6570216640625001 0.341182390625 0.626513196875 0.320589175 0.626513196875
2 0.2570934234375 0.6158352359375 0.2570934234375 0.684479290625 0.3042862125 0.684479290625 0.3042862125 0.6158352359375 0.2570934234375 0.6158352359375
2 0.43691634218750003 0.6249877765625 0.43691634218750003 0.6860047125000001 0.4841091296875 0.6860047125000001 0.4841091296875 0.6249877765625 0.43691634218750003 0.6249877765625
2 0.43949049375 0.6112589625 0.43949049375 0.6387165828125 0.4738125203125 0.6387165828125 0.4738125203125 0.6112589625 0.43949049375 0.6112589625
2 0.41975532812500005 0.6234623515625 0.41975532812500005 0.6585470921875001 0.4377743921875 0.6585470921875001 0.4377743921875 0.6234623515625 0.41975532812500005 0.6234623515625
2 0.410316771875 0.6158352359375 0.410316771875 0.64481828125 0.42919388593749996 0.64481828125 0.42919388593749996 0.6158352359375 0.410316771875 0.6158352359375
2 0.36054983125 0.6234623515625 0.36054983125 0.6402420109375 0.3742786421875 0.6402420109375 0.3742786421875 0.6234623515625 0.36054983125 0.6234623515625
2 0.4755286234375 0.5868521906249999 0.4755286234375 0.7576996171875 0.6076684296875 0.7576996171875 0.6076684296875 0.5868521906249999 0.4755286234375 0.5868521906249999
2 0.3734205921875 0.6234623515625 0.3734205921875 0.669225053125 0.410316771875 0.669225053125 0.410316771875 0.6234623515625 0.3734205921875 0.6234623515625
2 0.6807253171875 0.6112589625 0.6807253171875 0.6860047125000001 0.7673884375 0.6860047125000001 0.7673884375 0.6112589625 0.6807253171875 0.6112589625
2 0.601907234375 0.6127843875 0.601907234375 0.6650846296874999 0.6593966296875 0.6650846296874999 0.6593966296875 0.6127843875 0.601907234375 0.6127843875