6 0.29675255312500004 0.56094874375 0.29675255312500004 0.621934346875 0.32637908125 0.621934346875 0.32637908125 0.56094874375 0.29675255312500004 0.56094874375
2 0.282426578125 0.592530571875 0.282426578125 0.6257954453125001 0.30347700624999996 0.6257954453125001 0.30347700624999996 0.592530571875 0.282426578125 0.592530571875
2 0.2535796953125 0.5911445359374999 0.2535796953125 0.632725628125 0.287884096875 0.632725628125 0.287884096875 0.5911445359374999 0.2535796953125 0.5911445359374999
2 0.308934525 0.5731260625 0.308934525 0.6535161765625 0.3642893546875 0.6535161765625 0.3642893546875 0.5731260625 0.308934525 0.5731260625
2 0.066464778125 0.58144228125 0.066464778125 0.6673765390625 0.14676826406250001 0.6673765390625 0.14676826406250001 0.58144228125 0.066464778125 0.58144228125
2 0.0001949109375 0.58005624375 0.0001949109375 0.6867810484375 0.0797187515625 0.6867810484375 0.0797187515625 0.58005624375 0.0001949109375 0.58005624375
2 0.34279225156250004 0.48003061875 0.34279225156250004 0.9526690406249999 0.6476336375 0.9526690406249999 0.6476336375 0.48003061875 0.34279225156250004 0.48003061875
4 0.202240040625 0.5765911531250001 0.202240040625 0.6181722453125 0.21081614062499998 0.6181722453125 0.21081614062499998 0.5765911531250001 0.202240040625 0.5765911531250001
4 0.18508783906249998 0.5862934078125 0.18508783906249998 0.62233035625 0.194443584375 0.62233035625 0.194443584375 0.5862934078125 0.18508783906249998 0.5862934078125
4 0.2201718875 0.5807492625 0.2201718875 0.6181722453125 0.22640905 0.6181722453125 0.22640905 0.5807492625 0.2201718875 0.5807492625
4 0.0673613703125 0.5655028609375 0.0673613703125 0.5973817015625 0.08061534375 0.5973817015625 0.08061534375 0.5655028609375 0.0673613703125 0.5655028609375
4 0.0392941328125 0.5641168249999999 0.0392941328125 0.5849073703125 0.049429525 0.5849073703125 0.049429525 0.5641168249999999 0.0392941328125 0.5641168249999999
4 0.01044725 0.5655028609375 0.01044725 0.5821352984375 0.020582640625000002 0.5821352984375 0.020582640625000002 0.5655028609375 0.01044725 0.5655028609375
4 0.2843188390625 0.57843920625 0.2843188390625 0.6200202984375001 0.293674584375 0.6200202984375001 0.293674584375 0.57843920625 0.2843188390625 0.57843920625
0 0.6343796640625 0.6033878609375 0.6343796640625 0.764168084375 0.685836265625 0.764168084375 0.685836265625 0.6033878609375 0.6343796640625 0.6033878609375