4 0.8042164734374999 0.28421064375 0.8042164734374999 0.49216965 0.855881290625 0.49216965 0.855881290625 0.28421064375 0.8042164734374999 0.28421064375
4 0.9046216812500001 0.28940961875000004 0.9046216812500001 0.511232559375 0.9377651468750001 0.511232559375 0.9377651468750001 0.28940961875000004 0.9046216812500001 0.28940961875000004
4 0.2359034984375 0.280744659375 0.2359034984375 0.3275354359375 0.24760119375 0.3275354359375 0.24760119375 0.280744659375 0.2359034984375 0.280744659375
2 0 0.40898604687500006 0.0604380859375 0.40898604687500006 0.0604380859375 0.29980756875000003 0 0.29980756875000003 0 0.40898604687500006
2 0.039967121875 0.26168175 0.039967121875 0.395122115625 0.158893678125 0.395122115625 0.158893678125 0.26168175 0.039967121875 0.26168175
2 0.1462211765625 0.28594363437500003 0.1462211765625 0.3760592046875 0.216407340625 0.3760592046875 0.216407340625 0.28594363437500003 0.1462211765625 0.28594363437500003
2 0.2505256171875 0.27554568437500004 0.2505256171875 0.3552633046875 0.30608966249999997 0.3552633046875 0.30608966249999997 0.27554568437500004 0.2505256171875 0.27554568437500004
2 0.300240815625 0.28767662656250004 0.300240815625 0.3431323609375 0.322661396875 0.3431323609375 0.322661396875 0.28767662656250004 0.300240815625 0.28767662656250004
2 0.3177873578125 0.280744659375 0.3177873578125 0.3067395359375 0.332409475 0.3067395359375 0.332409475 0.280744659375 0.3177873578125 0.280744659375
2 0.32071178125 0.26168175 0.32071178125 0.41765100625 0.43866353125 0.41765100625 0.43866353125 0.26168175 0.32071178125 0.26168175
2 0.468882575 0.2512838 0.468882575 0.42458297187499994 0.5556404703125 0.42458297187499994 0.5556404703125 0.2512838 0.468882575 0.2512838
2 0.5800106671874999 0.28594363437500003 0.5800106671874999 0.3708602296875 0.630700678125 0.3708602296875 0.630700678125 0.28594363437500003 0.5800106671874999 0.28594363437500003
2 0.551741240625 0.2928756015625 0.551741240625 0.34139936875 0.5868343234375 0.34139936875 0.5868343234375 0.2928756015625 0.551741240625 0.2928756015625
2 0.45815968749999997 0.296341584375 0.45815968749999997 0.3102055203125 0.46595814999999996 0.3102055203125 0.46595814999999996 0.296341584375 0.45815968749999997 0.296341584375
2 0.46790776562499997 0.29460859375 0.46790776562499997 0.31020551875 0.47765584531250005 0.31020551875 0.47765584531250005 0.29460859375 0.46790776562499997 0.29460859375
2 0.42501622031249997 0.29114260937499997 0.42501622031249997 0.3223364609375 0.4347642984375 0.3223364609375 0.4347642984375 0.29114260937499997 0.42501622031249997 0.29114260937499997
2 0.43573910624999995 0.3032735515625 0.43573910624999995 0.31713748750000004 0.44451237812500005 0.31713748750000004 0.44451237812500005 0.3032735515625 0.43573910624999995 0.3032735515625
2 0.9338659171874999 0.324069453125 0.9338659171874999 0.4349809234375 0.9991780421875 0.4349809234375 0.9991780421875 0.324069453125 0.9338659171874999 0.324069453125
2 0.9377651468750001 0.308472528125 0.9377651468750001 0.3465983453125 0.9982032343749999 0.3465983453125 0.9982032343749999 0.308472528125 0.9377651468750001 0.308472528125
2 0.8276118609375 0.280744659375 0.8276118609375 0.3465983453125 0.8822011015625 0.3465983453125 0.8822011015625 0.280744659375 0.8276118609375 0.280744659375
2 0.6755418375 0.29460859375 0.6755418375 0.32580244375 0.6999120328124999 0.32580244375 0.6999120328124999 0.29460859375 0.6755418375 0.29460859375
2 0.7077104953125 0.296341584375 0.7077104953125 0.33100141875 0.731105884375 0.33100141875 0.731105884375 0.296341584375 0.7077104953125 0.296341584375