4 0.12806204062499998 0.381983090625 0.12806204062499998 0.539530871875 0.1636577203125 0.539530871875 0.1636577203125 0.381983090625 0.12806204062499998 0.381983090625
4 0.2254251171875 0.3901451234375 0.2254251171875 0.5435913218749999 0.2685818609375 0.5435913218749999 0.2685818609375 0.3901451234375 0.2254251171875 0.3901451234375
4 0.39851120624999997 0.4208343671875 0.39851120624999997 0.5089843109375 0.4132028640625 0.5089843109375 0.4132028640625 0.4208343671875 0.39851120624999997 0.4208343671875
4 0.4508502359375 0.41756955625 0.4508502359375 0.5089843109375 0.4692148078125 0.5089843109375 0.4692148078125 0.41756955625 0.4508502359375 0.41756955625
4 0.556446521875 0.4192019625 0.556446521875 0.4959250609375 0.5729746375 0.4959250609375 0.5729746375 0.4192019625 0.556446521875 0.4192019625
4 0.6262318953125 0.4224667765625 0.6262318953125 0.49429265625 0.640923553125 0.49429265625 0.640923553125 0.4224667765625 0.6262318953125 0.4224667765625
4 0.6565334390625 0.41430474375 0.6565334390625 0.5057194984375 0.677652696875 0.5057194984375 0.677652696875 0.41430474375 0.6565334390625 0.41430474375
4 0.6811419812499999 0.41756955625 0.6811419812499999 0.5057195015625 0.6967518687500001 0.5057195015625 0.6967518687500001 0.41756955625 0.6811419812499999 0.41756955625
4 0.693078953125 0.4192019625 0.693078953125 0.5024546875 0.7114435234375 0.5024546875 0.7114435234375 0.4192019625 0.693078953125 0.4192019625
4 0.7334810109375 0.42736399374999995 0.7334810109375 0.5057194984375 0.75827318125 0.5057194984375 0.75827318125 0.42736399374999995 0.7334810109375 0.42736399374999995
4 0.7702101546875 0.41756955625 0.7702101546875 0.5057195015625 0.79316586875 0.5057195015625 0.79316586875 0.41756955625 0.7702101546875 0.41756955625
4 0.9692821296874999 0.40124549218750005 0.9692821296874999 0.54000003125 0.997747215625 0.54000003125 0.997747215625 0.40124549218750005 0.9692821296874999 0.40124549218750005
4 0.6533196390625 0.42034464062500004 0.6533196390625 0.500332553125 0.6680112953124999 0.500332553125 0.6680112953124999 0.42034464062500004 0.6533196390625 0.42034464062500004
2 0 0.5288996640625 0.048207 0.5288996640625 0.048207 0.4472793453125 0 0.4472793453125 0 0.5288996640625
2 0 0.5142080078125 0.1400298578125 0.5142080078125 0.1400298578125 0.40157196875 0 0.40157196875 0 0.5142080078125
4 0.0546346 0.38851271718749997 0.0546346 0.4113664078125 0.06840802968750001 0.4113664078125 0.06840802968750001 0.38851271718749997 0.0546346 0.38851271718749997
2 0.4284192296875 0.40646921249999995 0.4284192296875 0.4962515609375 0.476167115625 0.4962515609375 0.476167115625 0.40646921249999995 0.4284192296875 0.40646921249999995
1 0.471575971875 0.42116086875000003 0.471575971875 0.4587062171875 0.50922334375 0.4587062171875 0.50922334375 0.42116086875000003 0.471575971875 0.42116086875000003
2 0.56851469375 0.41136643125 0.56851469375 0.49951637499999996 0.623608409375 0.49951637499999996 0.623608409375 0.41136643125 0.56851469375 0.41136643125
2 0.9223606156249999 0.419528440625 0.9223606156249999 0.5256348515625 0.9994918171875 0.5256348515625 0.9994918171875 0.419528440625 0.9223606156249999 0.419528440625
2 0.4862020375 0.4260580640625 0.4862020375 0.4766626625 0.5210947234375001 0.4766626625 0.5210947234375001 0.4260580640625 0.4862020375 0.4260580640625
4 0.161021003125 0.422343453125 0.161021003125 0.49968715 0.1742045890625 0.49968715 0.1742045890625 0.422343453125 0.161021003125 0.422343453125
4 0.1188335328125 0.4082809625 0.1188335328125 0.45515593125000003 0.1359721921875 0.45515593125000003 0.1359721921875 0.4082809625 0.1188335328125 0.4082809625