2 0.3944529875 0.3331248640625 0.3944529875 0.35187485625 0.4060545453125 0.35187485625 0.4060545453125 0.3331248640625 0.3944529875 0.3331248640625
2 0.3733592453125 0.32187486875000004 0.3733592453125 0.34999985625 0.3881248625 0.34999985625 0.3881248625 0.32187486875000004 0.3733592453125 0.32187486875000004
2 0.3723045578125 0.3368748625 0.3723045578125 0.35937485625 0.38179674218750004 0.35937485625 0.38179674218750004 0.3368748625 0.3723045578125 0.3368748625
2 0.3554295640625 0.31999986874999997 0.3554295640625 0.3799998484375 0.37863267968750003 0.3799998484375 0.37863267968750003 0.31999986874999997 0.3554295640625 0.31999986874999997
2 0.344882690625 0.31812486875 0.344882690625 0.3856248453125 0.37019518281249997 0.3856248453125 0.37019518281249997 0.31812486875 0.344882690625 0.31812486875
2 0.310078015625 0.31437486875 0.310078015625 0.40812483437499997 0.35226550156249997 0.40812483437499997 0.35226550156249997 0.31437486875 0.310078015625 0.31437486875
2 0.2531249125 0.2937498796875 0.2531249125 0.43437483125 0.3353905078125 0.43437483125 0.3353905078125 0.2937498796875 0.2531249125 0.2937498796875
2 0.16041053593750002 0.2257795828125 0.16041053593750002 0.5085355687499999 0.29434758125 0.5085355687499999 0.29434758125 0.2257795828125 0.16041053593750002 0.2257795828125
2 0.4408592203125 0.33124986875 0.4408592203125 0.370624853125 0.45878889999999994 0.370624853125 0.45878889999999994 0.33124986875 0.4408592203125 0.33124986875
2 0.4039451703125 0.3137498515625 0.4039451703125 0.388749825 0.44507796875 0.388749825 0.44507796875 0.3137498515625 0.4039451703125 0.3137498515625
2 0.489374828125 0.18624992499999998 0.489374828125 0.45249983125000004 0.6064451015625 0.45249983125000004 0.6064451015625 0.18624992499999998 0.489374828125 0.18624992499999998
2 0 0.63249976875 0.23730460312499999 0.63249976875 0.23730460312499999 0.0962499546875 0 0.0962499546875 0 0.63249976875
2 0.8229205609375001 0.2789292046875 0.8229205609375001 0.45812482968749996 0.9987887109375 0.45812482968749996 0.9987887109375 0.2789292046875 0.8229205609375001 0.2789292046875
2 0.9861324671875 0.34187487031249997 0.9861324671875 0.46187482968750004 0.9987887109375 0.46187482968750004 0.9987887109375 0.34187487031249997 0.9861324671875 0.34187487031249997