2 0.4131194671875 0.4916042140625 0.4131194671875 0.524717453125 0.42888009374999997 0.524717453125 0.42888009374999997 0.4916042140625 0.4131194671875 0.4916042140625
2 0.3672703703125 0.4873589140625 0.3672703703125 0.534906140625 0.4002244078125 0.534906140625 0.4002244078125 0.4873589140625 0.3672703703125 0.4873589140625
2 0.3300179765625 0.4916042140625 0.3300179765625 0.534906140625 0.3486441734375 0.534906140625 0.3486441734375 0.4916042140625 0.3300179765625 0.4916042140625
2 0.31425735 0.48905704375000003 0.31425735 0.54254765625 0.3400474671875 0.54254765625 0.3400474671875 0.48905704375000003 0.31425735 0.48905704375000003
2 0.30566064531250003 0.48905704375000003 0.30566064531250003 0.5501891750000001 0.3242868390625 0.5501891750000001 0.3242868390625 0.48905704375000003 0.30566064531250003 0.48905704375000003
2 0.29133280156249997 0.48905704375000003 0.29133280156249997 0.5501891750000001 0.315690134375 0.5501891750000001 0.315690134375 0.48905704375000003 0.29133280156249997 0.48905704375000003
5 0.3987916234375 0.4941513890625 0.3987916234375 0.515377809375 0.41025389843750004 0.515377809375 0.41025389843750004 0.4941513890625 0.3987916234375 0.4941513890625
2 0.42028338906249996 0.44830228906249997 0.42028338906249996 0.568019378125 0.4775947609375 0.568019378125 0.4775947609375 0.44830228906249997 0.42028338906249996 0.44830228906249997
2 0.14375601875 0.4584909796875 0.14375601875 0.65462323125 0.31712291875 0.65462323125 0.31712291875 0.4584909796875 0.14375601875 0.4584909796875
3 0.39735883906249997 0.5077362921875 0.39735883906249997 0.520472153125 0.4131194671875 0.520472153125 0.4131194671875 0.5077362921875 0.39735883906249997 0.5077362921875
2 0.5463684062499999 0.478019290625 0.5463684062499999 0.531509903125 0.5893519375 0.531509903125 0.5893519375 0.478019290625 0.5463684062499999 0.478019290625
2 0.6065453484375001 0.481415528125 0.6065453484375001 0.5400004843749999 0.6509616609375 0.5400004843749999 0.6509616609375 0.481415528125 0.6065453484375001 0.481415528125
2 0.6323354671875 0.4729249453125 0.6323354671875 0.5467929375 0.70397468125 0.5467929375 0.70397468125 0.4729249453125 0.6323354671875 0.4729249453125