2 0.2788215453125 0.62432924375 0.2788215453125 0.6511087109375 0.3000875984375 0.6511087109375 0.3000875984375 0.62432924375 0.2788215453125 0.62432924375
2 0.2460363828125 0.62747976875 0.2460363828125 0.6605602937499999 0.2717328609375 0.6605602937499999 0.2717328609375 0.62747976875 0.2460363828125 0.62747976875
2 0.219453821875 0.63063029375 0.219453821875 0.6684366046875 0.2469224703125 0.6684366046875 0.2469224703125 0.63063029375 0.219453821875 0.63063029375
2 0.1831243171875 0.6290550359375 0.1831243171875 0.6826139765625 0.22211207656249998 0.6826139765625 0.22211207656249998 0.6290550359375 0.1831243171875 0.6290550359375
2 0.12287050937499999 0.6322055578125 0.12287050937499999 0.6999418656249999 0.1813521484375 0.6999418656249999 0.1813521484375 0.6322055578125 0.12287050937499999 0.6322055578125
2 0.00016442812499999998 0.62239445 0.00016442812499999998 0.7358133828125 0.11970208906249999 0.7358133828125 0.11970208906249999 0.62239445 0.00016442812499999998 0.62239445
2 0.4697518578125 0.5983749015625001 0.4697518578125 0.628304896875 0.488359653125 0.628304896875 0.488359653125 0.5983749015625001 0.4697518578125 0.5983749015625001
2 0.4938449453125 0.5970246671874999 0.4938449453125 0.6301051953125001 0.5080223125 0.6301051953125001 0.5080223125 0.5970246671874999 0.4938449453125 0.5970246671874999
2 0.5133388234375 0.6049009828125 0.5133388234375 0.6442825609375 0.5337187890624999 0.6442825609375 0.5337187890624999 0.6049009828125 0.5133388234375 0.6049009828125
2 0.5363770453125001 0.6080515109375 0.5363770453125001 0.6553093999999999 0.5505544125 0.6553093999999999 0.5505544125 0.6080515109375 0.5363770453125001 0.6080515109375
2 0.548782240625 0.6127772953124999 0.548782240625 0.6679115015625 0.575364803125 0.6679115015625 0.575364803125 0.6127772953124999 0.548782240625 0.6127772953124999
2 0.575364803125 0.6143525624999999 0.575364803125 0.67893834375 0.60106128125 0.67893834375 0.60106128125 0.6143525624999999 0.575364803125 0.6143525624999999
2 0.5930865125 0.59387414375 0.5930865125 0.691540446875 0.68080896875 0.691540446875 0.68080896875 0.59387414375 0.5930865125 0.59387414375
2 0.3972050984375 0.5998059921875 0.3972050984375 0.680144403125 0.45745890625 0.680144403125 0.45745890625 0.5998059921875 0.3972050984375 0.5998059921875
2 0.3050522140625 0.5998059921875 0.3050522140625 0.6785691453125 0.3688503640625 0.6785691453125 0.3688503640625 0.5998059921875 0.3050522140625 0.5998059921875
2 0.3715086203125 0.60925756875 0.3715086203125 0.64548861875 0.392774671875 0.64548861875 0.392774671875 0.60925756875 0.3715086203125 0.60925756875
2 0.6721165625000001 0.599424484375 0.6721165625000001 0.739622884375 0.833384109375 0.739622884375 0.833384109375 0.599424484375 0.6721165625000001 0.599424484375