2 0.49091956249999996 0.6356419515625 0.49091956249999996 0.6713292562500001 0.5150084953125 0.6713292562500001 0.5150084953125 0.6356419515625 0.49091956249999996 0.6356419515625
2 0.5109936734375 0.633602675 0.5109936734375 0.685604184375 0.539670975 0.685604184375 0.539670975 0.633602675 0.5109936734375 0.633602675
2 0.5333619671875 0.6285044890625 0.5333619671875 0.6988594671875 0.5689218203124999 0.6988594671875 0.5689218203124999 0.6285044890625 0.5333619671875 0.6285044890625
2 0.5700689156250001 0.6315634 0.5700689156250001 0.69580055625 0.614805509375 0.69580055625 0.614805509375 0.6315634 0.5700689156250001 0.6315634
2 0.836538425 0.5856797171875 0.836538425 0.68356490625 0.9856603953124999 0.68356490625 0.9856603953124999 0.5856797171875 0.836538425 0.5856797171875
2 0.112838015625 0.6782628109375 0.112838015625 0.7231268562500001 0.13864758593749998 0.7231268562500001 0.13864758593749998 0.6782628109375 0.112838015625 0.6782628109375
2 0 0.7557552546874999 0.10194064218750001 0.7557552546874999 0.10194064218750001 0.665007525 0 0.665007525 0 0.7557552546874999
2 0.8537448078125 0.60382928125 0.8537448078125 0.9974093187499999 0.9994254984375001 0.9974093187499999 0.9994254984375001 0.60382928125 0.8537448078125 0.60382928125
2 0.135550434375 0.5854758062500001 0.135550434375 0.808776396875 0.30589360625 0.808776396875 0.30589360625 0.5854758062500001 0.135550434375 0.5854758062500001
2 0.3125467421875 0.5477492234375 0.3125467421875 0.8210120468750001 0.4920666546875 0.8210120468750001 0.4920666546875 0.5477492234375 0.3125467421875 0.5477492234375
2 0.6112495124999999 0.5722205234375 0.6112495124999999 0.7843051062499999 0.8378001968750001 0.7843051062499999 0.8378001968750001 0.5722205234375 0.6112495124999999 0.5722205234375