2 0.43671391406250004 0.3569962953125 0.43671391406250004 0.38299116875 0.45328564687500006 0.38299116875 0.45328564687500006 0.3569962953125 0.43671391406250004 0.3569962953125
2 0.5254214296875 0.35179731875 0.5254214296875 0.3933891203125 0.5605145109375 0.3933891203125 0.5605145109375 0.35179731875 0.5254214296875 0.35179731875
2 0.3811498671875 0.3673942453125 0.3811498671875 0.38645715625 0.3957719859375 0.38645715625 0.3957719859375 0.3673942453125 0.3811498671875 0.3673942453125
2 0.3275354359375 0.37086023125 0.3275354359375 0.40725305624999997 0.3597040953125 0.40725305624999997 0.3597040953125 0.37086023125 0.3275354359375 0.37086023125
2 0.3597040953125 0.37086023125 0.3597040953125 0.398588096875 0.3840742921875 0.398588096875 0.3840742921875 0.37086023125 0.3597040953125 0.37086023125
2 0.3977216 0.3500643296875 0.3977216 0.3951221140625 0.43378949218749996 0.3951221140625 0.43378949218749996 0.3500643296875 0.3977216 0.3500643296875
2 0.282694275 0.36392826093749997 0.282694275 0.42458297187499994 0.3363087078125 0.42458297187499994 0.3363087078125 0.36392826093749997 0.282694275 0.36392826093749997
2 0.32948505156249996 0.5510913687500001 0.32948505156249996 0.554557353125 0.3372835140625 0.554557353125 0.3372835140625 0.5510913687500001 0.32948505156249996 0.5510913687500001
2 0.1267250203125 0.37952518749999997 0.1267250203125 0.47137375312499996 0.230054653125 0.47137375312499996 0.230054653125 0.37952518749999997 0.1267250203125 0.37952518749999997
2 0.0186382890625 0.4055200640625 0.0186382890625 0.5193746453125 0.1384227140625 0.5193746453125 0.1384227140625 0.4055200640625 0.0186382890625 0.4055200640625
2 0.428915453125 0.3483313375 0.428915453125 0.50949956875 0.5341946984375 0.50949956875 0.5341946984375 0.3483313375 0.428915453125 0.3483313375
2 0.6857276734375 0.32015603125 0.6857276734375 0.359999753125 0.7147315609375 0.359999753125 0.7147315609375 0.32015603125 0.6857276734375 0.32015603125