2 0.42601105625 0.5310595828125 0.42601105625 0.55966885 0.44578643281249997 0.55966885 0.44578643281249997 0.5310595828125 0.42601105625 0.5310595828125
2 0.396081928125 0.5256953453125 0.396081928125 0.5471522984375 0.4151920265625 0.5471522984375 0.4151920265625 0.5256953453125 0.396081928125 0.5256953453125
2 0.3508646234375 0.5310595828125 0.3508646234375 0.5614569328125001 0.37294864843750003 0.5614569328125001 0.37294864843750003 0.5310595828125 0.3508646234375 0.5310595828125
2 0.3060404359375 0.5256953453125 0.3060404359375 0.59543044375 0.35283275625 0.59543044375 0.35283275625 0.5256953453125 0.3060404359375 0.5256953453125
2 0.3709370609375 0.53463574375 0.3709370609375 0.604370840625 0.42122679375 0.604370840625 0.42122679375 0.53463574375 0.3709370609375 0.53463574375
2 0.1858708421875 0.52927150625 0.1858708421875 0.54715229375 0.21101570781249998 0.54715229375 0.21101570781249998 0.52927150625 0.1858708421875 0.52927150625
2 0.0329900515625 0.5328476609374999 0.0329900515625 0.554304615625 0.0611523015625 0.554304615625 0.0611523015625 0.5328476609374999 0.0329900515625 0.5328476609374999
2 0 0.554304615625 0.026955284375 0.554304615625 0.026955284375 0.5328476609374999 0 0.5328476609374999 0 0.554304615625
2 0.5922118859375 0.5328476609374999 0.5922118859375 0.5471522953125 0.603275628125 0.5471522953125 0.603275628125 0.5328476609374999 0.5922118859375 0.5328476609374999
2 0.609310396875 0.5364238203125 0.609310396875 0.5507284578125 0.6173567531249999 0.5507284578125 0.6173567531249999 0.5364238203125 0.609310396875 0.5364238203125
2 0.609310396875 0.5256953453125 0.609310396875 0.5364238203125 0.619368340625 0.5364238203125 0.619368340625 0.5256953453125 0.609310396875 0.5256953453125
2 0.6203741375 0.5364238203125 0.6203741375 0.5471522953125 0.6404900296875 0.5471522953125 0.6404900296875 0.5364238203125 0.6203741375 0.5364238203125
2 0.645519003125 0.5364238203125 0.645519003125 0.5525165359375 0.665634896875 0.5525165359375 0.665634896875 0.5364238203125 0.645519003125 0.5364238203125
2 0.685750790625 0.5310595828125 0.685750790625 0.56860925 0.7289999625 0.56860925 0.7289999625 0.5310595828125 0.685750790625 0.5310595828125
2 0.7048608890625 0.5221191859375 0.7048608890625 0.5632450125 0.7531390328125 0.5632450125 0.7531390328125 0.5221191859375 0.7048608890625 0.5221191859375
2 0.7430810859375 0.523907265625 0.7430810859375 0.5829138859375 0.8144925078125 0.5829138859375 0.8144925078125 0.523907265625 0.7430810859375 0.523907265625
2 0.88188075 0.5417880578125 0.88188075 0.5990066 0.9994969890625001 0.5990066 0.9994969890625001 0.5417880578125 0.88188075 0.5417880578125