2 0.8432087859375 0.5718872687500001 0.8432087859375 0.9998466265625 0.9988620812500001 0.9998466265625 0.9988620812500001 0.5718872687500001 0.8432087859375 0.5718872687500001
2 0 0.9998466265625 0.4737566125 0.9998466265625 0.4737566125 0.4817717 0 0.4817717 0 0.9998466265625
2 0.0009748078125000001 0.5580233359375 0.0009748078125000001 0.774647303125 0.020470965625 0.774647303125 0.020470965625 0.5580233359375 0.0009748078125000001 0.5580233359375
2 0 0.6810657499999999 0.063362509375 0.6810657499999999 0.063362509375 0.53549444375 0 0.53549444375 0 0.6810657499999999
2 0.799342434375 0.5060335828125 0.799342434375 0.82837004375 0.9991780421875 0.82837004375 0.9991780421875 0.5060335828125 0.799342434375 0.5060335828125
2 0.020470965625 0.511232559375 0.020470965625 0.549358378125 0.061412893749999996 0.549358378125 0.061412893749999996 0.511232559375 0.020470965625 0.511232559375
2 0.035093082812499996 0.5164315359375 0.035093082812499996 0.5944161609374999 0.12185098125 0.5944161609374999 0.12185098125 0.5164315359375 0.035093082812499996 0.5164315359375
2 0.11892655625 0.5060335828125 0.11892655625 0.530295465625 0.14232194375 0.530295465625 0.14232194375 0.5060335828125 0.11892655625 0.5060335828125
2 0.3840742921875 0.5302954671875 0.3840742921875 0.6637358296875 0.4464619953125 0.6637358296875 0.4464619953125 0.5302954671875 0.3840742921875 0.5302954671875
2 0.45133603281249995 0.53549444375 0.45133603281249995 0.665468821875 0.5751366296875 0.665468821875 0.5751366296875 0.53549444375 0.45133603281249995 0.53549444375
2 0.5566152796875 0.521630509375 0.5566152796875 0.66373583125 0.6862647234375 0.66373583125 0.6862647234375 0.521630509375 0.5566152796875 0.521630509375
2 0.6657937578124999 0.537227434375 0.6657937578124999 0.6516048890625 0.8022668562499999 0.6516048890625 0.8022668562499999 0.537227434375 0.6657937578124999 0.537227434375
2 0.757425696875 0.51296555 0.757425696875 0.59268316875 0.8714782140624999 0.59268316875 0.8714782140624999 0.51296555 0.757425696875 0.51296555
2 0.7535264640625 0.5060335828125 0.7535264640625 0.5233635015625 0.7895943562500001 0.5233635015625 0.7895943562500001 0.5060335828125 0.7535264640625 0.5060335828125
2 0.6414235625 0.5164315359375 0.6414235625 0.5580233359375 0.689189146875 0.5580233359375 0.689189146875 0.5164315359375 0.6414235625 0.5164315359375
2 0.43086506875 0.537227434375 0.43086506875 0.5788192359375001 0.4718069984375 0.5788192359375001 0.4718069984375 0.537227434375 0.43086506875 0.537227434375
2 0.4718069984375 0.5077665765625 0.4718069984375 0.526829484375 0.4893535375 0.526829484375 0.4893535375 0.5077665765625 0.4718069984375 0.5077665765625
2 0.44646199375 0.5043005921875 0.44646199375 0.521630509375 0.46010930156249996 0.521630509375 0.46010930156249996 0.5043005921875 0.44646199375 0.5043005921875
1 0.5449175859375 0.4852376828125 0.5449175859375 0.533761453125 0.651171640625 0.533761453125 0.651171640625 0.4852376828125 0.5449175859375 0.4852376828125