2 0.0019623 0.3869032015625 0.0019623 0.4389063203125 0.058125665625 0.4389063203125 0.058125665625 0.3869032015625 0.0019623 0.3869032015625
2 0.8022902921874999 0.3869032015625 0.8022902921874999 0.624037421875 0.9965219390625 0.624037421875 0.9965219390625 0.3869032015625 0.8022902921874999 0.3869032015625
2 0.615079065625 0.3681820796875 0.615079065625 0.6323579203125 0.8689842921875 0.6323579203125 0.8689842921875 0.3681820796875 0.615079065625 0.3681820796875
2 0.41850727968749996 0.3681820796875 0.41850727968749996 0.6365181718749999 0.6150790671874999 0.6365181718749999 0.6150790671874999 0.3681820796875 0.41850727968749996 0.3681820796875
2 0.20789464687499998 0.4160249484375 0.20789464687499998 0.6406784203125 0.3717044703125 0.6406784203125 0.3717044703125 0.4160249484375 0.20789464687499998 0.4160249484375
2 0.06046580625 0.37026220312499997 0.06046580625 0.43266594375 0.116629175 0.43266594375 0.116629175 0.37026220312499997 0.06046580625 0.37026220312499997
2 0.110778825 0.374422453125 0.110778825 0.41810507656249996 0.14237071875 0.41810507656249996 0.14237071875 0.374422453125 0.110778825 0.374422453125
2 0.2017852234375 0.384823078125 0.2017852234375 0.449306946875 0.2465069640625 0.449306946875 0.2465069640625 0.384823078125 0.2017852234375 0.384823078125
2 0.2675682265625 0.3661019546875 0.2675682265625 0.5179510609375 0.3705344015625 0.5179510609375 0.3705344015625 0.3661019546875 0.2675682265625 0.3661019546875
2 0.846752959375 0.376502578125 0.846752959375 0.4118646984375 0.9309980109374999 0.4118646984375 0.9309980109374999 0.376502578125 0.846752959375 0.376502578125
2 0.943868784375 0.380662828125 0.943868784375 0.42434544687500003 0.9672701874999999 0.42434544687500003 0.9672701874999999 0.380662828125 0.943868784375 0.380662828125
2 0.18716310625000002 0.3847241625 0.18716310625000002 0.41245203124999996 0.2056844546875 0.41245203124999996 0.2056844546875 0.3847241625 0.18716310625000002 0.3847241625
4 0.3879735234375 0.3639282625 0.3879735234375 0.43844690625 0.398696409375 0.43844690625 0.398696409375 0.3639282625 0.3879735234375 0.3639282625
4 0.380175059375 0.3569962953125 0.380175059375 0.419383996875 0.38992313749999996 0.419383996875 0.38992313749999996 0.3569962953125 0.380175059375 0.3569962953125