6 0.245714734375 0.48050881562500003 0.245714734375 0.5553933062499999 0.28666719218750003 0.5553933062499999 0.28666719218750003 0.48050881562500003 0.245714734375 0.48050881562500003
2 0.28315698125 0.5096305609375 0.28315698125 0.54499268125 0.296027753125 0.54499268125 0.296027753125 0.5096305609375 0.28315698125 0.5096305609375
2 0.2936876125 0.5137908125 0.2936876125 0.5408324328125 0.311238665625 0.5408324328125 0.311238665625 0.5137908125 0.2936876125 0.5137908125
2 0.3077284546875 0.49506968906250004 0.3077284546875 0.56787405625 0.3451706984375 0.56787405625 0.3451706984375 0.49506968906250004 0.3077284546875 0.49506968906250004
2 0.3264495765625 0.48050881562500003 0.3264495765625 0.5886753031249999 0.3884632953125 0.5886753031249999 0.3884632953125 0.48050881562500003 0.3264495765625 0.48050881562500003
2 0.3755925234375 0.5033901875 0.3755925234375 0.5449926828125 0.3978238578125 0.5449926828125 0.3978238578125 0.5033901875 0.3755925234375 0.5033901875
2 0.39197350625 0.49160281875 0.39197350625 0.6663332953125 0.5124907328125 0.6663332953125 0.5124907328125 0.49160281875 0.39197350625 0.49160281875
2 0.22348340156250002 0.5075504375000001 0.22348340156250002 0.5512330578125 0.245714734375 0.5512330578125 0.245714734375 0.5075504375000001 0.22348340156250002 0.5075504375000001
2 0.1977418578125 0.5054703140625 0.1977418578125 0.5345920578125 0.21412284062500003 0.5345920578125 0.21412284062500003 0.5054703140625 0.1977418578125 0.5054703140625
2 0.1755105234375 0.5075504375000001 0.1755105234375 0.54291255625 0.2012520671875 0.54291255625 0.2012520671875 0.5075504375000001 0.1755105234375 0.5075504375000001
4 0.2593167828125 0.4834804109375 0.2593167828125 0.56252515 0.27803790781250004 0.56252515 0.27803790781250004 0.4834804109375 0.2593167828125 0.4834804109375