2 0.1906376046875 0.3492895859375 0.1906376046875 0.5399201687499999 0.36935378124999996 0.5399201687499999 0.36935378124999996 0.3492895859375 0.1906376046875 0.3492895859375
2 0.4016730359375 0.372628846875 0.4016730359375 0.4337745078125 0.444834678125 0.4337745078125 0.444834678125 0.372628846875 0.4016730359375 0.372628846875
2 0.4657410984375 0.3510480265625 0.4657410984375 0.45895212812499997 0.5257627546875 0.45895212812499997 0.5257627546875 0.3510480265625 0.4657410984375 0.3510480265625
2 0.64445729375 0.3510480265625 0.64445729375 0.556065825 0.8413822874999999 0.556065825 0.8413822874999999 0.3510480265625 0.64445729375 0.3510480265625
2 0.5233349109375001 0.37466703125 0.5233349109375001 0.420226540625 0.5401949265625 0.420226540625 0.5401949265625 0.37466703125 0.5233349109375001 0.37466703125
2 0.5341253203125 0.367473425 0.5341253203125 0.42742015312500004 0.5671709546875 0.42742015312500004 0.5671709546875 0.367473425 0.5341253203125 0.367473425
2 0.5449157312499999 0.378263834375 0.5449157312499999 0.43461375625 0.57998456875 0.43461375625 0.57998456875 0.378263834375 0.5449157312499999 0.378263834375
2 0.5631245500000001 0.38186064062499997 0.5631245500000001 0.4466031046875 0.582682165625 0.4466031046875 0.582682165625 0.38186064062499997 0.5631245500000001 0.38186064062499997
2 0.5739149593749999 0.3602798171875 0.5739149593749999 0.45859244375 0.6298902125 0.45859244375 0.6298902125 0.3602798171875 0.5739149593749999 0.3602798171875
2 0.5975189828125 0.36627449218749997 0.5975189828125 0.49216261406250006 0.6804702625 0.49216261406250006 0.6804702625 0.36627449218749997 0.5975189828125 0.36627449218749997
2 0.44186731874999996 0.37886330468749996 0.44186731874999996 0.41722920625000004 0.46277373906249997 0.41722920625000004 0.46277373906249997 0.37886330468749996 0.44186731874999996 0.37886330468749996
2 0.45872733437499996 0.37166969375000003 0.45872733437499996 0.40763773125 0.4735641484375 0.40763773125 0.4735641484375 0.37166969375000003 0.45872733437499996 0.37166969375000003
2 0.0492312484375 0.3839587703125 0.0492312484375 0.4484015015625 0.130833728125 0.4484015015625 0.130833728125 0.3839587703125 0.0492312484375 0.3839587703125
2 0.1793905734375 0.394449453125 0.1793905734375 0.42682068281249996 0.208389803125 0.42682068281249996 0.208389803125 0.394449453125 0.1793905734375 0.394449453125
4 0.05161914375 0.377964103125 0.05161914375 0.42518879531250003 0.06423715625000001 0.42518879531250003 0.06423715625000001 0.377964103125 0.05161914375 0.377964103125