2 0.342579678125 0.48967280156250004 0.342579678125 0.49987431875 0.35023081718750004 0.49987431875 0.35023081718750004 0.48967280156250004 0.342579678125 0.48967280156250004
2 0.324216953125 0.48287178906249995 0.324216953125 0.49307330625 0.33665005 0.49307330625 0.33665005 0.48287178906249995 0.324216953125 0.48287178906249995
2 0.3232605609375 0.49307330625 0.3232605609375 0.5049750734375 0.33378087500000003 0.5049750734375 0.33378087500000003 0.49307330625 0.3232605609375 0.49307330625
2 0.312740246875 0.494773559375 0.312740246875 0.5049750765625001 0.3232605609375 0.5049750765625001 0.3232605609375 0.494773559375 0.312740246875 0.494773559375
2 0.2830920875 0.487972546875 0.2830920875 0.5049750734375 0.3012635375 0.5049750734375 0.3012635375 0.487972546875 0.2830920875 0.487972546875
2 0.24866196875000002 0.48627229375000003 0.24866196875000002 0.5117760859375 0.26970259531249996 0.5117760859375 0.26970259531249996 0.48627229375000003 0.24866196875000002 0.48627229375000003
2 0.222839378125 0.494773559375 0.222839378125 0.52367785625 0.2496183609375 0.52367785625 0.2496183609375 0.494773559375 0.222839378125 0.494773559375
2 0.1157234546875 0.49987431875 0.1157234546875 0.54578114375 0.1558919265625 0.54578114375 0.1558919265625 0.49987431875 0.1157234546875 0.49987431875
2 0.3605598546875 0.487972546875 0.3605598546875 0.50157456875 0.3701237765625 0.50157456875 0.3701237765625 0.487972546875 0.3605598546875 0.487972546875
2 0.3682109921875 0.47947128437500003 0.3682109921875 0.5032748234375 0.3796876984375 0.5032748234375 0.3796876984375 0.47947128437500003 0.3682109921875 0.47947128437500003
2 0.377774915625 0.476070778125 0.377774915625 0.5117760859375 0.40168471875 0.5117760859375 0.40168471875 0.476070778125 0.377774915625 0.476070778125
2 0.39403358125 0.48457204374999996 0.39403358125 0.5389801328125 0.41698699375 0.5389801328125 0.41698699375 0.48457204374999996 0.39403358125 0.48457204374999996
2 0.40551028906250003 0.48457204374999996 0.40551028906250003 0.555982659375 0.42655091718750004 0.555982659375 0.42655091718750004 0.48457204374999996 0.40551028906250003 0.48457204374999996
2 0.413161425 0.47777103125 0.413161425 0.5729851874999999 0.47628331093750004 0.5729851874999999 0.47628331093750004 0.47777103125 0.413161425 0.47777103125
2 0.45141711406249996 0.4431992328125 0.45141711406249996 0.6438290624999999 0.5891375875 0.6438290624999999 0.5891375875 0.4431992328125 0.45141711406249996 0.4431992328125
2 0.5091194515625 0.476070778125 0.5091194515625 0.76851425625 0.70900541875 0.76851425625 0.70900541875 0.476070778125 0.5091194515625 0.476070778125
2 0.6675617468749999 0.1462217390625 0.6675617468749999 0.99804838125 0.9994298390624999 0.99804838125 0.9994298390624999 0.1462217390625 0.6675617468749999 0.1462217390625