2 0.284565778125 0.44052631875000003 0.284565778125 0.47605263593749997 0.30854604218750004 0.47605263593749997 0.30854604218750004 0.44052631875000003 0.284565778125 0.44052631875000003
2 0.24260031875000002 0.431644740625 0.24260031875000002 0.48671052968749995 0.28556495625 0.48671052968749995 0.28556495625 0.431644740625 0.24260031875000002 0.431644740625
2 0.1556718640625 0.4085526328125 0.1556718640625 0.50802631875 0.24659702968750002 0.50802631875 0.24659702968750002 0.4085526328125 0.1556718640625 0.4085526328125
2 0 0.5648684234375 0.082731896875 0.5648684234375 0.082731896875 0.39434210625 0 0.39434210625 0 0.5648684234375
2 0 0.5613157953125001 0.1386858421875 0.5613157953125001 0.1386858421875 0.39967105625 0 0.39967105625 0 0.5613157953125001
2 0 0.545328946875 0.16766199375 0.545328946875 0.16766199375 0.362368425 0 0.362368425 0 0.545328946875
2 0.398472028125 0.429868425 0.398472028125 0.47072368750000004 0.42145311406249997 0.47072368750000004 0.42145311406249997 0.429868425 0.398472028125 0.429868425
2 0.41445887187499997 0.42809210625 0.41445887187499997 0.48848684374999995 0.44943009062500006 0.48848684374999995 0.44943009062500006 0.42809210625 0.41445887187499997 0.42809210625
2 0.434442425 0.43342105625 0.434442425 0.4991447375 0.47940541875 0.4991447375 0.47940541875 0.43342105625 0.434442425 0.43342105625
2 0.4554251546875 0.429868425 0.4554251546875 0.529342109375 0.5333610109375 0.529342109375 0.5333610109375 0.429868425 0.4554251546875 0.429868425
2 0.48440130625 0.4440789515625 0.48440130625 0.550657896875 0.5623371609375 0.550657896875 0.5623371609375 0.4440789515625 0.48440130625 0.4440789515625
2 0.5083815703125001 0.45118421093750005 0.5083815703125001 0.56131579375 0.6202894640625 0.56131579375 0.6202894640625 0.45118421093750005 0.5083815703125001 0.45118421093750005
2 0.5393560749999999 0.45118421093750005 0.5393560749999999 0.5861842125 0.6402730156249999 0.5861842125 0.6402730156249999 0.45118421093750005 0.5393560749999999 0.45118421093750005
2 0.559339628125 0.4458552671875 0.559339628125 0.5986184234375 0.7521809125 0.5986184234375 0.7521809125 0.4458552671875 0.559339628125 0.4458552671875
2 0.632279596875 0.431644740625 0.632279596875 0.6572368453124999 0.8980608468750001 0.6572368453124999 0.8980608468750001 0.431644740625 0.632279596875 0.431644740625
2 0.8141299265624999 0.45473684375 0.8141299265624999 0.795789478125 0.999976965625 0.795789478125 0.999976965625 0.45473684375 0.8141299265624999 0.45473684375
2 0.6962269640625001 0.43031220625 0.6962269640625001 0.7282894796875 0.9994969890625001 0.7282894796875 0.9994969890625001 0.43031220625 0.6962269640625001 0.43031220625