2 0.3835655328125 0.40499985625 0.3835655328125 0.4349997015625 0.4046592765625 0.4349997015625 0.4046592765625 0.40499985625 0.3835655328125 0.40499985625
2 0.4078233375 0.40874985625000004 0.4078233375 0.4349998484375 0.42575302031250006 0.4349998484375 0.42575302031250006 0.40874985625000004 0.4078233375 0.40874985625000004
2 0.42997176875000004 0.4031248578125 0.42997176875000004 0.43312485 0.453174884375 0.43312485 0.453174884375 0.4031248578125 0.42997176875000004 0.4031248578125
2 0.4373545765625 0.40874985625000004 0.4373545765625 0.44249984531250003 0.453174884375 0.44249984531250003 0.453174884375 0.40874985625000004 0.4373545765625 0.40874985625000004
2 0.4479014484375 0.41062485625 0.4479014484375 0.44624984375 0.4700498796875 0.44624984375 0.4700498796875 0.41062485625 0.4479014484375 0.41062485625
2 0.45106551093749997 0.42562485 0.45106551093749997 0.4649998375 0.47004988125 0.4649998375 0.47004988125 0.42562485 0.45106551093749997 0.42562485
2 0.4721592515625 0.401249859375 0.4721592515625 0.44249984531250003 0.5122373625 0.44249984531250003 0.5122373625 0.401249859375 0.4721592515625 0.401249859375
2 0.47637799999999997 0.4124998546875 0.47637799999999997 0.47249983437500004 0.5154014250000001 0.47249983437500004 0.5154014250000001 0.4124998546875 0.47637799999999997 0.4124998546875
2 0.4953623703125 0.40499985625 0.4953623703125 0.49874982343749996 0.575518590625 0.49874982343749996 0.575518590625 0.40499985625 0.4953623703125 0.40499985625
2 0.5270029843749999 0.4162498546875 0.5270029843749999 0.51749981875 0.6113779546875 0.51749981875 0.6113779546875 0.4162498546875 0.5270029843749999 0.4162498546875
2 0.552315475 0.4199998515625 0.552315475 0.5343748109375 0.6324716953125 0.5343748109375 0.6324716953125 0.4199998515625 0.552315475 0.4199998515625
2 0.585010778125 0.4237498515625 0.585010778125 0.5362498109375 0.6314170109374999 0.5362498109375 0.6314170109374999 0.4237498515625 0.585010778125 0.4237498515625
2 0.6092685796875 0.40874985625000004 0.6092685796875 0.545624809375 0.706299796875 0.545624809375 0.706299796875 0.40874985625000004 0.6092685796875 0.40874985625000004
2 0.67887793125 0.41437485625 0.67887793125 0.47062483281249995 0.7442685328125 0.47062483281249995 0.7442685328125 0.41437485625 0.67887793125 0.41437485625
2 0.6229795140625 0.461249840625 0.6229795140625 0.62999978125 0.7379404109375 0.62999978125 0.7379404109375 0.461249840625 0.6229795140625 0.461249840625
2 0.3593077296875 0.40499985625 0.3593077296875 0.4349998453125 0.37934678437499997 0.4349998453125 0.37934678437499997 0.40499985625 0.3593077296875 0.40499985625
2 0.34137805 0.40499985625 0.34137805 0.42937485000000003 0.35614366875000003 0.42937485000000003 0.35614366875000003 0.40499985625 0.34137805 0.40499985625
2 0.3329405515625 0.40687485624999997 0.3329405515625 0.4349998453125 0.345596796875 0.4349998453125 0.345596796875 0.40687485624999997 0.3329405515625 0.40687485624999997
2 0.3181749328125 0.4031248578125 0.3181749328125 0.4349998484375 0.33504992499999997 0.4349998484375 0.33504992499999997 0.4031248578125 0.3181749328125 0.4031248578125
2 0.2907530671875 0.3993748578125 0.2907530671875 0.44999984375 0.32661242968750004 0.44999984375 0.32661242968750004 0.3993748578125 0.2907530671875 0.3993748578125
2 0.2454015203125 0.38999986249999996 0.2454015203125 0.4518748421875 0.2970811875 0.4518748421875 0.2970811875 0.38999986249999996 0.2454015203125 0.38999986249999996
2 0.240128084375 0.401249859375 0.240128084375 0.47437483281250004 0.29180775312499996 0.47437483281250004 0.29180775312499996 0.401249859375 0.240128084375 0.401249859375
2 0.21692496718749998 0.4031248578125 0.21692496718749998 0.478124834375 0.2696593234375 0.478124834375 0.2696593234375 0.4031248578125 0.21692496718749998 0.4031248578125
2 0.17790154375 0.3993748578125 0.17790154375 0.4874998296875 0.2454015203125 0.4874998296875 0.2454015203125 0.3993748578125 0.17790154375 0.3993748578125
2 0.075596890625 0.3881248640625 0.075596890625 0.5062498234375 0.2253624625 0.5062498234375 0.2253624625 0.3881248640625 0.075596890625 0.3881248640625
2 0.057667210937500005 0.3937498625 0.057667210937500005 0.51937481875 0.1810656046875 0.51937481875 0.1810656046875 0.3937498625 0.057667210937500005 0.3937498625
2 0.026026596875000002 0.3937498625 0.026026596875000002 0.5399998109374999 0.17262810625 0.5399998109374999 0.17262810625 0.3937498625 0.026026596875000002 0.3937498625
2 0 0.5699998 0.1040734453125 0.5699998 0.1040734453125 0.3937498625 0 0.3937498625 0 0.5699998
2 0.7231747921875 0.2493749125 0.7231747921875 0.813749715625 0.9994969890625001 0.813749715625 0.9994969890625001 0.2493749125 0.7231747921875 0.2493749125