2 0.32802948593750003 0.5268369671875 0.32802948593750003 0.5421430968750001 0.3418050015625 0.5421430968750001 0.3418050015625 0.5268369671875 0.32802948593750003 0.5268369671875
2 0.311671059375 0.5253063546875001 0.311671059375 0.5390818687500001 0.32630754375 0.5390818687500001 0.32630754375 0.5253063546875001 0.311671059375 0.5253063546875001
2 0.370217003125 0.528367578125 0.370217003125 0.53755125625 0.3822705796875 0.53755125625 0.3822705796875 0.528367578125 0.370217003125 0.528367578125
2 0.358163425 0.5253063546875001 0.358163425 0.5406124828125 0.370217003125 0.5406124828125 0.370217003125 0.5253063546875001 0.358163425 0.5253063546875001
2 0.34266596875 0.5253063546875001 0.34266596875 0.5436737078125 0.35730245625 0.5436737078125 0.35730245625 0.5253063546875001 0.34266596875 0.5253063546875001
2 0.2944516625 0.5222451296874999 0.2944516625 0.5390818703125 0.3108100875 0.5390818703125 0.3108100875 0.5222451296874999 0.2944516625 0.5222451296874999
2 0.28239808593750004 0.520714515625 0.28239808593750004 0.5390818703125 0.29445166093749997 0.5390818703125 0.29445166093749997 0.520714515625 0.28239808593750004 0.520714515625
2 0.26862256875 0.5222451296874999 0.26862256875 0.537551259375 0.284120025 0.537551259375 0.284120025 0.5222451296874999 0.26862256875 0.5222451296874999
2 0.2522641421875 0.517347171875 0.2522641421875 0.5360206453125 0.2686225671875 0.5360206453125 0.2686225671875 0.517347171875 0.2522641421875 0.517347171875
2 0.44533661406249997 0.5188777828125 0.44533661406249997 0.532653296875 0.45136340312499995 0.532653296875 0.45136340312499995 0.5188777828125 0.44533661406249997 0.5188777828125
2 0.4479195265625 0.5158165578125 0.4479195265625 0.54949004375 0.47288765 0.54949004375 0.47288765 0.5158165578125 0.4479195265625 0.5158165578125
2 0.542195715625 0.50969410625 0.542195715625 0.5846941421875 0.59729778125 0.5846941421875 0.59729778125 0.50969410625 0.542195715625 0.50969410625
2 0.5852442046874999 0.5250002375 0.5852442046874999 0.54489820625 0.6007416609375 0.54489820625 0.6007416609375 0.5250002375 0.5852442046874999 0.5250002375
2 0.5921319625 0.5311226890625 0.5921319625 0.57397985 0.626570753125 0.57397985 0.626570753125 0.5311226890625 0.5921319625 0.5311226890625
2 0.611073296875 0.537245140625 0.611073296875 0.5816329125 0.6515388765625 0.5816329125 0.6515388765625 0.537245140625 0.611073296875 0.537245140625
2 0.6595028468749999 0.5317010109375 0.6595028468749999 0.9373134406249999 0.998724940625 0.9373134406249999 0.998724940625 0.5317010109375 0.6595028468749999 0.5317010109375
2 0.2384886265625 0.5165818671875 0.2384886265625 0.536479834375 0.25570802187499997 0.536479834375 0.25570802187499997 0.5165818671875 0.2384886265625 0.5165818671875
2 0.39862900625000003 0.5104594125 0.39862900625000003 0.5992349625 0.45373107187499995 0.5992349625 0.45373107187499995 0.5104594125 0.39862900625000003 0.5104594125
2 0.6371176328125 0.53035738125 0.6371176328125 0.6022961859375 0.7059952140625 0.6022961859375 0.7059952140625 0.53035738125 0.6371176328125 0.53035738125
6 0.46935153124999995 0.44390764374999997 0.46935153124999995 0.59715771875 0.5468388109375 0.59715771875 0.5468388109375 0.44390764374999997 0.46935153124999995 0.44390764374999997