4 0.0872017765625 0.41111357656249997 0.0872017765625 0.5021948875 0.111063828125 0.5021948875 0.111063828125 0.41111357656249997 0.0872017765625 0.41111357656249997
2 0.3405606546875 0.41485664375000003 0.3405606546875 0.51092870625 0.411444990625 0.51092870625 0.411444990625 0.41485664375000003 0.3405606546875 0.41485664375000003
2 0.400215790625 0.42234278124999997 0.400215790625 0.4759934140625 0.43530705000000003 0.4759934140625 0.43530705000000003 0.42234278124999997 0.400215790625 0.42234278124999997
6 0.5490027234375 0.36120600937499997 0.5490027234375 0.487222615625 0.630414440625 0.487222615625 0.630414440625 0.36120600937499997 0.5490027234375 0.36120600937499997
2 0.540229909375 0.41859971093750004 0.540229909375 0.46975496562499997 0.554968234375 0.46975496562499997 0.554968234375 0.41859971093750004 0.540229909375 0.41859971093750004
2 0.51987698125 0.42234278124999997 0.51987698125 0.4597734546875 0.5444408609375 0.4597734546875 0.5444408609375 0.42234278124999997 0.51987698125 0.42234278124999997
2 0.5121569015625 0.42234278124999997 0.5121569015625 0.452287321875 0.5240879281249999 0.452287321875 0.5240879281249999 0.42234278124999997 0.5121569015625 0.42234278124999997
6 0.4977694875 0.4086182 0.4977694875 0.44979194062500005 0.52022789375 0.44979194062500005 0.52022789375 0.4086182 0.4977694875 0.4086182
6 0.46829283125 0.4173520234375 0.46829283125 0.44729656562500003 0.48513663593749995 0.44729656562500003 0.48513663593749995 0.4173520234375 0.46829283125 0.4173520234375
4 0.7149843703125 0.407370509375 0.7149843703125 0.50718564375 0.7388464265625 0.50718564375 0.7388464265625 0.407370509375 0.7149843703125 0.407370509375
4 0.9430775453125 0.373682903125 0.9430775453125 0.53588249375 0.9915034828125 0.53588249375 0.9915034828125 0.373682903125 0.9430775453125 0.373682903125
4 0.17843904375 0.41111357656249997 0.17843904375 0.47848879218749996 0.1952828453125 0.47848879218749996 0.1952828453125 0.41111357656249997 0.17843904375 0.41111357656249997
5 0.1272058078125 0.41236126406249995 0.1272058078125 0.50968101875 0.149664215625 0.50968101875 0.149664215625 0.41236126406249995 0.1272058078125 0.41236126406249995
4 0.12299485624999999 0.421095090625 0.12299485624999999 0.49845181875 0.1377331859375 0.49845181875 0.1377331859375 0.421095090625 0.12299485624999999 0.421095090625
5 0.22616315468749998 0.4298289140625 0.22616315468749998 0.49221337187499997 0.23879600625 0.49221337187499997 0.23879600625 0.4298289140625 0.22616315468749998 0.4298289140625
4 0.21774125312499998 0.42608584687500006 0.21774125312499998 0.4834795484375 0.22967228281250002 0.4834795484375 0.22967228281250002 0.42608584687500006 0.21774125312499998 0.42608584687500006
4 0.23598870624999999 0.42234278124999997 0.23598870624999999 0.487222615625 0.2437087859375 0.487222615625 0.2437087859375 0.42234278124999997 0.23598870624999999 0.42234278124999997
4 0.16089341562499998 0.41610433281250003 0.16089341562499998 0.48223185781250005 0.17282444218749998 0.48223185781250005 0.17282444218749998 0.41610433281250003 0.16089341562499998 0.41610433281250003
4 0.14755873749999998 0.42234278124999997 0.14755873749999998 0.50968101875 0.1679116671875 0.50968101875 0.1679116671875 0.42234278124999997 0.14755873749999998 0.42234278124999997
4 0.2612544125 0.42359046874999995 0.2612544125 0.48223185625 0.2780982171875 0.48223185625 0.2780982171875 0.42359046874999995 0.2612544125 0.42359046874999995
4 0.27388726406249997 0.42858122343750005 0.27388726406249997 0.48223185781250005 0.2851164671875 0.48223185781250005 0.2851164671875 0.42858122343750005 0.27388726406249997 0.42858122343750005
4 0.3216113734375 0.41859971093750004 0.3216113734375 0.4647642078125 0.3328405765625 0.4647642078125 0.3328405765625 0.41859971093750004 0.3216113734375 0.41859971093750004
2 0.4423253015625 0.42858122343750005 0.4423253015625 0.44854425156250005 0.4577654546875 0.44854425156250005 0.4577654546875 0.42858122343750005 0.4423253015625 0.42858122343750005
2 0.4549581546875 0.4298289140625 0.4549581546875 0.44604887031249996 0.46688918125 0.44604887031249996 0.46688918125 0.4298289140625 0.4549581546875 0.4298289140625
2 0.482329334375 0.42234278124999997 0.482329334375 0.444801184375 0.4935585359375 0.444801184375 0.4935585359375 0.42234278124999997 0.482329334375 0.42234278124999997
4 0.30196026875 0.421095090625 0.30196026875 0.47225034375 0.3152949484375 0.47225034375 0.3152949484375 0.421095090625 0.30196026875 0.421095090625