2 0.41229244062500003 0.62919005 0.41229244062500003 0.6647163828125 0.4333277671875 0.6647163828125 0.4333277671875 0.62919005 0.41229244062500003 0.62919005
2 0.3965159453125 0.63105985625 0.3965159453125 0.65349754375 0.41439597343749995 0.65349754375 0.41439597343749995 0.63105985625 0.3965159453125 0.63105985625
2 0.434379534375 0.6347994703125 0.434379534375 0.662846578125 0.45015603281249994 0.662846578125 0.45015603281249994 0.6347994703125 0.434379534375 0.6347994703125
2 0.4554148640625 0.63105985625 0.4554148640625 0.6609767703125 0.474346659375 0.6609767703125 0.474346659375 0.63105985625 0.4554148640625 0.63105985625
2 0.474346659375 0.6254504375 0.474346659375 0.6591069625 0.4922266890625 0.6591069625 0.4922266890625 0.6254504375 0.474346659375 0.6254504375
2 0.4922266890625 0.63105985625 0.4922266890625 0.69463329375 0.5353491125 0.69463329375 0.5353491125 0.63105985625 0.4922266890625 0.63105985625
2 0.31237462968749996 0.63105985625 0.31237462968749996 0.6647163828125 0.331306425 0.6647163828125 0.331306425 0.63105985625 0.31237462968749996 0.63105985625
2 0.1745932265625 0.58057506875 0.1745932265625 0.7095917515625 0.2913393 0.7095917515625 0.2913393 0.58057506875 0.1745932265625 0.58057506875
2 0.1209531390625 0.5712260328125 0.1209531390625 0.6198410171875001 0.1735414625 0.6198410171875001 0.1735414625 0.5712260328125 0.1209531390625 0.5712260328125
2 0.293442834375 0.6198410171875001 0.293442834375 0.662846578125 0.3155299296875 0.662846578125 0.3155299296875 0.6198410171875001 0.293442834375 0.6198410171875001
2 0.332358190625 0.601142946875 0.332358190625 0.69837290625 0.39756770937499997 0.69837290625 0.39756770937499997 0.601142946875 0.332358190625 0.601142946875
2 0.529038515625 0.5955335265625 0.529038515625 0.7853189359375 0.6585504015625 0.7853189359375 0.6585504015625 0.5955335265625 0.529038515625 0.5955335265625
2 0.00224815 0.604882559375 0.00224815 0.9405129156250001 0.2292850828125 0.9405129156250001 0.2292850828125 0.604882559375 0.00224815 0.604882559375
2 0.742997853125 0.6301249546875 0.742997853125 0.73483414375 0.8499718890624999 0.73483414375 0.8499718890624999 0.6301249546875 0.742997853125 0.6301249546875