2 0.457651659375 0.485624659375 0.457651659375 0.50906214375 0.46688016875000005 0.50906214375 0.46688016875000005 0.485624659375 0.457651659375 0.485624659375
2 0.44446807499999996 0.485624659375 0.44446807499999996 0.51140589375 0.45897001875 0.51140589375 0.45897001875 0.485624659375 0.44446807499999996 0.485624659375
2 0.465561809375 0.483280909375 0.465561809375 0.52546838125 0.48270046874999994 0.52546838125 0.48270046874999994 0.483280909375 0.465561809375 0.483280909375
2 0.175522946875 0.5020308953125 0.175522946875 0.5418746203125 0.21111862343749999 0.5418746203125 0.21111862343749999 0.5020308953125 0.175522946875 0.5020308953125
2 0.34822790625 0.492655903125 0.34822790625 0.5137496390625 0.361411490625 0.5137496390625 0.361411490625 0.492655903125 0.34822790625 0.492655903125
2 0.38514194375 0.49031215625 0.38514194375 0.5114058921875 0.402280603125 0.5114058921875 0.402280603125 0.49031215625 0.38514194375 0.49031215625
2 0.33504432031250003 0.4973434015625 0.33504432031250003 0.5184371359375 0.3482279046875 0.5184371359375 0.3482279046875 0.4973434015625 0.33504432031250003 0.4973434015625
1 0.365366565625 0.48093716249999996 0.365366565625 0.492655903125 0.383823584375 0.492655903125 0.383823584375 0.48093716249999996 0.365366565625 0.48093716249999996
1 0.298130284375 0.46921842031249994 0.298130284375 0.5207808843749999 0.335044321875 0.5207808843749999 0.335044321875 0.46921842031249994 0.298130284375 0.46921842031249994
2 0.0806011359375 0.50906214375 0.0806011359375 0.539530871875 0.1544292109375 0.539530871875 0.1544292109375 0.50906214375 0.0806011359375 0.50906214375
2 0.034458590625 0.5207808843749999 0.034458590625 0.5348433734375 0.0806011359375 0.5348433734375 0.0806011359375 0.5207808843749999 0.034458590625 0.5207808843749999
2 0.3561380578125 0.49031215625 0.3561380578125 0.54421836875 0.39305209375 0.54421836875 0.39305209375 0.49031215625 0.3561380578125 0.49031215625
2 0.39700716875 0.47390591718749997 0.39700716875 0.558280859375 0.451059865625 0.558280859375 0.451059865625 0.47390591718749997 0.39700716875 0.47390591718749997
2 0.47874539531250004 0.48093716249999996 0.47874539531250004 0.54421836875 0.5235695828125 0.54421836875 0.5235695828125 0.48093716249999996 0.47874539531250004 0.48093716249999996
2 0.1939799640625 0.476249665625 0.1939799640625 0.6379683046875 0.335044321875 0.6379683046875 0.335044321875 0.476249665625 0.1939799640625 0.476249665625
2 0.1520700234375 0.511232559375 0.1520700234375 0.537227434375 0.1803394515625 0.537227434375 0.1803394515625 0.511232559375 0.1520700234375 0.511232559375