2 0.8656293671874999 0.45231083749999995 0.8656293671874999 0.507766578125 0.9202186078124999 0.507766578125 0.9202186078124999 0.45231083749999995 0.8656293671874999 0.45231083749999995
2 0.7856951234375 0.45750981562500004 0.7856951234375 0.51469854375 0.8568560968750001 0.51469854375 0.8568560968750001 0.45750981562500004 0.7856951234375 0.45750981562500004
2 0.555640471875 0.46964075625 0.555640471875 0.5389604234375 0.5946327859375 0.5389604234375 0.5946327859375 0.46964075625 0.555640471875 0.46964075625
2 0.4757062296875 0.474839734375 0.4757062296875 0.51989751875 0.4835046921875 0.51989751875 0.4835046921875 0.474839734375 0.4757062296875 0.474839734375
2 0.45815968749999997 0.46790776718749993 0.45815968749999997 0.5129655515625 0.47570622812499996 0.5129655515625 0.47570622812499996 0.46790776718749993 0.45815968749999997 0.46790776718749993
2 0.43086506875 0.45750981562500004 0.43086506875 0.5233635 0.46205891875000005 0.5233635 0.46205891875000005 0.45750981562500004 0.43086506875 0.45750981562500004
2 0.372376596875 0.44711186718749996 0.372376596875 0.544159403125 0.42794064374999996 0.544159403125 0.42794064374999996 0.44711186718749996 0.372376596875 0.44711186718749996
2 0.024370196875 0.440179896875 0.024370196875 0.54069341875 0.15694406249999998 0.54069341875 0.15694406249999998 0.440179896875 0.024370196875 0.440179896875
2 0.12282578749999999 0.43324793125000005 0.12282578749999999 0.57015428125 0.20470964687499998 0.57015428125 0.20470964687499998 0.43324793125000005 0.12282578749999999 0.43324793125000005
2 0.5839099 0.466174775 0.5839099 0.55975633125 0.6628693343750001 0.55975633125 0.6628693343750001 0.466174775 0.5839099 0.466174775
2 0.4747314203125 0.43671391562500006 0.4747314203125 0.5822852187499999 0.5595397046875 0.5822852187499999 0.5595397046875 0.43671391562500006 0.4747314203125 0.43671391562500006
6 0.15596925625 0.382991171875 0.15596925625 0.6238770203125 0.37530102187500003 0.6238770203125 0.37530102187500003 0.382991171875 0.15596925625 0.382991171875
2 0.8471080171875001 0.3951221140625 0.8471080171875001 0.6914637 0.9982032359374999 0.6914637 0.9982032359374999 0.3951221140625 0.8471080171875001 0.3951221140625