2 0.45815968749999997 0.441912890625 0.45815968749999997 0.45231084062500004 0.46595814999999996 0.45231084062500004 0.46595814999999996 0.441912890625 0.45815968749999997 0.441912890625
2 0.4562100734375 0.4488448546875 0.4562100734375 0.46444177968749994 0.463033728125 0.46444177968749994 0.463033728125 0.4488448546875 0.4562100734375 0.4488448546875
2 0.46790776562499997 0.441912890625 0.46790776562499997 0.45577682499999994 0.4747314203125 0.45577682499999994 0.4747314203125 0.441912890625 0.46790776562499997 0.441912890625
2 0.448411609375 0.44017989843749994 0.448411609375 0.4557768234375 0.45523526406250003 0.4557768234375 0.45523526406250003 0.44017989843749994 0.448411609375 0.44017989843749994
2 0.437688721875 0.447111865625 0.437688721875 0.46444178281250004 0.44256276093749997 0.46444178281250004 0.44256276093749997 0.447111865625 0.437688721875 0.447111865625
2 0.44353757031249996 0.4557768234375 0.44353757031249996 0.46790776562499997 0.45133603281249995 0.46790776562499997 0.45133603281249995 0.4557768234375 0.44353757031249996 0.4557768234375
2 0.428915453125 0.441912890625 0.428915453125 0.46097579843750003 0.437688721875 0.46097579843750003 0.437688721875 0.441912890625 0.428915453125 0.441912890625
2 0.42209179687500004 0.445378871875 0.42209179687500004 0.47483973281249997 0.4347642984375 0.47483973281249997 0.4347642984375 0.445378871875 0.42209179687500004 0.445378871875
2 0.4172177578125 0.45404383125000003 0.4172177578125 0.47657272500000003 0.43086506875 0.47657272500000003 0.43086506875 0.45404383125000003 0.4172177578125 0.45404383125000003
2 0.40454525625000004 0.44017989843749994 0.40454525625000004 0.47830571875 0.4240414140625 0.47830571875 0.4240414140625 0.44017989843749994 0.40454525625000004 0.44017989843749994
2 0.3957719859375 0.44364588281249995 0.3957719859375 0.4817717015625 0.41624295 0.4817717015625 0.41624295 0.44364588281249995 0.3957719859375 0.44364588281249995
2 0.390897946875 0.44364588281249995 0.390897946875 0.4852376859375 0.403570446875 0.4852376859375 0.403570446875 0.44364588281249995 0.390897946875 0.44364588281249995
2 0.369452171875 0.43324793125000005 0.369452171875 0.49563563125 0.3957719859375 0.49563563125 0.3957719859375 0.43324793125000005 0.369452171875 0.43324793125000005
2 0.3246110125 0.4245829703125 0.3246110125 0.5094995671875 0.37725063593749997 0.5094995671875 0.37725063593749997 0.4245829703125 0.3246110125 0.4245829703125
2 0.47083219062500004 0.4488448546875 0.47083219062500004 0.46790776562499997 0.4805802671875 0.46790776562499997 0.4805802671875 0.4488448546875 0.47083219062500004 0.4488448546875
2 0.47765584375000003 0.45404383125000003 0.47765584375000003 0.47483973125 0.4864291140625 0.47483973125 0.4864291140625 0.45404383125000003 0.47765584375000003 0.45404383125000003
2 0.481555075 0.4488448546875 0.481555075 0.48003870624999995 0.494227578125 0.48003870624999995 0.494227578125 0.4488448546875 0.481555075 0.4488448546875
2 0.4874039234375 0.4488448546875 0.4874039234375 0.48523768125 0.502026040625 0.48523768125 0.502026040625 0.4488448546875 0.4874039234375 0.4488448546875
2 0.49617719375 0.4505778484375 0.49617719375 0.49563563593750004 0.518597775 0.49563563593750004 0.518597775 0.4505778484375 0.49617719375 0.4505778484375
2 0.5078748875 0.4505778484375 0.5078748875 0.51469854375 0.531270275 0.51469854375 0.531270275 0.4505778484375 0.5078748875 0.4505778484375
2 0.5195725828125 0.44017989843749994 0.5195725828125 0.53549444375 0.5809854750000001 0.53549444375 0.5809854750000001 0.44017989843749994 0.5195725828125 0.44017989843749994
2 0.1988608 0.43186153281250006 0.1988608 0.5808988203125 0.310963703125 0.5808988203125 0.310963703125 0.43186153281250006 0.1988608 0.43186153281250006
2 0 0.43532751875000003 0.1286746359375 0.43532751875000003 0.1286746359375 0.38732365468749996 0 0.38732365468749996 0 0.43532751875000003
2 0.0002658640625 0.42712830625000003 0.0002658640625 0.65923006875 0.24006859375 0.65923006875 0.24006859375 0.42712830625000003 0.0002658640625 0.42712830625000003
2 0 0.7607833687500001 0.0389923140625 0.7607833687500001 0.0389923140625 0.554557353125 0 0.554557353125 0 0.7607833687500001
2 0.683730246875 0.48281150625 0.683730246875 0.9299233703124999 0.9995679890625 0.9299233703124999 0.9995679890625 0.48281150625 0.683730246875 0.48281150625
2 0.536144315625 0.4505778484375 0.536144315625 0.5718872687500001 0.6258266375 0.5718872687500001 0.6258266375 0.4505778484375 0.536144315625 0.4505778484375