2 0.477170353125 0.45303526875 0.477170353125 0.46555634375 0.4835731734375 0.46555634375 0.4835731734375 0.45303526875 0.477170353125 0.45303526875
2 0.48165232812500003 0.44392903125 0.48165232812500003 0.48149225625 0.4976593828125 0.48149225625 0.4976593828125 0.44392903125 0.48165232812500003 0.44392903125
2 0.4989399484375 0.455311828125 0.4989399484375 0.47010946093749995 0.5072636171875 0.47010946093749995 0.5072636171875 0.455311828125 0.4989399484375 0.455311828125
2 0.5021413609375001 0.46100322499999996 0.5021413609375001 0.47466258124999994 0.5085441828125 0.47466258124999994 0.5085441828125 0.46100322499999996 0.5021413609375001 0.46100322499999996
2 0.5034219234374999 0.46327978437499995 0.5034219234374999 0.48149225625 0.51174559375 0.48149225625 0.51174559375 0.46327978437499995 0.5034219234374999 0.46327978437499995
2 0.5059830546875 0.46555634375 0.5059830546875 0.48604537499999995 0.5149470046875 0.48604537499999995 0.5149470046875 0.46555634375 0.5059830546875 0.46555634375
2 0.5085441828125 0.467832903125 0.5085441828125 0.48832193281249997 0.5187886984375 0.48832193281249997 0.5187886984375 0.467832903125 0.5085441828125 0.467832903125
2 0.5187886984375 0.47352429999999995 0.5187886984375 0.49173677343750005 0.5379971671875 0.49173677343750005 0.5379971671875 0.47352429999999995 0.5187886984375 0.47352429999999995
2 0.46820639999999997 0.4621415046875 0.46820639999999997 0.47580085937499994 0.4842134578125 0.47580085937499994 0.4842134578125 0.4621415046875 0.46820639999999997 0.4621415046875
2 0.46692583593750003 0.464797484375 0.46692583593750003 0.49856645312500003 0.48549402031250005 0.49856645312500003 0.48549402031250005 0.464797484375 0.46692583593750003 0.464797484375
2 0.463724425 0.4621415046875 0.463724425 0.47352429999999995 0.47204809374999995 0.47352429999999995 0.47204809374999995 0.4621415046875 0.463724425 0.4621415046875
2 0.4432353921875 0.454173546875 0.4432353921875 0.4985664515625 0.46884668281249997 0.4985664515625 0.46884668281249997 0.454173546875 0.4432353921875 0.454173546875
2 0.44067426249999997 0.46555634375 0.44067426249999997 0.5019812890625001 0.466285553125 0.5019812890625001 0.466285553125 0.46555634375 0.44067426249999997 0.46555634375
2 0.4387534171875 0.47580085937499994 0.4387534171875 0.52133204375 0.4605230140625 0.52133204375 0.4605230140625 0.47580085937499994 0.4387534171875 0.47580085937499994
2 0.424026925 0.48035397812499997 0.424026925 0.5258851609375 0.4560410375 0.5258851609375 0.4560410375 0.48035397812499997 0.424026925 0.48035397812499997
2 0.41570325625000004 0.492875053125 0.41570325625000004 0.5418210734375 0.449638215625 0.5418210734375 0.449638215625 0.492875053125 0.41570325625000004 0.492875053125
2 0.40545873906249996 0.49515161250000006 0.40545873906249996 0.5554804296875 0.43683256875 0.5554804296875 0.43683256875 0.49515161250000006 0.40545873906249996 0.49515161250000006
2 0.3817682953125 0.4985664515625 0.3817682953125 0.5680015046875 0.43107002968749997 0.5680015046875 0.43107002968749997 0.4985664515625 0.3817682953125 0.4985664515625
2 0.3632001109375 0.513364084375 0.3632001109375 0.5896288171874999 0.424026925 0.5896288171874999 0.424026925 0.513364084375 0.3632001109375 0.513364084375
2 0.3439916421875 0.525885159375 0.3439916421875 0.598735053125 0.4131421265625 0.598735053125 0.4131421265625 0.525885159375 0.3439916421875 0.525885159375
2 0.3235026109375 0.5270234406250001 0.3235026109375 0.6442662343750001 0.4112212796875 0.6442662343750001 0.4112212796875 0.5270234406250001 0.3235026109375 0.5270234406250001
2 0.53607631875 0.45645010625 0.53607631875 0.492875053125 0.5757738203125 0.492875053125 0.5757738203125 0.45645010625 0.53607631875 0.45645010625
2 0.53927773125 0.492875053125 0.53927773125 0.5429593546875 0.5757738203125 0.5429593546875 0.5757738203125 0.492875053125 0.53927773125 0.492875053125
2 0.5469611171875 0.4962898921875 0.5469611171875 0.552065590625 0.57897523125 0.552065590625 0.57897523125 0.4962898921875 0.5469611171875 0.4962898921875
2 0.5476014 0.4985664515625 0.5476014 0.5577569875 0.594342003125 0.5577569875 0.594342003125 0.4985664515625 0.5476014 0.4985664515625
2 0.5565653515625 0.513364084375 0.5565653515625 0.5896288171874999 0.6122699078125 0.5896288171874999 0.6122699078125 0.513364084375 0.5565653515625 0.513364084375
2 0.5744932546875 0.5201937625 0.5744932546875 0.6203623640625 0.6622119234375 0.6203623640625 0.6622119234375 0.5201937625 0.5744932546875 0.5201937625
2 0.497659384375 0.48832193437500004 0.497659384375 0.55434215 0.541838859375 0.55434215 0.541838859375 0.48832193437500004 0.497659384375 0.48832193437500004
4 0.24246021406249998 0.5205732000000001 0.24246021406249998 0.6583050265625 0.271272915625 0.6583050265625 0.271272915625 0.5205732000000001 0.24246021406249998 0.5205732000000001
4 0.6498931734375 0.5000841687500001 0.6498931734375 0.654890190625 0.69471293125 0.654890190625 0.69471293125 0.5000841687500001 0.6498931734375 0.5000841687500001