2 0.5756031890625 0.2827361015625 0.5756031890625 0.30056630625 0.5913638171875 0.30056630625 0.5913638171875 0.2827361015625 0.5756031890625 0.2827361015625
2 0.581334325 0.29037761875 0.581334325 0.3082078234375 0.602826090625 0.3082078234375 0.602826090625 0.29037761875 0.581334325 0.29037761875
2 0.5584097781249999 0.29037761875 0.5584097781249999 0.31839651406249997 0.57417040625 0.31839651406249997 0.57417040625 0.29037761875 0.5584097781249999 0.29037761875
2 0.49393448281249996 0.285283275 0.49393448281249996 0.315849340625 0.5125606796875 0.315849340625 0.5125606796875 0.285283275 0.49393448281249996 0.285283275
2 0.4509509546875 0.28783044687500003 0.4509509546875 0.33367954375000003 0.4695771515625 0.33367954375000003 0.4695771515625 0.28783044687500003 0.4509509546875 0.28783044687500003
2 0.4122657796875 0.2827361015625 0.4122657796875 0.3107549953125 0.4466526015625 0.3107549953125 0.4466526015625 0.2827361015625 0.4122657796875 0.2827361015625
2 0.3750133859375 0.28018893125 0.3750133859375 0.31839651406249997 0.40223628749999996 0.31839651406249997 0.40223628749999996 0.28018893125 0.3750133859375 0.28018893125
2 0.21740711250000003 0.29037761875 0.21740711250000003 0.331132371875 0.2804496234375 0.331132371875 0.2804496234375 0.29037761875 0.21740711250000003 0.29037761875
2 0 0.3082078234375 0.1758563671875 0.3082078234375 0.1758563671875 0.22669831718750003 0 0.22669831718750003 0 0.3082078234375
2 0.7690290703125 0.262358725 0.7690290703125 0.341321059375 0.88795016875 0.341321059375 0.88795016875 0.262358725 0.7690290703125 0.262358725
2 0.4638460140625 0.2827361015625 0.4638460140625 0.34386823125 0.502531190625 0.34386823125 0.502531190625 0.2827361015625 0.4638460140625 0.2827361015625
2 0.382177309375 0.285283275 0.382177309375 0.348962578125 0.43375754375 0.348962578125 0.43375754375 0.285283275 0.382177309375 0.285283275
2 0.3291642890625 0.285283275 0.3291642890625 0.31330216875 0.35638719218750003 0.31330216875 0.35638719218750003 0.285283275 0.3291642890625 0.285283275
2 0.297643034375 0.29037761875 0.297643034375 0.35150975 0.36068554375 0.35150975 0.36068554375 0.29037761875 0.297643034375 0.29037761875
2 0.5125606796875 0.285283275 0.5125606796875 0.3744342984375 0.5713048359374999 0.3744342984375 0.5713048359374999 0.285283275 0.5125606796875 0.285283275
2 0 0.7030195 0.3091053078125 0.7030195 0.3091053078125 0.27509458593749997 0 0.27509458593749997 0 0.7030195