2 0.00077964375 0.2979978296875 0.00077964375 0.838552034375 0.15670874375 0.838552034375 0.15670874375 0.2979978296875 0.00077964375 0.2979978296875
2 0.7578154171875 0.18850095625000002 0.7578154171875 0.651437121875 0.9995055171875 0.651437121875 0.9995055171875 0.18850095625000002 0.7578154171875 0.18850095625000002
2 0.1348786703125 0.44353165624999996 0.1348786703125 0.550256459375 0.19958924375 0.550256459375 0.19958924375 0.44353165624999996 0.1348786703125 0.44353165624999996
2 0.3087396140625 0.41996903750000003 0.3087396140625 0.5350100624999999 0.38046699687499996 0.5350100624999999 0.38046699687499996 0.41996903750000003 0.3087396140625 0.41996903750000003
2 0.3781280625 0.4532339109375 0.3781280625 0.5086753671875 0.40931388281250003 0.5086753671875 0.40931388281250003 0.4532339109375 0.3781280625 0.4532339109375
2 0.396839553125 0.44768976406250005 0.396839553125 0.48788481875 0.41866962656249995 0.48788481875 0.41866962656249995 0.44768976406250005 0.396839553125 0.44768976406250005
2 0.7125959765625 0.44768976406250005 0.7125959765625 0.5641168249999999 0.7531375437500001 0.5641168249999999 0.7531375437500001 0.44768976406250005 0.7125959765625 0.44768976406250005
1 0.13331937968750002 0.3894762359375 0.13331937968750002 0.5017451859375 0.244808684375 0.5017451859375 0.244808684375 0.3894762359375 0.13331937968750002 0.3894762359375
6 0.244808684375 0.3686856890625 0.244808684375 0.44768976875 0.33602720625 0.44768976875 0.33602720625 0.3686856890625 0.244808684375 0.3686856890625
6 0.5020916953125 0.33819288593749997 0.5020916953125 0.5197636578125 0.6096827734375 0.5197636578125 0.6096827734375 0.33819288593749997 0.5020916953125 0.33819288593749997
2 0.1816573984375 0.44768976406250005 0.1816573984375 0.6098560281250001 0.3391457875 0.6098560281250001 0.3391457875 0.44768976406250005 0.1816573984375 0.44768976406250005
2 0.57381908125 0.3894762359375 0.57381908125 0.5862934078125 0.72584995 0.5862934078125 0.72584995 0.3894762359375 0.57381908125 0.3894762359375
2 0.42100856562500005 0.45046184062499994 0.42100856562500005 0.4809546421875 0.4342625375 0.4809546421875 0.4342625375 0.45046184062499994 0.42100856562500005 0.45046184062499994
2 0.47168552343750003 0.45046184062499994 0.47168552343750003 0.4754104953125 0.4818209140625 0.4754104953125 0.4818209140625 0.45046184062499994 0.47168552343750003 0.45046184062499994
2 0.4599908390625 0.45461994531250005 0.4599908390625 0.467094275 0.46778729375 0.467094275 0.46778729375 0.45461994531250005 0.4599908390625 0.45461994531250005
2 0.48182091250000003 0.45461994531250005 0.48182091250000003 0.4823406765625 0.49585453125 0.4823406765625 0.49585453125 0.45461994531250005 0.48182091250000003 0.45461994531250005
2 0.438682221875 0.44857789062500003 0.438682221875 0.46777219062500003 0.4542775921875 0.46777219062500003 0.4542775921875 0.44857789062500003 0.438682221875 0.44857789062500003