2 0 0.5886309828125 0.1961606328125 0.5886309828125 0.1961606328125 0.37981786875 0 0.37981786875 0 0.5886309828125
2 0.7083294359375001 0.34825309375 0.7083294359375001 0.6857533671875 0.9992413140625 0.6857533671875 0.9992413140625 0.34825309375 0.7083294359375001 0.34825309375
2 0.23030521718750002 0.3968142828125 0.23030521718750002 0.518217259375 0.33410476093749997 0.518217259375 0.33410476093749997 0.3968142828125 0.23030521718750002 0.3968142828125
2 0.332738978125 0.41138264218750004 0.332738978125 0.47451219062499994 0.4037597203125 0.47451219062499994 0.4037597203125 0.41138264218750004 0.332738978125 0.41138264218750004
2 0.21375534218749997 0.4210948796875 0.21375534218749997 0.45994383125000005 0.2548893203125 0.45994383125000005 0.2548893203125 0.4210948796875 0.21375534218749997 0.4210948796875
2 0.6181877250000001 0.4040984640625 0.6181877250000001 0.518217259375 0.715158353125 0.518217259375 0.715158353125 0.4040984640625 0.6181877250000001 0.4040984640625
2 0.5690195203124999 0.42595099999999997 0.5690195203124999 0.4745121890625 0.5987160140625 0.4745121890625 0.5987160140625 0.42595099999999997 0.5690195203124999 0.42595099999999997
2 0.5594590359375 0.42595099999999997 0.5594590359375 0.46722801093750005 0.574482653125 0.46722801093750005 0.574482653125 0.42595099999999997 0.5594590359375 0.42595099999999997
2 0.5539959 0.42595099999999997 0.5539959 0.4550877125 0.5662879515625 0.4550877125 0.5662879515625 0.42595099999999997 0.5539959 0.42595099999999997
2 0.5444354171875 0.43080711718750003 0.5444354171875 0.45023159375 0.5553616859375 0.45023159375 0.5553616859375 0.43080711718750003 0.5444354171875 0.43080711718750003
4 0.4078570703125 0.416238759375 0.4078570703125 0.46965606875 0.41605177031249996 0.46965606875 0.41605177031249996 0.416238759375 0.4078570703125 0.416238759375
2 0.4174175546875 0.42352293906250005 0.4174175546875 0.4647999515625 0.4365385234375 0.4647999515625 0.4365385234375 0.42352293906250005 0.4174175546875 0.42352293906250005
2 0.439270090625 0.43080711718750003 0.439270090625 0.4647999515625 0.4501963578125 0.4647999515625 0.4501963578125 0.43080711718750003 0.439270090625 0.43080711718750003
2 0.448830575 0.433235178125 0.448830575 0.45994383125000005 0.457025275 0.45994383125000005 0.457025275 0.433235178125 0.448830575 0.433235178125
2 0.455659490625 0.43080711718750003 0.455659490625 0.4550877125 0.466585759375 0.4550877125 0.466585759375 0.43080711718750003 0.455659490625 0.43080711718750003
2 0.466585759375 0.43080711718750003 0.466585759375 0.45023159375 0.4720488921875 0.45023159375 0.4720488921875 0.43080711718750003 0.466585759375 0.43080711718750003
2 0.48980407656249997 0.41381069843749996 0.48980407656249997 0.42837905625 0.5007303453125 0.42837905625 0.5007303453125 0.41381069843749996 0.48980407656249997 0.41381069843749996
2 0.5198513140625 0.41866681874999995 0.5198513140625 0.43566323437500004 0.532143365625 0.43566323437500004 0.532143365625 0.41866681874999995 0.5198513140625 0.41866681874999995
2 0.4979987796875 0.42837905625 0.4979987796875 0.4647999515625 0.5212170984375 0.4647999515625 0.5212170984375 0.42837905625 0.4979987796875 0.42837905625
2 0.46795154375000003 0.42595099999999997 0.46795154375000003 0.4769402484375 0.4979987796875 0.4769402484375 0.4979987796875 0.42595099999999997 0.46795154375000003 0.42595099999999997
2 0.5376065 0.41138264218750004 0.5376065 0.43080711718750003 0.5512643328125 0.43080711718750003 0.5512643328125 0.41138264218750004 0.5376065 0.41138264218750004