2 0.470683109375 0.394386225 0.470683109375 0.43566323437500004 0.515753965625 0.43566323437500004 0.515753965625 0.394386225 0.470683109375 0.394386225
2 0.4501963578125 0.3968142828125 0.4501963578125 0.4526596515625 0.47614624375 0.4526596515625 0.47614624375 0.3968142828125 0.4501963578125 0.3968142828125
2 0.4447332234375 0.40167040312499996 0.4447332234375 0.45994383125000005 0.47751202656249997 0.45994383125000005 0.47751202656249997 0.40167040312499996 0.4447332234375 0.40167040312499996
2 0.4105886359375 0.3968142828125 0.4105886359375 0.5400697937500001 0.459756840625 0.5400697937500001 0.459756840625 0.3968142828125 0.4105886359375 0.3968142828125
2 0.551264334375 0.28755160625 0.551264334375 0.5400697937500001 0.6687217140625 0.5400697937500001 0.6687217140625 0.28755160625 0.551264334375 0.28755160625
2 0.6195535078125001 0.39924234375 0.6195535078125001 0.649332475 0.8749550156250001 0.649332475 0.8749550156250001 0.39924234375 0.6195535078125001 0.39924234375
2 0.8367130812499999 0.3433969765625 0.8367130812499999 0.45994383125000005 0.9405126234375001 0.45994383125000005 0.9405126234375001 0.3433969765625 0.8367130812499999 0.3433969765625
2 0.0978242203125 0.3628214515625 0.0978242203125 0.757701 0.4474184890625 0.757701 0.4474184890625 0.3628214515625 0.0978242203125 0.3628214515625
2 0.8927102031249999 0.5109330812499999 0.8927102031249999 0.7221742578125 0.9987129328125001 0.7221742578125 0.9987129328125001 0.5109330812499999 0.8927102031249999 0.5109330812499999
5 0.500730346875 0.394386225 0.500730346875 0.44294741562500006 0.51848553125 0.44294741562500006 0.51848553125 0.394386225 0.500730346875 0.394386225
3 0.5048276953124999 0.416238759375 0.5048276953124999 0.445375471875 0.521217096875 0.445375471875 0.521217096875 0.416238759375 0.5048276953124999 0.416238759375
4 0.9145627390625 0.3239724984375 0.9145627390625 0.47936830781250006 0.9459757578125 0.47936830781250006 0.9459757578125 0.3239724984375 0.9145627390625 0.3239724984375