4 0.139250421875 0.5234976640625 0.139250421875 0.6951078265625 0.1802028484375 0.6951078265625 0.1802028484375 0.5234976640625 0.139250421875 0.5234976640625
4 0.25508728125 0.5755007421875 0.25508728125 0.6909475796875 0.291359428125 0.6909475796875 0.291359428125 0.5755007421875 0.25508728125 0.5755007421875
4 0.366699709375 0.5200307937499999 0.366699709375 0.5522727062499999 0.37430515625 0.5522727062499999 0.37430515625 0.5200307937499999 0.366699709375 0.5200307937499999
4 0.35967929375 0.5283512906250001 0.35967929375 0.5553928921875 0.3666997109375 0.5553928921875 0.3666997109375 0.5283512906250001 0.35967929375 0.5283512906250001
4 0.34797859999999997 0.5262711671875 0.34797859999999997 0.5522727062499999 0.357339153125 0.5522727062499999 0.357339153125 0.5262711671875 0.34797859999999997 0.5262711671875
4 0.7695545734375 0.60739596875 0.7695545734375 0.688520771875 0.787690646875 0.688520771875 0.787690646875 0.60739596875 0.7695545734375 0.60739596875
4 0.786073825 0.6006030671875 0.786073825 0.6952486718750001 0.8012847265625 0.6952486718750001 0.8012847265625 0.6006030671875 0.786073825 0.6006030671875
4 0.81181535 0.6141238687499999 0.81181535 0.719170090625 0.8317065265625001 0.719170090625 0.8317065265625001 0.6141238687499999 0.81181535 0.6141238687499999
2 0.8100602453124999 0.625564546875 0.8100602453124999 0.72957070625 0.84106708125 0.72957070625 0.84106708125 0.625564546875 0.8100602453124999 0.625564546875
2 0.3918269546875 0.52991138125 0.3918269546875 0.55903310625 0.41347323906250005 0.55903310625 0.41347323906250005 0.52991138125 0.3918269546875 0.52991138125
2 0.37193577499999997 0.5361517484375 0.37193577499999997 0.5777542140625 0.40294261093749995 0.5777542140625 0.40294261093749995 0.5361517484375 0.37193577499999997 0.5361517484375
2 0.490697809375 0.5319915046875 0.490697809375 0.551752675 0.5076638140624999 0.551752675 0.5076638140624999 0.5319915046875 0.490697809375 0.5319915046875
2 0.505323675 0.5309514421875 0.505323675 0.55799304375 0.5298951296875 0.55799304375 0.5298951296875 0.5309514421875 0.505323675 0.5309514421875
2 0.519949540625 0.5403119953125 0.519949540625 0.5652734734375 0.5398407187500001 0.5652734734375 0.5398407187500001 0.5403119953125 0.519949540625 0.5403119953125
2 0.5293100953125001 0.5403119953125 0.5293100953125001 0.575674090625 0.5591468625 0.575674090625 0.5591468625 0.5403119953125 0.5293100953125001 0.5403119953125
2 0.53750058125 0.5527927359375 0.53750058125 0.5808743984375 0.561487 0.5808743984375 0.561487 0.5527927359375 0.53750058125 0.5527927359375
2 0.5486162375 0.554872859375 0.5486162375 0.60063556875 0.583718315625 0.60063556875 0.583718315625 0.554872859375 0.5486162375 0.554872859375
2 0.561487 0.5642334140624999 0.561487 0.604795815625 0.5913237687499999 0.604795815625 0.5913237687499999 0.5642334140624999 0.561487 0.5642334140624999
2 0.579623075 0.57359396875 0.579623075 0.6235169234375 0.615895221875 0.6235169234375 0.615895221875 0.57359396875 0.579623075 0.57359396875
2 0.6018543921874999 0.5808743984375 0.6018543921874999 0.648478403125 0.660942890625 0.648478403125 0.660942890625 0.5808743984375 0.6018543921874999 0.5808743984375
2 0.63373878125 0.58607470625 0.63373878125 0.6859206203125 0.717398734375 0.6859206203125 0.717398734375 0.58607470625 0.63373878125 0.58607470625
2 0.3608493609375 0.5470723953125 0.3608493609375 0.6011555984375 0.3988766140625 0.6011555984375 0.3988766140625 0.5470723953125 0.3608493609375 0.5470723953125