2 0.3923307546875 0.4522039828125 0.3923307546875 0.46689785937500006 0.40679503749999996 0.46689785937500006 0.40679503749999996 0.4522039828125 0.3923307546875 0.4522039828125
2 0.3805483828125 0.45734684375 0.3805483828125 0.47204071875000003 0.392946340625 0.47204071875000003 0.392946340625 0.45734684375 0.3805483828125 0.45734684375
2 0.369183590625 0.461020309375 0.369183590625 0.47204071875000003 0.3805483828125 0.47204071875000003 0.3805483828125 0.461020309375 0.369183590625 0.461020309375
2 0.3505866546875 0.45918357656250003 0.3505866546875 0.47938765156249996 0.369183590625 0.47938765156249996 0.369183590625 0.45918357656250003 0.3505866546875 0.45918357656250003
2 0.3361223734375 0.46285704375 0.3361223734375 0.47571418281250005 0.3526529828125 0.47571418281250005 0.3526529828125 0.46285704375 0.3361223734375 0.46285704375
2 0.3071938078125 0.461020309375 0.3071938078125 0.47755091875 0.337155534375 0.47755091875 0.337155534375 0.461020309375 0.3071938078125 0.461020309375
2 0.2730994265625 0.464693778125 0.2730994265625 0.47571418281250005 0.300994828125 0.47571418281250005 0.300994828125 0.464693778125 0.2730994265625 0.464693778125
2 0.37744889531250003 0.4720407171875 0.37744889531250003 0.49775499375 0.40121164531250003 0.49775499375 0.40121164531250003 0.4720407171875 0.37744889531250003 0.4720407171875
2 0.3423213515625 0.4720407171875 0.3423213515625 0.50510193125 0.37538256875 0.50510193125 0.37538256875 0.4720407171875 0.3423213515625 0.4720407171875
2 0.2751657515625 0.47020398124999996 0.2751657515625 0.5197958078125 0.3474871640625 0.5197958078125 0.3474871640625 0.47020398124999996 0.2751657515625 0.47020398124999996
2 0.25656881875000004 0.4720407171875 0.25656881875000004 0.5197958078125 0.298928503125 0.5197958078125 0.298928503125 0.4720407171875 0.25656881875000004 0.4720407171875
2 0.19354587343750002 0.45306113750000004 0.19354587343750002 0.5173468375 0.254502490625 0.5173468375 0.254502490625 0.45306113750000004 0.19354587343750002 0.45306113750000004
2 0.23383922968749998 0.48795908906249996 0.23383922968749998 0.52102030625 0.262767796875 0.52102030625 0.262767796875 0.48795908906249996 0.23383922968749998 0.48795908906249996
2 0 0.54183661875 0.13403999375 0.54183661875 0.13403999375 0.44485705 0 0.44485705 0 0.54183661875
2 0.0007619625 0.4558774546875 0.0007619625 0.58444885625 0.222892015625 0.58444885625 0.222892015625 0.4558774546875 0.0007619625 0.4558774546875
6 0.6018562171874999 0.43751011249999994 0.6018562171874999 0.47608153125 0.6390500875 0.47608153125 0.6390500875 0.43751011249999994 0.6018562171874999 0.43751011249999994
2 0.491597771875 0.46023239218749995 0.491597771875 0.48962014218750005 0.5039957296875001 0.48962014218750005 0.5039957296875001 0.46023239218749995 0.491597771875 0.46023239218749995
2 0.4967635875 0.46023239218749995 0.4967635875 0.5208446234374999 0.5308579671875 0.5208446234374999 0.5308579671875 0.46023239218749995 0.4967635875 0.46023239218749995
2 0.5184600109375 0.45655892187499997 0.5184600109375 0.5300282953125001 0.5639191828125 0.5300282953125001 0.5639191828125 0.45655892187499997 0.5184600109375 0.45655892187499997
2 0.69926354375 0.4528854546875 0.69926354375 0.48778340625 0.72199313125 0.48778340625 0.72199313125 0.4528854546875 0.69926354375 0.4528854546875
2 0.698992184375 0.41982423750000003 0.698992184375 0.56986594375 0.8397737187500001 0.56986594375 0.8397737187500001 0.41982423750000003 0.698992184375 0.41982423750000003
2 0.3973085765625 0.4174169984375 0.3973085765625 0.59374349375 0.50165804375 0.59374349375 0.50165804375 0.4174169984375 0.3973085765625 0.4174169984375
2 0.5409182390625 0.4523149484375 0.5409182390625 0.56251900625 0.6349360749999999 0.56251900625 0.6349360749999999 0.4523149484375 0.5409182390625 0.4523149484375
2 0.6246044453125 0.439457809375 0.6246044453125 0.5386414640625 0.708290653125 0.5386414640625 0.708290653125 0.439457809375 0.6246044453125 0.439457809375
2 0.7753888671875 0.25530606875 0.7753888671875 0.8655801703125 0.9995852468749999 0.8655801703125 0.9995852468749999 0.25530606875 0.7753888671875 0.25530606875