2 0.49199546562499996 0.4410941453125 0.49199546562499996 0.4512956625 0.5015593875000001 0.4512956625 0.5015593875000001 0.4410941453125 0.49199546562499996 0.4410941453125
2 0.4805187609375 0.43089263125 0.4805187609375 0.4495954125 0.49103907343750003 0.4495954125 0.49103907343750003 0.43089263125 0.4805187609375 0.43089263125
2 0.48530072031250004 0.44619490468749995 0.48530072031250004 0.459796925 0.494864640625 0.459796925 0.494864640625 0.44619490468749995 0.48530072031250004 0.44619490468749995
2 0.49199546562499996 0.4495954125 0.49199546562499996 0.4682981921875 0.49964660156249996 0.4682981921875 0.49964660156249996 0.4495954125 0.49199546562499996 0.4495954125
2 0.48338793593749996 0.4631974328125 0.48338793593749996 0.48530072031250004 0.49582103593750004 0.48530072031250004 0.49582103593750004 0.4631974328125 0.48338793593749996 0.4631974328125
2 0.46043452343749997 0.43769364218750006 0.46043452343749997 0.449595409375 0.4699984453125 0.449595409375 0.4699984453125 0.43769364218750006 0.46043452343749997 0.43769364218750006
2 0.4633037 0.4410941453125 0.4633037 0.4580966734375 0.476693190625 0.4580966734375 0.476693190625 0.4410941453125 0.4633037 0.4410941453125
2 0.4814751515625 0.46489768593749997 0.4814751515625 0.48360046875 0.499646603125 0.48360046875 0.499646603125 0.46489768593749997 0.4814751515625 0.46489768593749997
2 0.4709548375 0.459796928125 0.4709548375 0.47679945625000003 0.484344328125 0.47679945625000003 0.484344328125 0.459796928125 0.4709548375 0.459796928125
2 0.46521648437499996 0.46999844375000005 0.46521648437499996 0.49210173125 0.4824315453125 0.49210173125 0.4824315453125 0.46999844375000005 0.46521648437499996 0.46999844375000005
2 0.4556525609375 0.451295665625 0.4556525609375 0.47169869999999997 0.4699984453125 0.47169869999999997 0.4699984453125 0.451295665625 0.4556525609375 0.451295665625
2 0.43843750468750003 0.43769364218750006 0.43843750468750003 0.45639642187499996 0.44991421093749995 0.45639642187499996 0.44991421093749995 0.43769364218750006 0.43843750468750003 0.43769364218750006
2 0.43939389531249995 0.4546961703125 0.43939389531249995 0.47679945625000003 0.4585217390625 0.47679945625000003 0.4585217390625 0.4546961703125 0.43939389531249995 0.4546961703125
2 0.42313522812500004 0.43939389375 0.42313522812500004 0.459796928125 0.4374811109375 0.459796928125 0.4374811109375 0.43939389375 0.42313522812500004 0.43939389375
2 0.4317427578125 0.44789515625 0.4317427578125 0.46829818906250004 0.44704503281249997 0.46829818906250004 0.44704503281249997 0.44789515625 0.4317427578125 0.44789515625
2 0.42887358124999997 0.4631974328125 0.42887358124999997 0.49210173125 0.44704503281249997 0.49210173125 0.44704503281249997 0.4631974328125 0.42887358124999997 0.4631974328125
2 0.4346119328125 0.4972024890625 0.4346119328125 0.5176055234375 0.46330369843749997 0.5176055234375 0.46330369843749997 0.4972024890625 0.4346119328125 0.4972024890625
2 0.397312640625 0.4444946515625 0.397312640625 0.4682981921875 0.4183532671875 0.4682981921875 0.4183532671875 0.4444946515625 0.397312640625 0.4444946515625
2 0.400181815625 0.45299591875 0.400181815625 0.4750992046875 0.42122244531249997 0.4750992046875 0.42122244531249997 0.45299591875 0.400181815625 0.45299591875
2 0.4087893453125 0.4819002125 0.4087893453125 0.5091042578125 0.43078636562500006 0.5091042578125 0.43078636562500006 0.4819002125 0.4087893453125 0.4819002125
2 0.43269915000000003 0.471698696875 0.43269915000000003 0.4972024890625 0.448001425 0.4972024890625 0.448001425 0.471698696875 0.43269915000000003 0.471698696875
2 0.386792325 0.46999844375000005 0.386792325 0.4955022359375 0.40974573750000004 0.4955022359375 0.40974573750000004 0.46999844375000005 0.386792325 0.46999844375000005
2 0.3638389125 0.48700097343750004 0.3638389125 0.5176055234375 0.39061789375 0.5176055234375 0.39061789375 0.48700097343750004 0.3638389125 0.48700097343750004
2 0.323670440625 0.458096675 0.323670440625 0.48700097343750004 0.34279828437500004 0.48700097343750004 0.34279828437500004 0.458096675 0.323670440625 0.458096675
2 0.33514714843750004 0.4665979390625 0.33514714843750004 0.49210173125 0.36001334375 0.49210173125 0.36001334375 0.4665979390625 0.33514714843750004 0.4665979390625
6 0.28924032187500004 0.4904014796875 0.28924032187500004 0.58391538125 0.3762720109375 0.58391538125 0.3762720109375 0.4904014796875 0.28924032187500004 0.4904014796875
2 0.25289741875 0.5533108296875 0.25289741875 0.5890161375 0.29593506875000003 0.5890161375 0.29593506875000003 0.5533108296875 0.25289741875 0.5533108296875
2 0.2672433015625 0.471698696875 0.2672433015625 0.49380198281250004 0.296891459375 0.49380198281250004 0.296891459375 0.471698696875 0.2672433015625 0.471698696875
2 0.230900396875 0.502303246875 0.230900396875 0.5465098187499999 0.26150494687500003 0.5465098187499999 0.26150494687500003 0.502303246875 0.230900396875 0.502303246875
2 0.151519846875 0.5108045109375 0.151519846875 0.536308303125 0.19742667187500001 0.536308303125 0.19742667187500001 0.5108045109375 0.151519846875 0.5108045109375
2 0.11804612031249999 0.536308303125 0.11804612031249999 0.580514875 0.147694278125 0.580514875 0.147694278125 0.536308303125 0.11804612031249999 0.536308303125
6 0.12282808125 0.524406534375 0.12282808125 0.6366232187499999 0.23472596562499998 0.6366232187499999 0.23472596562499998 0.524406534375 0.12282808125 0.524406534375
2 0.0310144296875 0.5261067875000001 0.0310144296875 0.58221513125 0.0960491 0.58221513125 0.0960491 0.5261067875000001 0.0310144296875 0.5261067875000001
2 0.00040988125 0.57711436875 0.00040988125 0.6179204359375 0.0501422765625 0.6179204359375 0.0501422765625 0.57711436875 0.00040988125 0.57711436875
2 0.057793412499999995 0.4427943984375 0.057793412499999995 0.47339895 0.094136315625 0.47339895 0.094136315625 0.4427943984375 0.057793412499999995 0.4427943984375
2 0.08744156875 0.44789515625 0.08744156875 0.481900209375 0.1266536484375 0.481900209375 0.1266536484375 0.44789515625 0.08744156875 0.44789515625
2 0.49008268125 0.41559035624999996 0.49008268125 0.43089263125 0.499646603125 0.43089263125 0.499646603125 0.41559035624999996 0.49008268125 0.41559035624999996
2 0.47860597499999996 0.4104895953125 0.47860597499999996 0.42239136562499996 0.49103907500000005 0.42239136562499996 0.49103907500000005 0.4104895953125 0.47860597499999996 0.4104895953125
2 0.46234730781250005 0.425791871875 0.46234730781250005 0.43769364218750006 0.47573679843749994 0.43769364218750006 0.47573679843749994 0.425791871875 0.46234730781250005 0.425791871875
2 0.449914209375 0.417290609375 0.449914209375 0.425791875 0.4613909171875 0.425791875 0.4613909171875 0.417290609375 0.449914209375 0.417290609375
2 0.449914209375 0.4223913671875 0.449914209375 0.43939389375 0.4633037 0.43939389375 0.4633037 0.4223913671875 0.449914209375 0.4223913671875
2 0.42313522812500004 0.42919237812500005 0.42313522812500004 0.4444946515625 0.4374811109375 0.4444946515625 0.4374811109375 0.42919237812500005 0.42313522812500004 0.42919237812500005
2 0.3753156203125 0.4189908625 0.3753156203125 0.4359933890625 0.38774871875 0.4359933890625 0.38774871875 0.4189908625 0.3753156203125 0.4189908625
2 0.3456674609375 0.425791871875 0.3456674609375 0.4410941453125 0.361926128125 0.4410941453125 0.361926128125 0.425791871875 0.3456674609375 0.425791871875
2 0.43078636562500006 0.41753350625 0.43078636562500006 0.43283578125 0.44608864062500003 0.43283578125 0.44608864062500003 0.41753350625 0.43078636562500006 0.41753350625
2 0.40496377656250004 0.41753350625 0.40496377656250004 0.43453603437500005 0.42313522812500004 0.43453603437500005 0.42313522812500004 0.41753350625 0.40496377656250004 0.41753350625
2 0.3896615015625 0.4056317359375 0.3896615015625 0.42433451875 0.4011382078125 0.42433451875 0.4011382078125 0.4056317359375 0.3896615015625 0.4056317359375
2 0.377228403125 0.4073319890625 0.377228403125 0.4226342625 0.39061789375 0.4226342625 0.39061789375 0.4073319890625 0.377228403125 0.4073319890625
2 0.34949302968749996 0.410732496875 0.34949302968749996 0.42603477031250003 0.365751696875 0.42603477031250003 0.365751696875 0.410732496875 0.34949302968749996 0.410732496875
2 0.3332343625 0.4056317359375 0.3332343625 0.42433451875 0.34853663749999997 0.42433451875 0.34853663749999997 0.4056317359375 0.3332343625 0.4056317359375
2 0.33705993125 0.43793653906249996 0.33705993125 0.45663931875 0.356187775 0.45663931875 0.356187775 0.43793653906249996 0.33705993125 0.43793653906249996
2 0.377228403125 0.4277350234375 0.377228403125 0.4481380578125 0.3944434625 0.4481380578125 0.3944434625 0.4277350234375 0.377228403125 0.4277350234375
2 0.312193734375 0.42409161875 0.312193734375 0.44789515937499996 0.3322779703125 0.44789515937499996 0.3322779703125 0.42409161875 0.312193734375 0.42409161875
2 0.2567229875 0.4053888375 0.2567229875 0.42919237812500005 0.274894440625 0.42919237812500005 0.274894440625 0.4053888375 0.2567229875 0.4053888375
2 0.27202526250000003 0.427492125 0.27202526250000003 0.44619490468749995 0.292109496875 0.44619490468749995 0.292109496875 0.427492125 0.27202526250000003 0.427492125
2 0.26054855625 0.4444946515625 0.26054855625 0.46999844375000005 0.28541475312500003 0.46999844375000005 0.28541475312500003 0.4444946515625 0.26054855625 0.4444946515625
2 0.212728946875 0.43769364218750006 0.212728946875 0.4682981921875 0.246202675 0.4682981921875 0.246202675 0.43769364218750006 0.212728946875 0.43769364218750006
2 0.1811680046875 0.42919237812500005 0.1811680046875 0.459796928125 0.20985976874999998 0.459796928125 0.20985976874999998 0.42919237812500005 0.1811680046875 0.42919237812500005
2 0.13813035625 0.4104895953125 0.13813035625 0.4359933890625 0.1649093390625 0.4359933890625 0.1649093390625 0.4104895953125 0.13813035625 0.4104895953125
2 0.801983109375 0.46684083750000005 0.801983109375 0.657679828125 0.9994298531249999 0.657679828125 0.9994298531249999 0.46684083750000005 0.801983109375 0.46684083750000005
2 0.48584724531249995 0.1403923046875 0.48584724531249995 0.78187339375 0.8062386296874999 0.78187339375 0.8062386296874999 0.1403923046875 0.48584724531249995 0.1403923046875