6 0.3865167234375 0.24948311875 0.3865167234375 0.26890759218750004 0.3960772078125 0.26890759218750004 0.3960772078125 0.24948311875 0.3865167234375 0.24948311875
2 0.3564694859375 0.3186828109375 0.3564694859375 0.3356792234375 0.3687615390625 0.3356792234375 0.3687615390625 0.3186828109375 0.3564694859375 0.3186828109375
2 0.38105358906250003 0.299258334375 0.38105358906250003 0.32353892968750003 0.40563769218749995 0.32353892968750003 0.40563769218749995 0.299258334375 0.38105358906250003 0.299258334375
2 0.4124666078125 0.30168639375 0.4124666078125 0.3308231078125 0.431587575 0.3308231078125 0.431587575 0.30168639375 0.4124666078125 0.30168639375
2 0.37832202187499997 0.3308231078125 0.37832202187499997 0.3721001203125 0.40700347499999995 0.3721001203125 0.40700347499999995 0.3308231078125 0.37832202187499997 0.3308231078125
2 0.31276441718750003 0.3113986296875 0.31276441718750003 0.3381072890625 0.33325117031249996 0.3381072890625 0.33325117031249996 0.3113986296875 0.31276441718750003 0.3113986296875
2 0.3305196 0.33325116875 0.3305196 0.3721001203125 0.3564694859375 0.3721001203125 0.3564694859375 0.33325116875 0.3305196 0.33325116875
2 0.2868145296875 0.3429634046875 0.2868145296875 0.3890965375 0.307301284375 0.3890965375 0.307301284375 0.3429634046875 0.2868145296875 0.3429634046875
2 0.27042512812499997 0.3478195296875 0.27042512812499997 0.3915245984375 0.2936434484375 0.3915245984375 0.2936434484375 0.3478195296875 0.27042512812499997 0.3478195296875
2 0.2540357265625 0.3502475859375 0.2540357265625 0.39638071875 0.285448746875 0.39638071875 0.285448746875 0.3502475859375 0.2540357265625 0.3502475859375
2 0.2294516234375 0.35267564375 0.2294516234375 0.40852100937499997 0.266327778125 0.40852100937499997 0.266327778125 0.35267564375 0.2294516234375 0.35267564375
2 0.16935715 0.35267564375 0.16935715 0.427945484375 0.2458410234375 0.427945484375 0.2458410234375 0.35267564375 0.16935715 0.35267564375
2 0.0669233890625 0.335679228125 0.0669233890625 0.4643663828125 0.18028341875 0.4643663828125 0.18028341875 0.335679228125 0.0669233890625 0.335679228125
2 0.021852537499999998 0.355103703125 0.021852537499999998 0.49593115625 0.08741014375 0.49593115625 0.08741014375 0.355103703125 0.021852537499999998 0.355103703125
2 0.0013657828125 0.35267564375 0.0013657828125 0.7338809859375 0.0437050703125 0.7338809859375 0.0437050703125 0.35267564375 0.0013657828125 0.35267564375
2 0.29910658125 0.3453914640625 0.29910658125 0.40123683125 0.346909003125 0.40123683125 0.346909003125 0.3453914640625 0.29910658125 0.3453914640625
2 0.42475866093750003 0.34053534375 0.42475866093750003 0.3793842984375 0.43705071406249996 0.3793842984375 0.43705071406249996 0.34053534375 0.42475866093750003 0.34053534375
2 0.435684928125 0.3113986296875 0.435684928125 0.39152459375 0.45207432968749994 0.39152459375 0.45207432968749994 0.3113986296875 0.435684928125 0.3113986296875
2 0.43978227812500004 0.3162547515625 0.43978227812500004 0.40609295625 0.49987674843749996 0.40609295625 0.49987674843749996 0.3162547515625 0.43978227812500004 0.3162547515625
2 0.4780242140625 0.335679228125 0.4780242140625 0.440085784375 0.5749948421875 0.440085784375 0.5749948421875 0.335679228125 0.4780242140625 0.335679228125
2 0.5580602953125 0.3453914640625 0.5580602953125 0.5791540421875 0.795508353125 0.5791540421875 0.795508353125 0.3453914640625 0.5580602953125 0.3453914640625