2 0.4187833375 0.3433969765625 0.4187833375 0.365249509375 0.42834381875 0.365249509375 0.42834381875 0.3433969765625 0.4187833375 0.3433969765625
2 0.4064912875 0.3433969765625 0.4064912875 0.36282145312499997 0.41878333906250004 0.36282145312499997 0.41878333906250004 0.3433969765625 0.4064912875 0.3433969765625
2 0.3873703171875 0.34825309375 0.3873703171875 0.3725336875 0.4064912859375 0.3725336875 0.4064912859375 0.34825309375 0.3873703171875 0.34825309375
2 0.42834382031249996 0.3433969765625 0.42834382031249996 0.365249509375 0.4406358734375 0.365249509375 0.4406358734375 0.3433969765625 0.42834382031249996 0.3433969765625
2 0.4433674390625 0.33611279375 0.4433674390625 0.35796533125 0.4529279234375 0.35796533125 0.4529279234375 0.33611279375 0.4433674390625 0.33611279375
2 0.45429370625 0.33611279375 0.45429370625 0.36282145 0.4665857578125 0.36282145 0.4665857578125 0.33611279375 0.45429370625 0.33611279375
2 0.466585759375 0.33125667812500004 0.466585759375 0.36524951250000004 0.4870725125 0.36524951250000004 0.4870725125 0.33125667812500004 0.466585759375 0.33125667812500004
2 0.47887781093750004 0.34825309375 0.47887781093750004 0.3725336875 0.49253564687500007 0.3725336875 0.49253564687500007 0.34825309375 0.47887781093750004 0.34825309375
6 0.48980407656249997 0.28755160625 0.48980407656249997 0.38710204375 0.5389722828125 0.38710204375 0.5389722828125 0.28755160625 0.48980407656249997 0.28755160625
2 0.5102908296875001 0.340968915625 0.5102908296875001 0.39924234375 0.5458012 0.39924234375 0.5458012 0.340968915625 0.5102908296875001 0.340968915625
2 0.5294117984375 0.3433969765625 0.5294117984375 0.4040984609375 0.56901951875 0.4040984609375 0.56901951875 0.3433969765625 0.5294117984375 0.3433969765625
2 0.54170385 0.33611279375 0.54170385 0.416238759375 0.5881404875 0.416238759375 0.5881404875 0.33611279375 0.54170385 0.33611279375
2 0.55672746875 0.3191163796875 0.55672746875 0.4453754734375 0.64550339375 0.4453754734375 0.64550339375 0.3191163796875 0.55672746875 0.3191163796875
2 0.60316410625 0.3336847390625 0.60316410625 0.4987927859375 0.7370108859375 0.4987927859375 0.7370108859375 0.3336847390625 0.60316410625 0.3336847390625
2 0.69603738125 0.3239724984375 0.69603738125 0.63233605625 0.9978755296875 0.63233605625 0.9978755296875 0.3239724984375 0.69603738125 0.3239724984375
2 0.3395678953125 0.3336847390625 0.3395678953125 0.377389809375 0.3668835625 0.377389809375 0.3668835625 0.3336847390625 0.3395678953125 0.3336847390625
2 0.279473421875 0.355537271875 0.279473421875 0.3943862234375 0.29722860624999997 0.3943862234375 0.29722860624999997 0.355537271875 0.279473421875 0.355537271875
2 0.2576208859375 0.3531092140625 0.2576208859375 0.396814284375 0.28220498906249997 0.396814284375 0.28220498906249997 0.3531092140625 0.2576208859375 0.3531092140625
2 0.2262078671875 0.3506811546875 0.2262078671875 0.4040984640625 0.2685471546875 0.4040984640625 0.2685471546875 0.3506811546875 0.2262078671875 0.3506811546875
2 0.22074473437500003 0.36282145 0.22074473437500003 0.40167040312499996 0.23849991875 0.40167040312499996 0.23849991875 0.36282145 0.22074473437500003 0.36282145
2 0.0076825109375 0.37253369062499997 0.0076825109375 0.457515771875 0.060948067187499996 0.457515771875 0.060948067187499996 0.37253369062499997 0.0076825109375 0.37253369062499997
2 0.044558665625 0.3118322 0.044558665625 0.496364721875 0.22211051718750002 0.496364721875 0.22211051718750002 0.3118322 0.044558665625 0.3118322
2 0.29039969062500004 0.34825309375 0.29039969062500004 0.40895458125 0.34229946093749997 0.40895458125 0.34229946093749997 0.34825309375 0.29039969062500004 0.34825309375
6 0.291765475 0.321544440625 0.291765475 0.3531092140625 0.3395678953125 0.3531092140625 0.3395678953125 0.321544440625 0.291765475 0.321544440625