2 0.41948792187499995 0.2907580890625 0.41948792187499995 0.38672959218749997 0.4842686859375 0.38672959218749997 0.4842686859375 0.2907580890625 0.41948792187499995 0.2907580890625
6 0.4074914859375 0.2672983890625 0.4074914859375 0.3248812921875 0.436282934375 0.3248812921875 0.436282934375 0.2672983890625 0.4074914859375 0.2672983890625
2 0.390696471875 0.2907580890625 0.390696471875 0.3440755921875 0.4242864984375 0.3440755921875 0.4242864984375 0.2907580890625 0.390696471875 0.2907580890625
2 0.357106446875 0.2907580890625 0.357106446875 0.3696679921875 0.40629184062499996 0.3696679921875 0.40629184062499996 0.2907580890625 0.357106446875 0.2907580890625
2 0.31631855937500003 0.2992888890625 0.31631855937500003 0.3931276921875 0.383498609375 0.3931276921875 0.383498609375 0.2992888890625 0.31631855937500003 0.2992888890625
2 0.241940646875 0.29715618906249996 0.241940646875 0.429383590625 0.347509296875 0.429383590625 0.347509296875 0.29715618906249996 0.241940646875 0.29715618906249996
2 0.058395153125 0.3163504921875 0.058395153125 0.540283990625 0.275530671875 0.540283990625 0.275530671875 0.3163504921875 0.058395153125 0.3163504921875
2 0.000812253125 0.49123189062500006 0.000812253125 0.704501890625 0.063193728125 0.704501890625 0.063193728125 0.49123189062500006 0.000812253125 0.49123189062500006
2 0.48186939687499997 0.30781969062500003 0.48186939687499997 0.3376774890625 0.498664409375 0.3376774890625 0.498664409375 0.30781969062500003 0.48186939687499997 0.30781969062500003
2 0.4878676171875 0.30568699062500004 0.4878676171875 0.3547390921875 0.5070619171875 0.3547390921875 0.5070619171875 0.30568699062500004 0.4878676171875 0.30568699062500004
2 0.49986405468750006 0.30568699062500004 0.49986405468750006 0.3590044921875 0.52145764375 0.3590044921875 0.52145764375 0.30568699062500004 0.49986405468750006 0.30568699062500004
2 0.5094612046875 0.2992888890625 0.5094612046875 0.36540259218750004 0.5262562171875 0.36540259218750004 0.5262562171875 0.2992888890625 0.5094612046875 0.2992888890625
2 0.5154594234375 0.2950234890625 0.5154594234375 0.3760660921875 0.5610458859375 0.3760660921875 0.5610458859375 0.2950234890625 0.5154594234375 0.2950234890625
2 0.5370530109375 0.3099523890625 0.5370530109375 0.397393090625 0.5862384046875 0.397393090625 0.5862384046875 0.3099523890625 0.5370530109375 0.3099523890625
2 0.558646596875 0.3099523890625 0.558646596875 0.431516290625 0.6594166734375 0.431516290625 0.6594166734375 0.3099523890625 0.558646596875 0.3099523890625
2 0.6414220171875 0.329146690625 0.6414220171875 0.568009090625 0.8897482734375 0.568009090625 0.8897482734375 0.329146690625 0.6414220171875 0.329146690625