4 0.4493342671875 0.5105768625 0.4493342671875 0.5917898703125 0.46487374375 0.5917898703125 0.46487374375 0.5105768625 0.4493342671875 0.5105768625
4 0.74645655 0.541198159375 0.74645655 0.5917898703125 0.7554432375 0.5917898703125 0.7554432375 0.541198159375 0.74645655 0.541198159375
4 0.6476030125000001 0.5292159140625 0.6476030125000001 0.579807625 0.659585259375 0.579807625 0.659585259375 0.5292159140625 0.6476030125000001 0.5292159140625
4 0.6895408749999999 0.5385354375 0.6895408749999999 0.5758135421875 0.6977786703125 0.5758135421875 0.6977786703125 0.5385354375 0.6895408749999999 0.5385354375
4 0.6970297796875 0.5332099968749999 0.6970297796875 0.579807625 0.7105098078125 0.579807625 0.7105098078125 0.5332099968749999 0.6970297796875 0.5332099968749999
4 0.7606854671875001 0.5332099968749999 0.7606854671875001 0.5891271484375 0.7741654953125 0.5891271484375 0.7741654953125 0.5332099968749999 0.7606854671875001 0.5332099968749999
4 0.7292320703125 0.5332099968749999 0.7292320703125 0.5864644296875 0.7389676453125 0.5864644296875 0.7389676453125 0.5332099968749999 0.7292320703125 0.5332099968749999
4 0.7367209734375 0.5292159140625 0.7367209734375 0.5784762640625 0.7472054390625 0.5784762640625 0.7472054390625 0.5292159140625 0.7367209734375 0.5292159140625
4 0.667823053125 0.530547278125 0.667823053125 0.5718194578125 0.67606085 0.5718194578125 0.67606085 0.530547278125 0.667823053125 0.530547278125
4 0.659585259375 0.530547278125 0.659585259375 0.5718194578125 0.6700697234375 0.5718194578125 0.6700697234375 0.530547278125 0.659585259375 0.530547278125
4 0.6813030828125 0.537204078125 0.6813030828125 0.5664940171875 0.6880430953125 0.5664940171875 0.6880430953125 0.537204078125 0.6813030828125 0.537204078125
4 0.6768097390625 0.53454135625 0.6768097390625 0.565162653125 0.6813030828125 0.565162653125 0.6813030828125 0.53454135625 0.6768097390625 0.53454135625
4 0.6790564078125 0.5385354375 0.6790564078125 0.5638312937500001 0.6850475328125001 0.5638312937500001 0.6850475328125001 0.5385354375 0.6790564078125 0.5385354375
4 0.47460931874999995 0.5159023046875 0.47460931874999995 0.5638312937500001 0.482847115625 0.5638312937500001 0.482847115625 0.5159023046875 0.47460931874999995 0.5159023046875
4 0.46562263281250005 0.5145709453125 0.46562263281250005 0.5598372140625 0.47535820937500006 0.5598372140625 0.47535820937500006 0.5145709453125 0.46562263281250005 0.5145709453125
4 0.49108490781249997 0.52788455625 0.49108490781249997 0.5598372140625 0.49707603125000005 0.5598372140625 0.49707603125000005 0.52788455625 0.49108490781249997 0.52788455625
4 0.482098225 0.5198963859375 0.482098225 0.56116856875 0.49108490937499993 0.56116856875 0.49108490937499993 0.5198963859375 0.482098225 0.5198963859375
2 0.5205258500000001 0.5212579546875 0.5205258500000001 0.5563989390625 0.5394690375 0.5563989390625 0.5394690375 0.5212579546875 0.5205258500000001 0.5212579546875
2 0.5386454203125 0.5256505765624999 0.5386454203125 0.5681126015625 0.5682956265625 0.5681126015625 0.5682956265625 0.5256505765624999 0.5386454203125 0.5256505765624999
2 0.6053583859375 0.5359000296875001 0.6053583859375 0.5637199765625 0.6201834875000001 0.5637199765625 0.6201834875000001 0.5359000296875001 0.6053583859375 0.5359000296875001
6 0.561706690625 0.5066158765625 0.561706690625 0.53590003125 0.5822971124999999 0.53590003125 0.5822971124999999 0.5066158765625 0.561706690625 0.5066158765625
2 0.7616396828124999 0.54102475625 0.7616396828124999 0.639126675 0.8431777515625001 0.639126675 0.8431777515625001 0.54102475625 0.7616396828124999 0.54102475625
6 0.8324707328125 0.425352346875 0.8324707328125 0.7079444421875001 0.9988413359375 0.7079444421875001 0.9988413359375 0.425352346875 0.8324707328125 0.425352346875
2 0.36431808593750004 0.5181203734375 0.36431808593750004 0.6220791218749999 0.4499742390625 0.6220791218749999 0.4499742390625 0.5181203734375 0.36431808593750004 0.5181203734375
2 0.5661042125 0.528369828125 0.5661042125 0.5898665546874999 0.6089322890625 0.5898665546874999 0.6089322890625 0.528369828125 0.5661042125 0.528369828125
1 0.0006588828125 0.0922450890625 0.0006588828125 0.9107372109374999 0.3515196609375 0.9107372109374999 0.3515196609375 0.0922450890625 0.0006588828125 0.0922450890625
4 0.5060301890625001 0.5271147843749999 0.5060301890625001 0.5461494859375 0.510971890625 0.5461494859375 0.510971890625 0.5271147843749999 0.5060301890625001 0.5271147843749999
4 0.49779401874999996 0.5271147843749999 0.49779401874999996 0.5563989390625 0.5060301890625001 0.5563989390625 0.5060301890625001 0.5271147843749999 0.49779401874999996 0.5271147843749999
4 0.5126191234374999 0.5300431999999999 0.5126191234374999 0.550542109375 0.5208552921875 0.550542109375 0.5208552921875 0.5300431999999999 0.5126191234374999 0.5300431999999999
2 0.6170537546875 0.5300431999999999 0.6170537546875 0.552006315625 0.6294080078125 0.552006315625 0.6294080078125 0.5300431999999999 0.6170537546875 0.5300431999999999
2 0.589874396875 0.513936915625 0.589874396875 0.52857899375 0.5989341828125 0.52857899375 0.5989341828125 0.513936915625 0.589874396875 0.513936915625
2 0.58163823125 0.51247270625 0.58163823125 0.528578990625 0.590698015625 0.528578990625 0.590698015625 0.51247270625 0.58163823125 0.51247270625
2 0.6063467359375 0.51979374375 0.6063467359375 0.5373642390625 0.6187009890625 0.5373642390625 0.6187009890625 0.51979374375 0.6063467359375 0.51979374375