2 0.405857034375 0.508766659375 0.405857034375 0.5446796015625 0.42697629218750005 0.5446796015625 0.42697629218750005 0.508766659375 0.405857034375 0.508766659375
2 0.4725204359375 0.4841717390625 0.4725204359375 0.5151874609375 0.4853756359375 0.5151874609375 0.4853756359375 0.4841717390625 0.4725204359375 0.4841717390625
2 0.4624199203125 0.48580414843749997 0.4624199203125 0.5168198687500001 0.477111578125 0.5168198687500001 0.477111578125 0.48580414843749997 0.4624199203125 0.48580414843749997
2 0.44864649375 0.48906895781250004 0.44864649375 0.5249819 0.4670110625 0.5249819 0.4670110625 0.48906895781250004 0.44864649375 0.48906895781250004
2 0.43303660624999996 0.48743655312499995 0.43303660624999996 0.52987911875 0.4605834625 0.52987911875 0.4605834625 0.48743655312499995 0.43303660624999996 0.48743655312499995
2 0.4220178625 0.49886339687500003 0.4220178625 0.5347763390625 0.446810034375 0.5347763390625 0.446810034375 0.49886339687500003 0.4220178625 0.49886339687500003
2 0.49712895156250003 0.48580414843749997 0.49712895156250003 0.5053930234374999 0.509065921875 0.5053930234374999 0.509065921875 0.48580414843749997 0.49712895156250003 0.48580414843749997
2 0.562874125 0.48090692968750004 0.562874125 0.5004958046875 0.575729325 0.5004958046875 0.575729325 0.48090692968750004 0.562874125 0.48090692968750004
2 0.5704036078125 0.47946108593750003 0.5704036078125 0.5210641078125 0.5908145218749999 0.5210641078125 0.5908145218749999 0.47946108593750003 0.5704036078125 0.47946108593750003
2 0.5777494375 0.48351876406249994 0.5777494375 0.535755765625 0.5961140078125 0.535755765625 0.5961140078125 0.48351876406249994 0.5777494375 0.48351876406249994
2 0.583258809375 0.476196271875 0.583258809375 0.5504474234375001 0.6137702390625 0.5504474234375001 0.6137702390625 0.476196271875 0.583258809375 0.476196271875
2 0.5924410953125 0.47782868125 0.5924410953125 0.58309555625 0.6394806390625 0.58309555625 0.6394806390625 0.47782868125 0.5924410953125 0.47782868125
2 0.3152584796875 0.5109431953125 0.3152584796875 0.5811366687499999 0.36851574062500003 0.5811366687499999 0.36851574062500003 0.5109431953125 0.3152584796875 0.5109431953125
4 0.2858751625 0.49625153749999995 0.2858751625 0.528899665625 0.29964859062500004 0.528899665625 0.29964859062500004 0.49625153749999995 0.2858751625 0.49625153749999995
4 0.8282421828125001 0.4733978484375 0.8282421828125001 0.595828325 0.8576254984375 0.595828325 0.8576254984375 0.4733978484375 0.8282421828125001 0.4733978484375
4 0.7566203546875 0.470133034375 0.7566203546875 0.5811366687499999 0.7814125265625 0.5811366687499999 0.7814125265625 0.470133034375 0.7566203546875 0.470133034375
2 0.2519007078125 0.519105228125 0.2519007078125 0.60399035625 0.3299501375 0.60399035625 0.3299501375 0.519105228125 0.2519007078125 0.519105228125
2 0.3691278921875 0.4973398140625 0.3691278921875 0.5561064484375 0.41136640625 0.5561064484375 0.41136640625 0.4973398140625 0.3691278921875 0.4973398140625
2 0.50732129375 0.4831922875 0.50732129375 0.5027811640625 0.5247676375 0.5027811640625 0.5247676375 0.4831922875 0.50732129375 0.4831922875
4 0.72172766875 0.47479706093749996 0.72172766875 0.5694766312499999 0.74101046875 0.5694766312499999 0.74101046875 0.47479706093749996 0.72172766875 0.47479706093749996
2 0.6230690953125 0.46500262187499997 0.6230690953125 0.6098228078125 0.7162182968749999 0.6098228078125 0.7162182968749999 0.46500262187499997 0.6230690953125 0.46500262187499997
4 0.7021387984375 0.47448612343749996 0.7021387984375 0.5201935015625 0.7122393125 0.5201935015625 0.7122393125 0.47448612343749996 0.7021387984375 0.47448612343749996
2 0.1586125125 0.533796884375 0.1586125125 0.6464329249999999 0.27430931406250003 0.6464329249999999 0.27430931406250003 0.533796884375 0.1586125125 0.533796884375
0 0.12487908750000001 0.56220076875 0.12487908750000001 0.6405562765624999 0.1533441734375 0.6405562765624999 0.1533441734375 0.56220076875 0.12487908750000001 0.56220076875