2 0.4376596421875 0.33163280781250004 0.4376596421875 0.36377568125000004 0.4574619484375 0.36377568125000004 0.4574619484375 0.33163280781250004 0.4376596421875 0.33163280781250004
2 0.49276171093750004 0.3285715828125 0.49276171093750004 0.3576532296875 0.5056762578125 0.3576532296875 0.5056762578125 0.3285715828125 0.49276171093750004 0.3285715828125
2 0.5039543171875 0.3270409703125 0.5039543171875 0.36530629375 0.5194517734375 0.36530629375 0.5194517734375 0.3270409703125 0.5039543171875 0.3270409703125
2 0.5151469234375 0.32244913125 0.5151469234375 0.36836751875 0.5272005015625 0.36836751875 0.5272005015625 0.32244913125 0.5151469234375 0.32244913125
2 0.5194517734375 0.31785729375 0.5194517734375 0.371428746875 0.5513076546875 0.371428746875 0.5513076546875 0.31785729375 0.5194517734375 0.31785729375
2 0.539254078125 0.3025511625 0.539254078125 0.3882654875 0.56336123125 0.3882654875 0.56336123125 0.3025511625 0.539254078125 0.3025511625
2 0.556473471875 0.26428583906249997 0.556473471875 0.40816345624999995 0.660650815625 0.40816345624999995 0.660650815625 0.26428583906249997 0.556473471875 0.26428583906249997
2 0.6365436890625 0.24489806875000003 0.6365436890625 0.5102043265625 0.88278104375 0.5102043265625 0.88278104375 0.24489806875000003 0.6365436890625 0.24489806875000003
2 0 0.52857168125 0.13689419375 0.52857168125 0.13689419375 0.3357144515625 0 0.3357144515625 0 0.52857168125
2 0.13861613281250001 0.32908178125 0.13861613281250001 0.4515308171875 0.276371296875 0.4515308171875 0.276371296875 0.32908178125 0.13861613281250001 0.32908178125
2 0.41096957187500005 0.32448994062500003 0.41096957187500005 0.3734695546875 0.44196448281249995 0.3734695546875 0.44196448281249995 0.32448994062500003 0.41096957187500005 0.32448994062500003
2 0.8334187406250001 0.21020418125 0.8334187406250001 0.66020438125 0.9987249374999999 0.66020438125 0.9987249374999999 0.21020418125 0.8334187406250001 0.21020418125
2 0.47706651562499996 0.29647079062500004 0.47706651562499996 0.3202943359375 0.49493417500000003 0.3202943359375 0.49493417500000003 0.29647079062500004 0.47706651562499996 0.29647079062500004