1 0.399618796875 0.4686649921875 0.399618796875 0.5108689562500001 0.41623660781250005 0.5108689562500001 0.41623660781250005 0.4686649921875 0.399618796875 0.4686649921875
6 0.4154452828125 0.45600380156250003 0.4154452828125 0.5221233515625 0.4447242875 0.5221233515625 0.4447242875 0.45600380156250003 0.4154452828125 0.45600380156250003
2 0.44525183906250004 0.5036339890625 0.44525183906250004 0.516295178125 0.451846203125 0.516295178125 0.451846203125 0.5036339890625 0.44525183906250004 0.5036339890625
2 0.4526375265625 0.497202909375 0.4526375265625 0.51689809375 0.459759446875 0.51689809375 0.459759446875 0.497202909375 0.4526375265625 0.497202909375
2 0.47637725781249995 0.494389309375 0.47637725781249995 0.5126776937499999 0.48587315000000003 0.5126776937499999 0.48587315000000003 0.494389309375 0.47637725781249995 0.494389309375
2 0.4856093921875 0.5012893359375 0.4856093921875 0.515357325 0.4927313125 0.515357325 0.4927313125 0.5012893359375 0.4856093921875 0.5012893359375
2 0.4895660140625 0.495662140625 0.4895660140625 0.52098451875 0.501435878125 0.52098451875 0.501435878125 0.495662140625 0.4895660140625 0.495662140625
2 0.5006445546875 0.4886281453125 0.5006445546875 0.52520491875 0.518845015625 0.52520491875 0.518845015625 0.4886281453125 0.5006445546875 0.4886281453125
2 0.5117230953125 0.49425534375 0.5117230953125 0.5308321140625 0.525175609375 0.5308321140625 0.525175609375 0.49425534375 0.5117230953125 0.49425534375
2 0.555245934375 0.497068940625 0.555245934375 0.52098451875 0.5655331515625 0.52098451875 0.5655331515625 0.497068940625 0.555245934375 0.497068940625
2 0.31099046874999997 0.487221346875 0.31099046874999997 0.5125437265625 0.3386868234375 0.5125437265625 0.3386868234375 0.487221346875 0.31099046874999997 0.487221346875
2 0.0783411109375 0.48440775 0.0783411109375 0.511136928125 0.1092027609375 0.511136928125 0.1092027609375 0.48440775 0.0783411109375 0.48440775
2 0.08783700312500001 0.4886281453125 0.08783700312500001 0.52379811875 0.1353164625 0.52379811875 0.1353164625 0.4886281453125 0.08783700312500001 0.4886281453125
2 0.0300703234375 0.49144174375 0.0300703234375 0.5266117140625 0.08783700156249999 0.5266117140625 0.08783700156249999 0.49144174375 0.0300703234375 0.49144174375
2 0.127512025 0.45327058750000004 0.127512025 0.5911368734375 0.231175515625 0.5911368734375 0.231175515625 0.45327058750000004 0.127512025 0.45327058750000004
2 0.1488777828125 0.48281336250000007 0.1488777828125 0.667104009375 0.3316737078125 0.667104009375 0.3316737078125 0.48281336250000007 0.1488777828125 0.48281336250000007
2 0.3680746265625 0.48844055624999994 0.3680746265625 0.5531533 0.4163454125 0.5531533 0.4163454125 0.48844055624999994 0.3680746265625 0.48844055624999994
2 0.457494278125 0.49828814687499995 0.457494278125 0.5278309218749999 0.4796513625 0.5278309218749999 0.4796513625 0.49828814687499995 0.457494278125 0.49828814687499995
2 0.5176349296875 0.49406774843749995 0.5176349296875 0.5531533 0.5603664453125 0.5531533 0.5603664453125 0.49406774843749995 0.5176349296875 0.49406774843749995
2 0.5999326625 0.49688134531249994 0.5999326625 0.54893290625 0.647412121875 0.54893290625 0.647412121875 0.49688134531249994 0.5999326625 0.49688134531249994
2 0.5619490953125 0.49688134531249994 0.5619490953125 0.53205131875 0.594393390625 0.53205131875 0.594393390625 0.49688134531249994 0.5619490953125 0.49688134531249994
2 0.6831799937499999 0.48422015781249994 0.6831799937499999 0.58128928125 0.77734759375 0.58128928125 0.77734759375 0.48422015781249994 0.6831799937499999 0.48422015781249994
2 0.9353453828125 0.61758469375 0.9353453828125 0.9045716578125 0.9986513328125 0.9045716578125 0.9986513328125 0.61758469375 0.9353453828125 0.61758469375
2 0.9258494890625 0.5022271875000001 0.9258494890625 0.6682294515625 0.9986513296874999 0.6682294515625 0.9986513296874999 0.5022271875000001 0.9258494890625 0.5022271875000001