2 0.3271280859375 0.5628733578125 0.3271280859375 0.58305606875 0.338480859375 0.58305606875 0.338480859375 0.5628733578125 0.3271280859375 0.5628733578125
2 0.31451389218750003 0.5673584046875 0.31451389218750003 0.594268684375 0.3296509234375 0.594268684375 0.3296509234375 0.5673584046875 0.31451389218750003 0.5673584046875
2 0.29180834375 0.5718434515624999 0.29180834375 0.59875373125 0.31955956875 0.59875373125 0.31955956875 0.5718434515624999 0.29180834375 0.5718434515624999
2 0.29180834375 0.5785710203125001 0.29180834375 0.607723825 0.3094682125 0.607723825 0.3094682125 0.5785710203125001 0.29180834375 0.5785710203125001
2 0.27919415000000003 0.5875411140625 0.27919415000000003 0.61669391875 0.2981154390625 0.61669391875 0.2981154390625 0.5875411140625 0.27919415000000003 0.5875411140625
2 0.112686790625 0.5628733578125 0.112686790625 0.6525742921875 0.1782805984375 0.6525742921875 0.1782805984375 0.5628733578125 0.112686790625 0.5628733578125
2 0.0571843390625 0.5718434515624999 0.0571843390625 0.6839696187500001 0.1278238234375 0.6839696187500001 0.1278238234375 0.5718434515624999 0.0571843390625 0.5718434515624999
2 0.41038176406250004 0.5628733578125 0.41038176406250004 0.5852985921875 0.422995959375 0.5852985921875 0.422995959375 0.5628733578125 0.41038176406250004 0.5628733578125
2 0.41416602343750003 0.56511588125 0.41416602343750003 0.587541115625 0.42551879687499994 0.587541115625 0.42551879687499994 0.56511588125 0.41416602343750003 0.56511588125
2 0.41795028125 0.5673584046875 0.41795028125 0.5965112078125 0.43561015156250005 0.5965112078125 0.43561015156250005 0.5673584046875 0.41795028125 0.5673584046875
2 0.00042046718749999995 0.5673584046875 0.00042046718749999995 0.7063948515625 0.06727569375 0.7063948515625 0.06727569375 0.5673584046875 0.00042046718749999995 0.5673584046875
2 0.7257366078125 0.5202654140625 0.7257366078125 0.87009905625 0.99820319375 0.87009905625 0.99820319375 0.5202654140625 0.7257366078125 0.5202654140625
2 0.5289551859375 0.5561457875 0.5289551859375 0.6593018609375 0.6248230578125 0.6593018609375 0.6248230578125 0.5561457875 0.5289551859375 0.5561457875
2 0.42551879687499994 0.5673584046875 0.42551879687499994 0.61669391875 0.45705428125 0.61669391875 0.45705428125 0.5673584046875 0.42551879687499994 0.5673584046875
2 0.25522718125 0.5897836375 0.25522718125 0.6279065359375 0.2930697625 0.6279065359375 0.2930697625 0.5897836375 0.25522718125 0.5897836375