4 0.2839281796875 0.48056839062499995 0.2839281796875 0.5338858906249999 0.2971242609375 0.5338858906249999 0.2971242609375 0.48056839062499995 0.2839281796875 0.48056839062499995
4 0.2635342359375 0.482701090625 0.2635342359375 0.557345590625 0.2803292484375 0.557345590625 0.2803292484375 0.482701090625 0.2635342359375 0.482701090625
4 0.22514563437500001 0.46777219062500003 0.22514563437500001 0.523222390625 0.237142071875 0.523222390625 0.237142071875 0.46777219062500003 0.22514563437500001 0.46777219062500003
4 0.9209390109375001 0.521089690625 0.9209390109375001 0.5978668921875 0.9377340249999999 0.5978668921875 0.9377340249999999 0.521089690625 0.9209390109375001 0.521089690625
2 0.16036487187499998 0.465639490625 0.16036487187499998 0.5082934890625 0.21794777187499997 0.5082934890625 0.21794777187499997 0.465639490625 0.16036487187499998 0.465639490625
2 0.107580546875 0.465639490625 0.107580546875 0.5125588890625 0.1723613109375 0.5125588890625 0.1723613109375 0.465639490625 0.107580546875 0.465639490625
2 0.08958588906250001 0.44857789062500003 0.08958588906250001 0.482701090625 0.129174134375 0.482701090625 0.129174134375 0.44857789062500003 0.08958588906250001 0.44857789062500003
2 0.0368015671875 0.44857789062500003 0.0368015671875 0.499762690625 0.0955841109375 0.499762690625 0.0955841109375 0.44857789062500003 0.0368015671875 0.44857789062500003
2 0 0.5317531921875001 0.042799784375 0.5317531921875001 0.042799784375 0.478435690625 0 0.478435690625 0 0.5317531921875001
6 0.40989077187499995 0.48056839062499995 0.40989077187499995 0.5232223890625 0.436282934375 0.5232223890625 0.436282934375 0.48056839062499995 0.40989077187499995 0.48056839062499995
2 0.432684003125 0.499762690625 0.432684003125 0.546682090625 0.47947010937499995 0.546682090625 0.47947010937499995 0.499762690625 0.432684003125 0.499762690625
2 0.352307871875 0.478435690625 0.352307871875 0.555212890625 0.4050921984375 0.555212890625 0.4050921984375 0.478435690625 0.352307871875 0.478435690625
2 0.549049446875 0.504028090625 0.549049446875 0.525355090625 0.5610458859375 0.525355090625 0.5610458859375 0.504028090625 0.549049446875 0.504028090625
2 0.555047665625 0.5082934906250001 0.555047665625 0.5317531921875001 0.568243746875 0.5317531921875001 0.568243746875 0.5082934906250001 0.555047665625 0.5082934906250001
2 0.5610458859375 0.5082934906250001 0.5610458859375 0.538151290625 0.5802401859375 0.538151290625 0.5802401859375 0.5082934906250001 0.5610458859375 0.5082934906250001
2 0.6054327046875 0.5082934906250001 0.6054327046875 0.559478290625 0.6414220171875 0.559478290625 0.6414220171875 0.5082934906250001 0.6054327046875 0.5082934906250001
0 0.7505895984375 0.538151290625 0.7505895984375 0.58933609375 0.7889782000000001 0.58933609375 0.7889782000000001 0.538151290625 0.7505895984375 0.538151290625
2 0.4710726046875 0.49123189062500006 0.4710726046875 0.631990090625 0.5562473109375 0.631990090625 0.5562473109375 0.49123189062500006 0.4710726046875 0.49123189062500006