2 0.89389879375 0.37779219531249997 0.89389879375 0.44711186718749996 0.9994969890625001 0.44711186718749996 0.9994969890625001 0.37779219531249997 0.89389879375 0.37779219531249997
2 0.9036468734374999 0.398588096875 0.9036468734374999 0.4887036671875 0.9991780421875 0.4887036671875 0.9991780421875 0.398588096875 0.9036468734374999 0.398588096875
2 0.5263962375 0.3500643296875 0.5263962375 0.3691272375 0.5341946984375 0.3691272375 0.5341946984375 0.3500643296875 0.5263962375 0.3500643296875
2 0.5322450828124999 0.3552633046875 0.5322450828124999 0.37779219531249997 0.543942778125 0.37779219531249997 0.543942778125 0.3552633046875 0.5322450828124999 0.3552633046875
2 0.5390687375 0.36392826093749997 0.5390687375 0.38819014687500003 0.5566152796875 0.38819014687500003 0.5566152796875 0.36392826093749997 0.5390687375 0.36392826093749997
2 0.5497916265625 0.36392826093749997 0.5497916265625 0.40032108906249997 0.5634389359374999 0.40032108906249997 0.5634389359374999 0.36392826093749997 0.5497916265625 0.36392826093749997
2 0.551741240625 0.37779219531249997 0.551741240625 0.4037870734375 0.5722122046875 0.4037870734375 0.5722122046875 0.37779219531249997 0.551741240625 0.37779219531249997
2 0.5634389343749999 0.382991171875 0.5634389343749999 0.421116990625 0.58780913125 0.421116990625 0.58780913125 0.382991171875 0.5634389343749999 0.382991171875
2 0.5809854750000001 0.39338912187499997 0.5809854750000001 0.43151494062499995 0.6121793265625 0.43151494062499995 0.6121793265625 0.39338912187499997 0.5809854750000001 0.39338912187499997
2 0.5946327859375 0.40725305624999997 0.5946327859375 0.4471118640625 0.62680144375 0.4471118640625 0.62680144375 0.40725305624999997 0.5946327859375 0.40725305624999997
2 0.5985320171875 0.42111698750000004 0.5985320171875 0.4852376828125 0.6423983703125 0.4852376828125 0.6423983703125 0.42111698750000004 0.5985320171875 0.42111698750000004
2 0.51177411875 0.3535303140625 0.51177411875 0.37086023125 0.5205473890625 0.37086023125 0.5205473890625 0.3535303140625 0.51177411875 0.3535303140625
2 0.51177411875 0.3656612546875 0.51177411875 0.39165613125 0.5302954671875 0.39165613125 0.5302954671875 0.3656612546875 0.51177411875 0.3656612546875
2 0.5176229671875 0.37779219531249997 0.5176229671875 0.40725305624999997 0.5380939312499999 0.40725305624999997 0.5380939312499999 0.37779219531249997 0.5176229671875 0.37779219531249997
2 0.5341946984375 0.41765100625 0.5341946984375 0.47310674218750004 0.5673381656250001 0.47310674218750004 0.5673381656250001 0.41765100625 0.5341946984375 0.41765100625
2 0.5488168171875001 0.426315965625 0.5488168171875001 0.504300590625 0.6053556718750001 0.504300590625 0.6053556718750001 0.426315965625 0.5488168171875001 0.426315965625
2 0.6579952953125 0.34313235937500003 0.6579952953125 0.6568038640625 0.914369759375 0.6568038640625 0.914369759375 0.34313235937500003 0.6579952953125 0.34313235937500003
2 0.49032834531249997 0.3535303140625 0.49032834531249997 0.3621952703125 0.5030008484375 0.3621952703125 0.5030008484375 0.3535303140625 0.49032834531249997 0.3535303140625
2 0.49032834531249997 0.3621952703125 0.49032834531249997 0.37432621250000003 0.5049504640625 0.37432621250000003 0.5049504640625 0.3621952703125 0.49032834531249997 0.3621952703125
2 0.4874039234375 0.37605920312499996 0.4874039234375 0.39165612968749997 0.50397565625 0.39165612968749997 0.50397565625 0.37605920312499996 0.4874039234375 0.37605920312499996
2 0.48447950000000006 0.38645715625 0.48447950000000006 0.40032108906249997 0.505925271875 0.40032108906249997 0.505925271875 0.38645715625 0.48447950000000006 0.38645715625
2 0.5088496953125 0.4020540796875 0.5088496953125 0.44884485625000003 0.5244466203125 0.44884485625000003 0.5244466203125 0.4020540796875 0.5088496953125 0.4020540796875
2 0.46985738125000004 0.36392826093749997 0.46985738125000004 0.37779219375 0.48350469062499996 0.37779219375 0.48350469062499996 0.36392826093749997 0.46985738125000004 0.36392826093749997
2 0.464008534375 0.37432621250000003 0.464008534375 0.4020540796875 0.48545430781250004 0.4020540796875 0.48545430781250004 0.37432621250000003 0.464008534375 0.37432621250000003
2 0.4347642984375 0.39338912187499997 0.4347642984375 0.43844690625 0.4620589203125 0.43844690625 0.4620589203125 0.39338912187499997 0.4347642984375 0.39338912187499997
2 0.44451237812500005 0.3587292890625 0.44451237812500005 0.39338912187499997 0.464008534375 0.39338912187499997 0.464008534375 0.3587292890625 0.44451237812500005 0.3587292890625
2 0.42794064374999996 0.37605920312499996 0.42794064374999996 0.3985880953125 0.44256276093749997 0.3985880953125 0.44256276093749997 0.37605920312499996 0.42794064374999996 0.37605920312499996
2 0.41526814375 0.382991171875 0.41526814375 0.4037870734375 0.428915453125 0.4037870734375 0.428915453125 0.382991171875 0.41526814375 0.382991171875
2 0.4084444875 0.37952518749999997 0.4084444875 0.4037870734375 0.41819256562499996 0.4037870734375 0.41819256562499996 0.37952518749999997 0.4084444875 0.37952518749999997
2 0.39479717812500004 0.382991171875 0.39479717812500004 0.4141850234375 0.4084444875 0.4141850234375 0.4084444875 0.382991171875 0.39479717812500004 0.382991171875
2 0.3801750609375 0.38645715625 0.3801750609375 0.41765100625 0.3996712171875 0.41765100625 0.3996712171875 0.38645715625 0.3801750609375 0.38645715625
2 0.3548300578125 0.398588096875 0.3548300578125 0.44017989843749994 0.39284756249999997 0.44017989843749994 0.39284756249999997 0.398588096875 0.3548300578125 0.398588096875
6 0.372376596875 0.42804895624999995 0.372376596875 0.511232559375 0.440613146875 0.511232559375 0.440613146875 0.42804895624999995 0.372376596875 0.42804895624999995
6 0.440613146875 0.3968551046875 0.440613146875 0.538960425 0.524446621875 0.538960425 0.524446621875 0.3968551046875 0.440613146875 0.3968551046875
2 0.248576 0.41245203124999996 0.248576 0.6013481296875 0.37920025156250003 0.6013481296875 0.37920025156250003 0.41245203124999996 0.248576 0.41245203124999996