2 0.1597026453125 0.45281218125 0.1597026453125 0.5043746453125 0.1939799640625 0.5043746453125 0.1939799640625 0.45281218125 0.1597026453125 0.45281218125
2 0.1293804 0.4574996765625 0.1293804 0.5114058906250001 0.1636577203125 0.5114058906250001 0.1636577203125 0.4574996765625 0.1293804 0.4574996765625
2 0.39305209375 0.43640594374999997 0.39305209375 0.45515593125000003 0.4062356796875 0.45515593125000003 0.4062356796875 0.43640594374999997 0.39305209375 0.43640594374999997
2 0.3732767171875 0.43640594374999997 0.3732767171875 0.4809371640625 0.4009622453125 0.4809371640625 0.4009622453125 0.43640594374999997 0.3732767171875 0.43640594374999997
2 0.461606734375 0.41765595624999996 0.461606734375 0.502030896875 0.49720241249999997 0.502030896875 0.49720241249999997 0.41765595624999996 0.461606734375 0.41765595624999996
2 0.48270046874999994 0.40593721406250005 0.48270046874999994 0.5301558796875 0.5644386953125 0.5301558796875 0.5644386953125 0.40593721406250005 0.48270046874999994 0.40593721406250005
2 0.5182961484375 0.41765595624999996 0.5182961484375 0.5699996015625 0.615854675 0.5699996015625 0.615854675 0.41765595624999996 0.5182961484375 0.41765595624999996
2 0.584214071875 0.39890596718750004 0.584214071875 0.630937059375 0.7450538046874999 0.630937059375 0.7450538046874999 0.39890596718750004 0.584214071875 0.39890596718750004
2 0.27835490625000003 0.441093440625 0.27835490625000003 0.48093716249999996 0.3007670015625 0.48093716249999996 0.3007670015625 0.441093440625 0.27835490625000003 0.441093440625
2 0.25857952968750003 0.4387496921875 0.25857952968750003 0.4832809125 0.2915384921875 0.4832809125 0.2915384921875 0.4387496921875 0.25857952968750003 0.4387496921875
2 0.298130284375 0.4434371875 0.298130284375 0.47390591718749997 0.313950584375 0.47390591718749997 0.313950584375 0.4434371875 0.298130284375 0.4434371875
2 0.308677153125 0.4434371875 0.308677153125 0.47390591718749997 0.3337259640625 0.47390591718749997 0.3337259640625 0.4434371875 0.308677153125 0.4434371875
2 0.335044321875 0.42234435000000004 0.335044321875 0.49968715 0.3772317921875 0.49968715 0.3772317921875 0.42234435000000004 0.335044321875 0.42234435000000004
2 0.4035989625 0.4317184453125 0.4035989625 0.466874671875 0.42205598125000005 0.466874671875 0.42205598125000005 0.4317184453125 0.4035989625 0.4317184453125
2 0.20584519218750003 0.42703094999999996 0.20584519218750003 0.5114058921875 0.2625346046875 0.5114058921875 0.2625346046875 0.42703094999999996 0.20584519218750003 0.42703094999999996
6 0.0186382890625 0.3918747234375 0.0186382890625 0.5207808843749999 0.134653834375 0.5207808843749999 0.134653834375 0.3918747234375 0.0186382890625 0.3918747234375
2 0 0.59812458125 0.0964214390625 0.59812458125 0.0964214390625 0.41296845781249997 0 0.41296845781249997 0 0.59812458125
2 0.692319465625 0.295781040625 0.692319465625 0.8160931828125 0.9994969890625001 0.8160931828125 0.9994969890625001 0.295781040625 0.692319465625 0.295781040625