2 0.1742045890625 0.548905865625 0.1742045890625 0.5981245828125 0.203208475 0.5981245828125 0.203208475 0.548905865625 0.1742045890625 0.548905865625
2 0.465561809375 0.5512496140625001 0.465561809375 0.5723433499999999 0.49061062031249997 0.5723433499999999 0.49061062031249997 0.5512496140625001 0.465561809375 0.5512496140625001
2 0.49061062031249997 0.5371871234375 0.49061062031249997 0.5770308453124999 0.5196145078125001 0.5770308453124999 0.5196145078125001 0.5371871234375 0.49061062031249997 0.5371871234375
2 0.539389884375 0.52546838125 0.539389884375 0.5770308453124999 0.5934425812499999 0.5770308453124999 0.5934425812499999 0.52546838125 0.539389884375 0.52546838125
2 0.7951514265624999 0.5207808828125 0.7951514265624999 0.5676558515625 0.8347021828125 0.5676558515625 0.8347021828125 0.5207808828125 0.7951514265624999 0.5207808828125
6 0.588169146875 0.485624659375 0.588169146875 0.593437084375 0.6989112578125 0.593437084375 0.6989112578125 0.485624659375 0.588169146875 0.485624659375
6 0.7107764859375 0.4973434015625 0.7107764859375 0.58171834375 0.8004248609375001 0.58171834375 0.8004248609375001 0.4973434015625 0.7107764859375 0.4973434015625
6 0.8320654640624999 0.476249665625 0.8320654640624999 0.6028120796875001 0.9797216125 0.6028120796875001 0.9797216125 0.476249665625 0.8320654640624999 0.476249665625
2 0.9441259343749999 0.5324996265624999 0.9441259343749999 0.72468699375 0.9994969906250001 0.72468699375 0.9994969906250001 0.5324996265624999 0.9441259343749999 0.5324996265624999
2 0.46811348124999996 0.5353449421875001 0.46811348124999996 0.55503990625 0.488256059375 0.55503990625 0.488256059375 0.5353449421875001 0.46811348124999996 0.5353449421875001
2 0.3825075296875 0.5317640390625 0.3825075296875 0.5460876484375 0.3996287203125 0.5460876484375 0.3996287203125 0.5317640390625 0.3825075296875 0.5317640390625