2 0.5483850671875 0.45346719375 0.5483850671875 0.4805088140625 0.560085765625 0.4805088140625 0.560085765625 0.45346719375 0.5483850671875 0.45346719375
2 0.5296639437499999 0.43266594375 0.5296639437499999 0.47634856562500005 0.5495551328125 0.47634856562500005 0.5495551328125 0.43266594375 0.5296639437499999 0.43266594375
2 0.5121128921875 0.4368261953125 0.5121128921875 0.47842869062500004 0.5355142953125 0.47842869062500004 0.5355142953125 0.4368261953125 0.5121128921875 0.4368261953125
2 0.5074326109375 0.4389063203125 0.5074326109375 0.490909440625 0.526153734375 0.490909440625 0.526153734375 0.4389063203125 0.5074326109375 0.4389063203125
2 0.4887114890625 0.44098644374999996 0.4887114890625 0.48882931718749995 0.510942821875 0.48882931718749995 0.510942821875 0.44098644374999996 0.4887114890625 0.44098644374999996
2 0.46765022500000003 0.44098644374999996 0.46765022500000003 0.4950696875 0.5027523296874999 0.4950696875 0.5027523296874999 0.44098644374999996 0.46765022500000003 0.44098644374999996
2 0.43371819062499994 0.44306656875000006 0.43371819062499994 0.5075504421875 0.4770107859375 0.5075504421875 0.4770107859375 0.44306656875000006 0.43371819062499994 0.44306656875000006
2 0.3798949625 0.4451466953125 0.3798949625 0.526271559375 0.4430787546875 0.526271559375 0.4430787546875 0.4451466953125 0.3798949625 0.4451466953125
2 0.6408206109375 0.45762744375000003 0.6408206109375 0.47842868593750004 0.65369138125 0.47842868593750004 0.65369138125 0.45762744375000003 0.6408206109375 0.45762744375000003
2 0.6525213109375 0.4451466953125 0.6525213109375 0.474268446875 0.6642220125 0.474268446875 0.6642220125 0.4451466953125 0.6525213109375 0.4451466953125
2 0.660711803125 0.434746071875 0.660711803125 0.482588940625 0.686453346875 0.482588940625 0.686453346875 0.434746071875 0.660711803125 0.434746071875
2 0.675922715625 0.43266594375 0.675922715625 0.4950696875 0.7040044 0.4950696875 0.7040044 0.43266594375 0.675922715625 0.43266594375
2 0.6899635578125001 0.43058582031250003 0.6899635578125001 0.5033901859375 0.753147346875 0.5033901859375 0.753147346875 0.43058582031250003 0.6899635578125001 0.43058582031250003
2 0.279268928125 0.4451466953125 0.279268928125 0.5595535625 0.3986160875 0.5595535625 0.3986160875 0.4451466953125 0.279268928125 0.4451466953125
6 0.7589976968750001 0.32033920781249997 0.7589976968750001 0.6302777953125 0.98950151875 0.6302777953125 0.98950151875 0.32033920781249997 0.7589976968750001 0.32033920781249997
4 0.07918692968749999 0.3931435765625 0.07918692968749999 0.44306657656250004 0.0955679109375 0.44306657656250004 0.0955679109375 0.3931435765625 0.07918692968749999 0.3931435765625
4 0.005472509375 0.41186470000000003 0.005472509375 0.43682619687499996 0.01834328125 0.43682619687499996 0.01834328125 0.41186470000000003 0.005472509375 0.41186470000000003
2 0.557745628125 0.44098644374999996 0.557745628125 0.4784286875 0.58816745 0.4784286875 0.58816745 0.44098644374999996 0.557745628125 0.44098644374999996