2 0.3984840515625 0.42363118125000004 0.3984840515625 0.4446354296875 0.41459526562500004 0.4446354296875 0.41459526562500004 0.42363118125000004 0.3984840515625 0.42363118125000004
2 0.4092248609375 0.419812221875 0.4092248609375 0.4484543796875 0.42426199374999995 0.4484543796875 0.42426199374999995 0.419812221875 0.4092248609375 0.419812221875
2 0.4188915890625 0.419812221875 0.4188915890625 0.4522733328125 0.437150965625 0.4522733328125 0.437150965625 0.419812221875 0.4188915890625 0.419812221875
2 0.42641015781249997 0.42363118125000004 0.42641015781249997 0.4580017703125 0.44037321093750004 0.4580017703125 0.44037321093750004 0.42363118125000004 0.42641015781249997 0.42363118125000004
2 0.4360768859375 0.419812221875 0.4360768859375 0.45800176718749996 0.4554103453125 0.45800176718749996 0.4554103453125 0.419812221875 0.4360768859375 0.419812221875
2 0.4478917765625 0.419812221875 0.4478917765625 0.4656396765625 0.47689196406249995 0.4656396765625 0.47689196406249995 0.419812221875 0.4478917765625 0.419812221875
2 0.460780746875 0.419812221875 0.460780746875 0.473277584375 0.485484609375 0.473277584375 0.485484609375 0.419812221875 0.460780746875 0.419812221875
2 0.4704474765625 0.419812221875 0.4704474765625 0.477096540625 0.495151340625 0.477096540625 0.495151340625 0.419812221875 0.4704474765625 0.419812221875
2 0.48333645000000003 0.412174315625 0.48333645000000003 0.48855340781249995 0.525225609375 0.48855340781249995 0.525225609375 0.412174315625 0.48333645000000003 0.412174315625
2 0.4972995015625 0.41408379218749997 0.4972995015625 0.4942818390625 0.5520776328125 0.4942818390625 0.5520776328125 0.41408379218749997 0.4972995015625 0.41408379218749997
2 0.5284478499999999 0.412174315625 0.5284478499999999 0.52101451875 0.6014853578125 0.52101451875 0.6014853578125 0.412174315625 0.5284478499999999 0.412174315625
2 0.572485171875 0.400990240625 0.572485171875 0.5518389499999999 0.7078193765624999 0.5518389499999999 0.7078193765624999 0.400990240625 0.572485171875 0.400990240625
2 0.6304855453125 0.3990807625 0.6304855453125 0.60721379375 0.8227460437499999 0.60721379375 0.8227460437499999 0.3990807625 0.6304855453125 0.3990807625
2 0.3733198671875 0.41435658125 0.3733198671875 0.43917978125 0.39372740781250004 0.43917978125 0.39372740781250004 0.41435658125 0.3733198671875 0.41435658125
2 0.379764353125 0.42390396875 0.379764353125 0.44872716874999996 0.39480148593750003 0.44872716874999996 0.39480148593750003 0.42390396875 0.379764353125 0.42390396875
2 0.326060303125 0.42008501249999997 0.326060303125 0.43345135 0.33787519375 0.43345135 0.33787519375 0.42008501249999997 0.326060303125 0.42008501249999997
2 0.3368011140625 0.42199449062500005 0.3368011140625 0.44490821562500005 0.34969008437500004 0.44490821562500005 0.34969008437500004 0.42199449062500005 0.3368011140625 0.42199449062500005
6 0.350764165625 0.4086281484375 0.350764165625 0.4449082203125 0.3743939453125 0.4449082203125 0.3743939453125 0.4086281484375 0.350764165625 0.4086281484375
2 0.7414133625 0.3952618078125 0.7414133625 0.7599719828125 0.9983582906249999 0.7599719828125 0.9983582906249999 0.3952618078125 0.7414133625 0.3952618078125