2 0.514159803125 0.523827765625 0.514159803125 0.54257775 0.5339351796875 0.54257775 0.5339351796875 0.523827765625 0.514159803125 0.523827765625
2 0.3467282765625 0.5285152609375 0.3467282765625 0.542577753125 0.3625485796875 0.542577753125 0.3625485796875 0.5285152609375 0.3467282765625 0.5285152609375
2 0.3638669375 0.523827765625 0.3638669375 0.54257775 0.37573216249999997 0.54257775 0.37573216249999997 0.523827765625 0.3638669375 0.523827765625
2 0.37705052031249997 0.5285152609375 0.37705052031249997 0.542577753125 0.3875973890625 0.542577753125 0.3875973890625 0.5285152609375 0.37705052031249997 0.5285152609375
2 0.3864603015625 0.5231246328125 0.3864603015625 0.5418746203125 0.39568881093749997 0.5418746203125 0.39568881093749997 0.5231246328125 0.3864603015625 0.5231246328125
2 0.487973903125 0.52546838125 0.487973903125 0.548905865625 0.499839128125 0.548905865625 0.499839128125 0.52546838125 0.487973903125 0.52546838125
2 0.0832378546875 0.5207808828125 0.0832378546875 0.605155825 0.23484907656249998 0.605155825 0.23484907656249998 0.5207808828125 0.0832378546875 0.5207808828125
6 0.5367531671875 0.49031215625 0.5367531671875 0.5981245828125 0.70550305 0.5981245828125 0.70550305 0.49031215625 0.5367531671875 0.49031215625
2 0.4497415078125 0.5207808828125 0.4497415078125 0.5395308703125 0.4642434515625 0.5395308703125 0.4642434515625 0.5207808828125 0.4497415078125 0.5207808828125
2 0.3956002046875 0.5246022328125 0.3956002046875 0.5353449421875001 0.4056714921875 0.5353449421875001 0.4056714921875 0.5246022328125 0.3956002046875 0.5246022328125
2 0.406678621875 0.526392684375 0.406678621875 0.54071629375 0.4167499109375 0.54071629375 0.4167499109375 0.526392684375 0.406678621875 0.526392684375