4 0.4775947609375 0.32349085624999996 0.4775947609375 0.38971733125 0.4871466640625 0.38971733125 0.4871466640625 0.32349085624999996 0.4775947609375 0.32349085624999996
4 0.45467021250000006 0.32264179375 0.45467021250000006 0.39396261093749996 0.4747291921875 0.39396261093749996 0.4747291921875 0.32264179375 0.45467021250000006 0.32264179375
4 0.400224409375 0.335377653125 0.400224409375 0.37613240625 0.414552253125 0.37613240625 0.414552253125 0.335377653125 0.400224409375 0.335377653125
2 0.31030014375000003 0.35150975 0.31030014375000003 0.4024531921875 0.3453010171875 0.4024531921875 0.3453010171875 0.35150975 0.31030014375000003 0.35150975
2 0.2687493984375 0.340593290625 0.2687493984375 0.40172542031249997 0.294539515625 0.40172542031249997 0.294539515625 0.340593290625 0.2687493984375 0.340593290625
2 0.2472576359375 0.3435043515625 0.2472576359375 0.40973082656250004 0.280211675 0.40973082656250004 0.280211675 0.3435043515625 0.2472576359375 0.3435043515625
2 0.20857245624999998 0.3485986953125 0.20857245624999998 0.430108203125 0.2658838296875 0.430108203125 0.2658838296875 0.3485986953125 0.20857245624999998 0.3485986953125
2 0.12321945000000001 0.3664289015625 0.12321945000000001 0.42028339531250003 0.1547407046875 0.42028339531250003 0.1547407046875 0.3664289015625 0.12321945000000001 0.3664289015625
2 0.1512610875 0.3664289015625 0.1512610875 0.42283056874999997 0.19915701875 0.42283056874999997 0.19915701875 0.3664289015625 0.1512610875 0.3664289015625
2 0.0444163125 0.39481167500000003 0.0444163125 0.41264188125 0.0931309796875 0.41264188125 0.0931309796875 0.39481167500000003 0.0444163125 0.39481167500000003
2 0 0.41518905312500004 0.0257901171875 0.41518905312500004 0.0257901171875 0.39990601875 0 0.39990601875 0 0.41518905312500004