2 0.3805414 0.3846739859375 0.3805414 0.761023209375 0.622285075 0.761023209375 0.622285075 0.3846739859375 0.3805414 0.3846739859375
2 0.8203236781250001 0.42352293906250005 0.8203236781250001 0.6104835203125 0.9992413140625 0.6104835203125 0.9992413140625 0.42352293906250005 0.8203236781250001 0.42352293906250005
2 0.626382425 0.4453754734375 0.626382425 0.527929496875 0.6919400312499999 0.527929496875 0.6919400312499999 0.4453754734375 0.626382425 0.4453754734375
2 0.58131156875 0.44294741562500006 0.58131156875 0.52064531875 0.622285075 0.52064531875 0.622285075 0.44294741562500006 0.58131156875 0.44294741562500006
2 0.7411082375 0.4478035328125 0.7411082375 0.5667784499999999 0.8517366984375 0.5667784499999999 0.8517366984375 0.4478035328125 0.7411082375 0.4478035328125
4 0.7015005171875 0.4550877125 0.7015005171875 0.4890805453125 0.716524134375 0.4890805453125 0.716524134375 0.4550877125 0.7015005171875 0.4550877125
4 0.720621484375 0.45023159375 0.720621484375 0.513361140625 0.7356451015625 0.513361140625 0.7356451015625 0.45023159375 0.720621484375 0.45023159375
4 0.7397424546875 0.44294741562500006 0.7397424546875 0.5085050203125 0.7479371546875 0.5085050203125 0.7479371546875 0.44294741562500006 0.7397424546875 0.44294741562500006
4 0.746571371875 0.4453754734375 0.746571371875 0.4866524859375 0.7615949890625 0.4866524859375 0.7615949890625 0.4453754734375 0.746571371875 0.4453754734375
2 0.006316728125 0.46479995 0.006316728125 0.5376417359375 0.0664112015625 0.5376417359375 0.0664112015625 0.46479995 0.006316728125 0.46479995
2 0.28903390625 0.4526596546875 0.28903390625 0.4939366640625 0.32864162812500003 0.4939366640625 0.32864162812500003 0.4526596546875 0.28903390625 0.4526596546875
2 0.383099484375 0.447111865625 0.383099484375 0.47137375 0.406494871875 0.47137375 0.406494871875 0.447111865625 0.383099484375 0.447111865625