2 0.9216884828125 0.48942595312500004 0.9216884828125 0.85853469375 0.9985436515625 0.85853469375 0.9985436515625 0.48942595312500004 0.9216884828125 0.48942595312500004
2 0.929718128125 0.369108740625 0.929718128125 0.57711476875 0.9985436515625 0.57711476875 0.9985436515625 0.369108740625 0.929718128125 0.369108740625
2 0.8631867874999999 0.3996978625 0.8631867874999999 0.538368546875 0.964130890625 0.538368546875 0.964130890625 0.3996978625 0.8631867874999999 0.3996978625
2 0.8150089203125 0.3793051125 0.8150089203125 0.4975830515625 0.890716996875 0.4975830515625 0.890716996875 0.3793051125 0.8150089203125 0.3793051125
2 0.7381967546875 0.396027159375 0.7381967546875 0.43681265781249995 0.7565502296875 0.43681265781249995 0.7565502296875 0.396027159375 0.7381967546875 0.396027159375
2 0.7565502296875 0.3878700609375 0.7565502296875 0.44089120625 0.7771978875000001 0.44089120625 0.7771978875000001 0.3878700609375 0.7565502296875 0.3878700609375
2 0.76802115 0.3919486109375 0.76802115 0.44496975625 0.78522753125 0.44496975625 0.78522753125 0.3919486109375 0.76802115 0.3919486109375
2 0.7806391640625 0.38379151093749997 0.7806391640625 0.45312685625000004 0.8024339140625001 0.45312685625000004 0.8024339140625001 0.38379151093749997 0.7806391640625 0.38379151093749997
2 0.7921100828125 0.3858307875 0.7921100828125 0.45924468125000006 0.8379937671875 0.45924468125000006 0.8379937671875 0.3858307875 0.7921100828125 0.3858307875
2 0.812757740625 0.3756344109375 0.812757740625 0.49391235 0.88387745 0.49391235 0.88387745 0.3756344109375 0.812757740625 0.3756344109375
2 0.6865776125 0.4021449828125 0.6865776125 0.42661628125 0.6980485328125 0.42661628125 0.6980485328125 0.4021449828125 0.6865776125 0.4021449828125
2 0.7232845578125 0.400105709375 0.7232845578125 0.43069483125 0.7370496640625 0.43069483125 0.7370496640625 0.400105709375 0.7232845578125 0.400105709375
2 0.7026369015625 0.404184259375 0.7026369015625 0.44089120625 0.7301671125 0.44089120625 0.7301671125 0.404184259375 0.7026369015625 0.404184259375
2 0.6604239265625 0.3878700609375 0.6604239265625 0.45108758125000004 0.6902483203124999 0.45108758125000004 0.6902483203124999 0.3878700609375 0.6604239265625 0.3878700609375
2 0.5847158484375 0.3695165875 0.5847158484375 0.4857552515625 0.66501229375 0.4857552515625 0.66501229375 0.3695165875 0.5847158484375 0.3695165875
2 0.5709507453125 0.3878700609375 0.5709507453125 0.43069483125 0.5961867703125 0.43069483125 0.5961867703125 0.3878700609375 0.5709507453125 0.3878700609375
2 0.5365379828125 0.3919486109375 0.5365379828125 0.47555887812500003 0.5789803890624999 0.47555887812500003 0.5789803890624999 0.3919486109375 0.5365379828125 0.3919486109375
2 0.48950720781249996 0.404184259375 0.48950720781249996 0.49391235 0.5525972734375 0.49391235 0.5525972734375 0.404184259375 0.48950720781249996 0.404184259375
2 0.42641714375 0.4062235328125 0.42641714375 0.52246219375 0.514743234375 0.52246219375 0.514743234375 0.4062235328125 0.42641714375 0.4062235328125
2 0.3162963046875 0.400105709375 0.3162963046875 0.5775226171875001 0.4619769984375 0.5775226171875001 0.4619769984375 0.400105709375 0.3162963046875 0.400105709375
2 0.0019930765625 0.3715558609375 0.0019930765625 0.7223111296875 0.334649778125 0.7223111296875 0.334649778125 0.3715558609375 0.0019930765625 0.3715558609375