2 0.240077359375 0.471134096875 0.240077359375 0.5041237921875 0.26211344531249997 0.5041237921875 0.26211344531249997 0.471134096875 0.240077359375 0.471134096875
2 0.20760312656250002 0.47319595468750003 0.20760312656250002 0.5144330734375 0.2435567421875 0.5144330734375 0.2435567421875 0.47319595468750003 0.20760312656250002 0.47319595468750003
2 0.06146908125 0.47731966718749996 0.06146908125 0.50412379375 0.0927835203125 0.50412379375 0.0927835203125 0.47731966718749996 0.06146908125 0.47731966718749996
2 0.0684278453125 0.48762894531249995 0.0684278453125 0.5247423546875 0.1159794 0.5247423546875 0.1159794 0.48762894531249995 0.0684278453125 0.48762894531249995
2 0.06378867031249999 0.51237121875 0.06378867031249999 0.5494846250000001 0.1159794015625 0.5494846250000001 0.1159794015625 0.51237121875 0.06378867031249999 0.51237121875
2 0.12177837031250001 0.4835052328125 0.12177837031250001 0.5247423546875 0.1623711625 0.5247423546875 0.1623711625 0.4835052328125 0.12177837031250001 0.4835052328125
2 0.5480026671875 0.403092853125 0.5480026671875 0.48762894843750004 0.5978738109374999 0.48762894843750004 0.5978738109374999 0.403092853125 0.5480026671875 0.403092853125
2 0.6744202140625 0.4175258421875 0.6744202140625 0.47731966718749996 0.7161727984375 0.47731966718749996 0.7161727984375 0.4175258421875 0.6744202140625 0.4175258421875
2 0.7869202328125 0.3989691359375 0.7869202328125 0.4154639875 0.797358378125 0.4154639875 0.797358378125 0.3989691359375 0.7869202328125 0.3989691359375
2 0.8101161109374999 0.3989691359375 0.8101161109374999 0.4175258421875 0.824033640625 0.4175258421875 0.824033640625 0.3989691359375 0.8101161109374999 0.3989691359375
2 0.8124357 0.41958769843750005 0.8124357 0.44432996718749995 0.8391109625000001 0.44432996718749995 0.8391109625000001 0.41958769843750005 0.8124357 0.41958769843750005
2 0.8472295203125 0.4216495546875 0.8472295203125 0.4505155390625 0.8843429328125 0.4505155390625 0.8843429328125 0.4216495546875 0.8472295203125 0.4216495546875