2 0.349908584375 0.44431249062499995 0.349908584375 0.525355090625 0.3715021734375 0.525355090625 0.3715021734375 0.44431249062499995 0.349908584375 0.44431249062499995
2 0.307921053125 0.442179790625 0.307921053125 0.5445493890625 0.3667035984375 0.5445493890625 0.3667035984375 0.442179790625 0.307921053125 0.442179790625
2 0.237142071875 0.427250890625 0.237142071875 0.5893360890625 0.334313215625 0.5893360890625 0.334313215625 0.427250890625 0.237142071875 0.427250890625
2 0 0.740757790625 0.27193174375 0.740757790625 0.27193174375 0.2950234890625 0 0.2950234890625 0 0.740757790625
2 0.51066085 0.446445190625 0.51066085 0.478435690625 0.5214576421875 0.478435690625 0.5214576421875 0.446445190625 0.51066085 0.446445190625
2 0.51665906875 0.44004709062499997 0.51665906875 0.48483379062500004 0.5466501625 0.48483379062500004 0.5466501625 0.44004709062499997 0.51665906875 0.44004709062499997
2 0.5274558625 0.44431249062499995 0.5274558625 0.49549729062500003 0.5634451734375 0.49549729062500003 0.5634451734375 0.44431249062499995 0.5274558625 0.44431249062499995
2 0.5538480234375001 0.425118190625 0.5538480234375001 0.5168242890625 0.601833771875 0.5168242890625 0.601833771875 0.425118190625 0.5538480234375001 0.425118190625
2 0.5802401859375 0.422985490625 0.5802401859375 0.542416690625 0.6714131109375 0.542416690625 0.6714131109375 0.422985490625 0.5802401859375 0.422985490625
2 0.6330245109375 0.43791439062500004 0.6330245109375 0.576539890625 0.7505895984375 0.576539890625 0.7505895984375 0.43791439062500004 0.6330245109375 0.43791439062500004
2 1 0.431516290625 0.8969461375 0.431516290625 0.8969461375 0.8154022921875 1 0.8154022921875 1 0.431516290625
2 0.36430431093750004 0.350473690625 0.36430431093750004 0.636255490625 0.5154594218749999 0.636255490625 0.5154594218749999 0.350473690625 0.36430431093750004 0.350473690625