2 0.028169264062499998 0.34825309375 0.028169264062499998 0.6954656046875 0.3532257296875 0.6954656046875 0.3532257296875 0.34825309375 0.028169264062499998 0.34825309375
2 0.451562140625 0.42352293906250005 0.451562140625 0.56192233125 0.547166984375 0.56192233125 0.547166984375 0.42352293906250005 0.451562140625 0.42352293906250005
2 0.629113990625 0.4210948796875 0.629113990625 0.6201957578124999 0.81076319375 0.6201957578124999 0.81076319375 0.4210948796875 0.629113990625 0.4210948796875
2 0.3163495765625 0.42352293906250005 0.3163495765625 0.5837748687500001 0.4064912859375 0.5837748687500001 0.4064912859375 0.42352293906250005 0.3163495765625 0.42352293906250005
2 0.36551778125 0.4138107 0.36551778125 0.5327856171875001 0.43653852187500003 0.5327856171875001 0.43653852187500003 0.4138107 0.36551778125 0.4138107
2 0.4174175546875 0.416238759375 0.4174175546875 0.5060769625 0.451562140625 0.5060769625 0.451562140625 0.416238759375 0.4174175546875 0.416238759375
2 0.4447332234375 0.4186668203125 0.4447332234375 0.489080546875 0.45975684218749996 0.489080546875 0.45975684218749996 0.4186668203125 0.4447332234375 0.4186668203125
2 0.4583910578125 0.4210948796875 0.4583910578125 0.45508771093749995 0.4693173265625 0.45508771093749995 0.4693173265625 0.4210948796875 0.4583910578125 0.4210948796875
2 0.582677353125 0.40652652187499994 0.582677353125 0.5497820328125 0.682379546875 0.5497820328125 0.682379546875 0.40652652187499994 0.582677353125 0.40652652187499994
2 0.563556384375 0.425950996875 0.563556384375 0.5230733765625 0.6045298906250001 0.5230733765625 0.6045298906250001 0.425950996875 0.563556384375 0.425950996875
2 0.547166984375 0.4356632359375 0.547166984375 0.513361140625 0.5758484375 0.513361140625 0.5758484375 0.4356632359375 0.547166984375 0.4356632359375
2 0.53487493125 0.43080711718750003 0.53487493125 0.46722800937500003 0.551264334375 0.46722800937500003 0.551264334375 0.43080711718750003 0.53487493125 0.43080711718750003