2 0.464806603125 0.374055609375 0.464806603125 0.760013 0.7545934359375 0.760013 0.7545934359375 0.374055609375 0.464806603125 0.374055609375
2 0.2438800078125 0.4522672390625 0.2438800078125 0.49817406249999996 0.28022291093749996 0.49817406249999996 0.28022291093749996 0.4522672390625 0.2438800078125 0.4522672390625
2 0.1922348296875 0.46416900781250003 0.1922348296875 0.5066753281249999 0.24579279375000002 0.5066753281249999 0.24579279375000002 0.46416900781250003 0.1922348296875 0.46416900781250003
2 0.27448455781250003 0.45906824999999996 0.27448455781250003 0.4930733046875 0.303176325 0.4930733046875 0.303176325 0.45906824999999996 0.27448455781250003 0.45906824999999996
2 0.292656009375 0.44886673125 0.292656009375 0.48627229375000003 0.3261297390625 0.48627229375000003 0.3261297390625 0.44886673125 0.292656009375 0.44886673125
2 0.324216953125 0.44886673125 0.324216953125 0.47607078124999996 0.35195232656250003 0.47607078124999996 0.35195232656250003 0.44886673125 0.324216953125 0.44886673125
2 0.346213971875 0.4454662296875 0.346213971875 0.474370525 0.3605598546875 0.474370525 0.3605598546875 0.4454662296875 0.346213971875 0.4454662296875
2 0.37394934687500003 0.44886673125 0.37394934687500003 0.469269765625 0.39403358437499997 0.469269765625 0.39403358437499997 0.44886673125 0.37394934687500003 0.44886673125
2 0.430376484375 0.442065721875 0.430376484375 0.45566774531250004 0.44472236875000004 0.45566774531250004 0.44472236875000004 0.442065721875 0.430376484375 0.442065721875
2 0.44280958437500006 0.43526471093749997 0.44280958437500006 0.4573680015625 0.45811185937500004 0.4573680015625 0.45811185937500004 0.43526471093749997 0.44280958437500006 0.43526471093749997
4 0.7746776718749999 0.3689548546875 0.7746776718749999 0.535579625 0.8282356343749999 0.535579625 0.8282356343749999 0.3689548546875 0.7746776718749999 0.3689548546875
4 0.8550146171874999 0.38085662343750004 0.8550146171874999 0.4658692609375 0.877968028125 0.4658692609375 0.877968028125 0.38085662343750004 0.8550146171874999 0.38085662343750004
4 0.8339739890625 0.396158896875 0.8339739890625 0.4692697640625 0.8492762656249999 0.4692697640625 0.8492762656249999 0.396158896875 0.8339739890625 0.396158896875