4 0.1442715609375 0.414185021875 0.1442715609375 0.554557353125 0.181314259375 0.554557353125 0.181314259375 0.414185021875 0.1442715609375 0.414185021875
4 0.071160971875 0.42458297187499994 0.071160971875 0.564955303125 0.0994304 0.564955303125 0.0994304 0.42458297187499994 0.071160971875 0.42458297187499994
4 0.4766810375 0.414185021875 0.4766810375 0.521630509375 0.4971520015625 0.521630509375 0.4971520015625 0.414185021875 0.4766810375 0.414185021875
4 0.1004052078125 0.4297819484375 0.1004052078125 0.5372274328125 0.11892655625 0.5372274328125 0.11892655625 0.4297819484375 0.1004052078125 0.4297819484375
4 0.1130777109375 0.4297819484375 0.1130777109375 0.5406934171875 0.133548675 0.5406934171875 0.133548675 0.4297819484375 0.1130777109375 0.4297819484375
4 0.2281050359375 0.43844690625 0.2281050359375 0.537227434375 0.2407775375 0.537227434375 0.2407775375 0.43844690625 0.2281050359375 0.43844690625
4 0.2359034984375 0.44017989843749994 0.2359034984375 0.537227434375 0.25539965625 0.537227434375 0.25539965625 0.44017989843749994 0.2359034984375 0.44017989843749994
4 0.2719713890625 0.43844690625 0.2719713890625 0.52509649375 0.28659350781250004 0.52509649375 0.28659350781250004 0.43844690625 0.2719713890625 0.43844690625
4 0.284643890625 0.44017989843749994 0.284643890625 0.511232559375 0.2934171609375 0.511232559375 0.2934171609375 0.44017989843749994 0.284643890625 0.44017989843749994
4 0.262223309375 0.44537887343750004 0.262223309375 0.5233635015625 0.2748958125 0.5233635015625 0.2748958125 0.44537887343750004 0.262223309375 0.44537887343750004
4 0.30121562343749997 0.43844690625 0.30121562343749997 0.521630509375 0.3138881265625 0.521630509375 0.3138881265625 0.43844690625 0.30121562343749997 0.43844690625
4 0.31291331875 0.43324793125000005 0.31291331875 0.51469854375 0.3255858203125 0.51469854375 0.3255858203125 0.43324793125000005 0.31291331875 0.43324793125000005
4 0.3236362046875 0.43324793125000005 0.3236362046875 0.5077665765625 0.33435909218750004 0.5077665765625 0.33435909218750004 0.43324793125000005 0.3236362046875 0.43324793125000005
4 0.3372835140625 0.44017989843749994 0.3372835140625 0.4887036671875 0.3480064015625 0.4887036671875 0.3480064015625 0.44017989843749994 0.3372835140625 0.44017989843749994
4 0.3450819765625 0.43671391562500006 0.3450819765625 0.46790776718749993 0.3597040953125 0.46790776718749993 0.3597040953125 0.43671391562500006 0.3450819765625 0.43671391562500006
4 0.6765166453125 0.41245203124999996 0.6765166453125 0.47483973281249997 0.69211356875 0.47483973281249997 0.69211356875 0.41245203124999996 0.6765166453125 0.41245203124999996
4 0.7428035796875 0.419383996875 0.7428035796875 0.4887036671875 0.76035011875 0.4887036671875 0.76035011875 0.419383996875 0.7428035796875 0.419383996875
4 0.6882143390625 0.43324793125000005 0.6882143390625 0.49563563281249995 0.703811265625 0.49563563281249995 0.703811265625 0.43324793125000005 0.6882143390625 0.43324793125000005
4 0.7720478140625 0.39685510625 0.7720478140625 0.4887036671875 0.7934935859375 0.4887036671875 0.7934935859375 0.39685510625 0.7720478140625 0.39685510625
4 0.80129205 0.398588096875 0.80129205 0.4887036671875 0.8207882062499999 0.4887036671875 0.8207882062499999 0.398588096875 0.80129205 0.398588096875
4 0.555640471875 0.43151494062499995 0.555640471875 0.4887036671875 0.5673381671875 0.4887036671875 0.5673381671875 0.43151494062499995 0.555640471875 0.43151494062499995
4 0.5322450828124999 0.44017989843749994 0.5322450828124999 0.46790776718749993 0.5390687390625 0.46790776718749993 0.5390687390625 0.44017989843749994 0.5322450828124999 0.44017989843749994
4 0.524446621875 0.44017989843749994 0.524446621875 0.47137375 0.5302954671875 0.47137375 0.5302954671875 0.44017989843749994 0.524446621875 0.44017989843749994
4 0.5166481593750001 0.44017989843749994 0.5166481593750001 0.46790776718749993 0.524446621875 0.46790776718749993 0.524446621875 0.44017989843749994 0.5166481593750001 0.44017989843749994
4 0.5088496953125 0.44017989843749994 0.5088496953125 0.466174771875 0.5176229671875 0.466174771875 0.5176229671875 0.44017989843749994 0.5088496953125 0.44017989843749994
4 0 0.5944161640625001 0.0253450046875 0.5944161640625001 0.0253450046875 0.42111698906250006 0 0.42111698906250006 0 0.5944161640625001
0 0.3967467921875 0.46444178125 0.3967467921875 0.5164315359375 0.42306660625000003 0.5164315359375 0.42306660625000003 0.46444178125 0.3967467921875 0.46444178125
0 0.425991028125 0.4557768234375 0.425991028125 0.5181645265625 0.4532856484375 0.5181645265625 0.4532856484375 0.4557768234375 0.425991028125 0.4557768234375
5 0.4328146828125 0.419383996875 0.4328146828125 0.497368625 0.45231084062500004 0.497368625 0.45231084062500004 0.419383996875 0.4328146828125 0.419383996875
5 0.3957719859375 0.42111698906250006 0.3957719859375 0.5060335828125 0.42014218124999997 0.5060335828125 0.42014218124999997 0.42111698906250006 0.3957719859375 0.42111698906250006
0 0.872453021875 0.426315965625 0.872453021875 0.49563563125 0.9514124578125 0.49563563125 0.9514124578125 0.426315965625 0.872453021875 0.426315965625
0 0.880251484375 0.43844690625 0.880251484375 0.4939026421875 0.9445888015625 0.4939026421875 0.9445888015625 0.43844690625 0.880251484375 0.43844690625
2 0.45815968749999997 0.42458297187499994 0.45815968749999997 0.5025676 0.5166481593750001 0.5025676 0.5166481593750001 0.42458297187499994 0.45815968749999997 0.42458297187499994
2 0.3441071703125 0.44017989843749994 0.3441071703125 0.5233635015625 0.41429333437500004 0.5233635015625 0.41429333437500004 0.44017989843749994 0.3441071703125 0.44017989843749994
2 0.5644137437500001 0.43324793125000005 0.5644137437500001 0.46964075781250003 0.5829350921875001 0.46964075781250003 0.5829350921875001 0.43324793125000005 0.5644137437500001 0.43324793125000005
2 0.579035859375 0.43671391562500006 0.579035859375 0.47483973281249997 0.5965824015625001 0.47483973281249997 0.5965824015625001 0.43671391562500006 0.579035859375 0.43671391562500006
2 0.5946327859375 0.42804895624999995 0.5946327859375 0.4817717 0.6112045187499999 0.4817717 0.6112045187499999 0.42804895624999995 0.5946327859375 0.42804895624999995
2 0.6024312484375 0.419383996875 0.6024312484375 0.4887036671875 0.6336250999999999 0.4887036671875 0.6336250999999999 0.419383996875 0.6024312484375 0.419383996875
2 0.61900298125 0.42111698906250006 0.61900298125 0.50949956875 0.6784662609375001 0.50949956875 0.6784662609375001 0.42111698906250006 0.61900298125 0.42111698906250006
2 0.9553116890625001 0.39165613125 0.9553116890625001 0.499101615625 0.9982032343749999 0.499101615625 0.9982032343749999 0.39165613125 0.9553116890625001 0.39165613125