2 0.2495508078125 0.426315965625 0.2495508078125 0.45924280624999997 0.28659350625 0.45924280624999997 0.28659350625 0.426315965625 0.2495508078125 0.426315965625
2 0.2846438890625 0.42284998125 0.2846438890625 0.4592428078125 0.3090140890625 0.4592428078125 0.3090140890625 0.42284998125 0.2846438890625 0.42284998125
2 0.3216865890625 0.41245203124999996 0.3216865890625 0.4471118640625 0.34703159375000003 0.4471118640625 0.34703159375000003 0.41245203124999996 0.3216865890625 0.41245203124999996
2 0.3363087078125 0.41765100625 0.3363087078125 0.45231084218750006 0.37042698125 0.45231084218750006 0.37042698125 0.41765100625 0.3363087078125 0.41765100625
2 0.368477365625 0.4193839953125 0.368477365625 0.44017989999999996 0.3918727546875 0.44017989999999996 0.3918727546875 0.4193839953125 0.368477365625 0.4193839953125
2 0.6628693359375 0.35006433124999997 0.6628693359375 0.3691272390625 0.673592221875 0.3691272390625 0.673592221875 0.35006433124999997 0.6628693359375 0.35006433124999997
2 0.7379295390625 0.33620039375 0.7379295390625 0.36739424375 0.75255165625 0.36739424375 0.75255165625 0.33620039375 0.7379295390625 0.33620039375
2 0.7476776171874999 0.3431323578125 0.7476776171874999 0.3829911703125 0.7798462765624999 0.3829911703125 0.7798462765624999 0.3431323578125 0.7476776171874999 0.3431323578125
2 0.898772834375 0.3310014171875 0.898772834375 0.350064328125 0.9153445687499999 0.350064328125 0.9153445687499999 0.3310014171875 0.898772834375 0.3310014171875
2 0.50884969375 0.3656612546875 0.50884969375 0.39165613125 0.529320659375 0.39165613125 0.529320659375 0.3656612546875 0.50884969375 0.3656612546875
2 0.4610841109375 0.3656612546875 0.4610841109375 0.39338912187499997 0.51177411875 0.39338912187499997 0.51177411875 0.3656612546875 0.4610841109375 0.3656612546875
2 0.44256276093749997 0.37259322031250003 0.44256276093749997 0.38645715625 0.46498334375 0.38645715625 0.46498334375 0.37259322031250003 0.44256276093749997 0.37259322031250003
2 0.4347642984375 0.3847241640625 0.4347642984375 0.398588096875 0.46888257343750006 0.398588096875 0.46888257343750006 0.3847241640625 0.4347642984375 0.3847241640625
2 0.40259563906249995 0.37779219531249997 0.40259563906249995 0.391656134375 0.4318398765625 0.391656134375 0.4318398765625 0.37779219531249997 0.40259563906249995 0.37779219531249997
2 0.376275828125 0.379525190625 0.376275828125 0.3985881 0.39967121875 0.3985881 0.39967121875 0.379525190625 0.376275828125 0.379525190625
2 0.2924423546875 0.38819014375 0.2924423546875 0.40378706875 0.3216865890625 0.40378706875 0.3216865890625 0.38819014375 0.2924423546875 0.38819014375
2 0.31388812499999996 0.379525190625 0.31388812499999996 0.3985881 0.3333842828125 0.3985881 0.3333842828125 0.379525190625 0.31388812499999996 0.379525190625
2 0.2251806125 0.434980921875 0.2251806125 0.46097579843750003 0.2515004234375 0.46097579843750003 0.2515004234375 0.434980921875 0.2251806125 0.434980921875
2 0.27392100468749997 0.3847241640625 0.27392100468749997 0.4055200671875 0.291467546875 0.4055200671875 0.291467546875 0.3847241640625 0.27392100468749997 0.3847241640625
2 0.26319811875 0.38819014375 0.26319811875 0.40552006250000006 0.2778202359375 0.40552006250000006 0.2778202359375 0.38819014375 0.26319811875 0.38819014375
2 0.24467676875 0.3847241640625 0.24467676875 0.4055200671875 0.2602736921875 0.4055200671875 0.2602736921875 0.3847241640625 0.24467676875 0.3847241640625
2 0.195936378125 0.39165613125 0.195936378125 0.41938399375 0.24467676875 0.41938399375 0.24467676875 0.39165613125 0.195936378125 0.39165613125
2 0.17254098906249998 0.39338912187499997 0.17254098906249998 0.42458297343750007 0.199835609375 0.42458297343750007 0.199835609375 0.39338912187499997 0.17254098906249998 0.39338912187499997
2 0.12282579062500001 0.398588096875 0.12282579062500001 0.42804895781249996 0.1735157984375 0.42804895781249996 0.1735157984375 0.398588096875 0.12282579062500001 0.398588096875
2 0.0955311671875 0.400321090625 0.0955311671875 0.434980921875 0.13744790625 0.434980921875 0.13744790625 0.400321090625 0.0955311671875 0.400321090625
2 0.0721357796875 0.4055200640625 0.0721357796875 0.43324793125000005 0.11112809531250001 0.43324793125000005 0.11112809531250001 0.4055200640625 0.0721357796875 0.4055200640625
2 0.048740390625000005 0.4055200640625 0.048740390625000005 0.43324793125000005 0.07993424375 0.43324793125000005 0.07993424375 0.4055200640625 0.048740390625000005 0.4055200640625
2 0.5907335546875 0.36219526874999997 0.5907335546875 0.3847241609375 0.62192740625 0.3847241609375 0.62192740625 0.36219526874999997 0.5907335546875 0.36219526874999997
2 0 0.48047257343750005 0.056370153125 0.48047257343750005 0.056370153125 0.39165613125 0 0.39165613125 0 0.48047257343750005