2 0.3928475609375 0.57708624375 0.3928475609375 0.65853685625 0.46205891875000005 0.65853685625 0.46205891875000005 0.57708624375 0.3928475609375 0.57708624375
2 0.5634389343749999 0.585751203125 0.5634389343749999 0.644672921875 0.6024312468749999 0.644672921875 0.6024312468749999 0.585751203125 0.5634389343749999 0.585751203125
2 0.380175059375 0.5944161625 0.380175059375 0.6308089890625 0.402595640625 0.6308089890625 0.402595640625 0.5944161625 0.380175059375 0.5944161625
2 0.46595814999999996 0.6186780453125 0.46595814999999996 0.6308089906250001 0.4796054609375 0.6308089906250001 0.4796054609375 0.6186780453125 0.46595814999999996 0.6186780453125
2 0.481555075 0.6117460796875 0.481555075 0.6273430046875 0.4893535375 0.6273430046875 0.4893535375 0.6117460796875 0.481555075 0.6117460796875
2 0.48350469062499996 0.5996151375000001 0.48350469062499996 0.6134790703124999 0.49227796250000005 0.6134790703124999 0.49227796250000005 0.5996151375000001 0.48350469062499996 0.5996151375000001
2 0.4893535375 0.5978821453125 0.4893535375 0.6082800953125 0.498126809375 0.6082800953125 0.498126809375 0.5978821453125 0.4893535375 0.5978821453125
2 0.521522196875 0.6152120625 0.521522196875 0.634274971875 0.5371191234375 0.634274971875 0.5371191234375 0.6152120625 0.521522196875 0.6152120625
2 0.5195725828125 0.6030811203125 0.5195725828125 0.6186780453125 0.529320659375 0.6186780453125 0.529320659375 0.6030811203125 0.5195725828125 0.6030811203125
2 0.5156733499999999 0.5961491546875 0.5156733499999999 0.6048141125 0.5254214296875 0.6048141125 0.5254214296875 0.5961491546875 0.5156733499999999 0.5961491546875
2 0.61412894375 0.6082800953125 0.61412894375 0.639473946875 0.6384991390625 0.639473946875 0.6384991390625 0.6082800953125 0.61412894375 0.6082800953125
2 0.6414235625 0.5944161625 0.6414235625 0.6377409562499999 0.68723953125 0.6377409562499999 0.68723953125 0.5944161625 0.6414235625 0.5944161625