2 0.0007796453125 0.32710459531249997 0.0007796453125 0.48234067812500003 0.0880999421875 0.48234067812500003 0.0880999421875 0.32710459531249997 0.0007796453125 0.32710459531249997
2 0.0842017125 0.3215604515625 0.0842017125 0.44768976406250005 0.1216246953125 0.44768976406250005 0.1216246953125 0.3215604515625 0.0842017125 0.3215604515625
2 0.2845706046875 0.36314154374999996 0.2845706046875 0.3894762375 0.3048413875 0.3894762375 0.3048413875 0.36314154374999996 0.2845706046875 0.36314154374999996
2 0.5566668796875 0.352053253125 0.5566668796875 0.388090196875 0.5855137625 0.388090196875 0.5855137625 0.352053253125 0.5566668796875 0.352053253125
2 0.5972084453125001 0.352053253125 0.5972084453125001 0.383932090625 0.6198181640625 0.383932090625 0.6198181640625 0.352053253125 0.5972084453125001 0.352053253125
2 0.756256125 0.352053253125 0.756256125 0.4116528171875 0.8272038625 0.4116528171875 0.8272038625 0.352053253125 0.756256125 0.352053253125
2 0.6377500109375001 0.34789514375 0.6377500109375001 0.3922483078125 0.6767322859375 0.3922483078125 0.6767322859375 0.34789514375 0.6377500109375001 0.34789514375
2 0.41477139999999996 0.35066721562500003 0.41477139999999996 0.3839320921875 0.42100856249999996 0.3839320921875 0.42100856249999996 0.35066721562500003 0.41477139999999996 0.35066721562500003
2 0.3664333796875 0.34512306875 0.3664333796875 0.3880901984375 0.388263453125 0.3880901984375 0.388263453125 0.34512306875 0.3664333796875 0.34512306875
2 0.3890430984375 0.3492811796875 0.3890430984375 0.3922483078125 0.416330690625 0.3922483078125 0.416330690625 0.3492811796875 0.3890430984375 0.3492811796875
2 0.09745568593750001 0.3077000859375 0.09745568593750001 0.5253078062500001 0.2962652859375 0.5253078062500001 0.2962652859375 0.3077000859375 0.09745568593750001 0.3077000859375
2 0.33758649687500003 0.358983434375 0.33758649687500003 0.37284379843750004 0.3492811796875 0.37284379843750004 0.3492811796875 0.358983434375 0.33758649687500003 0.358983434375
2 0.5028713406249999 0.35066721562500003 0.5028713406249999 0.3714577640625 0.52392176875 0.3714577640625 0.52392176875 0.35066721562500003 0.5028713406249999 0.35066721562500003