2 0 0.5608005687500001 0.0166328359375 0.5608005687500001 0.0166328359375 0.4649546546875 0 0.4649546546875 0 0.5608005687500001
2 0.013191559375 0.44864045625 0.013191559375 0.5485649234375 0.11642984687499999 0.5485649234375 0.11642984687499999 0.44864045625 0.013191559375 0.44864045625
2 0.10381183125 0.45067973125 0.10381183125 0.5404078203125 0.16460771093749998 0.5404078203125 0.16460771093749998 0.45067973125 0.10381183125 0.45067973125
2 0.5337801734375 0.4615558703125 0.5337801734375 0.4860271671875 0.5578691078125 0.4860271671875 0.5578691078125 0.4615558703125 0.5337801734375 0.4615558703125
2 0.517720884375 0.45951659375 0.517720884375 0.4901057171875 0.5314859875 0.4901057171875 0.5314859875 0.45951659375 0.517720884375 0.45951659375
2 0.495926134375 0.4615558703125 0.495926134375 0.4901057171875 0.517720884375 0.4901057171875 0.517720884375 0.4615558703125 0.495926134375 0.4615558703125
2 0.47298429375 0.4574773203125 0.47298429375 0.4941842671875 0.49822031874999995 0.4941842671875 0.49822031874999995 0.4574773203125 0.47298429375 0.4574773203125
2 0.4293947953125 0.4615558703125 0.4293947953125 0.49826281562499997 0.46380755625000003 0.49826281562499997 0.46380755625000003 0.4615558703125 0.4293947953125 0.4615558703125
2 0.572781303125 0.45951659375 0.572781303125 0.4819486171875 0.5945760531250001 0.4819486171875 0.5945760531250001 0.45951659375 0.572781303125 0.45951659375
2 0.5934289625 0.4574773203125 0.5934289625 0.47787006718749997 0.6060469765625001 0.47787006718749997 0.6060469765625001 0.4574773203125 0.5934289625 0.4574773203125
2 0.624400446875 0.46563441875 0.624400446875 0.4819486171875 0.6416068265625 0.4819486171875 0.6416068265625 0.46563441875 0.624400446875 0.46563441875
2 0.649636471875 0.46087610625000003 0.649636471875 0.481268853125 0.6656957609374999 0.481268853125 0.6656957609374999 0.46087610625000003 0.649636471875 0.46087610625000003