2 0.5949694046875 0.2899796640625 0.5949694046875 0.30697607968749996 0.6086272390625 0.30697607968749996 0.6086272390625 0.2899796640625 0.5949694046875 0.2899796640625
2 0.6099930234375 0.2802674265625 0.6099930234375 0.2996919046875 0.627748209375 0.2996919046875 0.627748209375 0.2802674265625 0.6099930234375 0.2802674265625
2 0.6168219390624999 0.2826954875 0.6168219390624999 0.30697608125000003 0.635942909375 0.30697608125000003 0.635942909375 0.2826954875 0.6168219390624999 0.2826954875
2 0.5813115703125 0.3045480203125 0.5813115703125 0.343396975 0.6058956734375001 0.343396975 0.6058956734375001 0.3045480203125 0.5813115703125 0.3045480203125
2 0.5662879515625 0.30697607968749996 0.5662879515625 0.343396975 0.58677470625 0.343396975 0.58677470625 0.30697607968749996 0.5662879515625 0.30697607968749996
2 0.5526301171875 0.31426026406249996 0.5526301171875 0.3482530953125 0.5731168703125 0.3482530953125 0.5731168703125 0.31426026406249996 0.5526301171875 0.31426026406249996
2 0.5239486640625 0.31668831875 0.5239486640625 0.36767756875 0.5676537359375 0.36767756875 0.5676537359375 0.31668831875 0.5239486640625 0.31668831875
2 0.5075592624999999 0.3288286171875 0.5075592624999999 0.36524950624999997 0.5266802312500001 0.36524950624999997 0.5266802312500001 0.3288286171875 0.5075592624999999 0.3288286171875
2 0.47751202499999995 0.33854085624999997 0.47751202499999995 0.3749617515625 0.5130223968750001 0.3749617515625 0.5130223968750001 0.33854085624999997 0.47751202499999995 0.33854085624999997
2 0.40102815312500006 0.3531092125 0.40102815312500006 0.40167040312499996 0.4556594921875 0.40167040312499996 0.4556594921875 0.3531092125 0.40102815312500006 0.3531092125
2 0.339567896875 0.37496175 0.339567896875 0.45994383125000005 0.4693173265625 0.45994383125000005 0.4693173265625 0.37496175 0.339567896875 0.37496175
2 0.448830575 0.32327878125 0.448830575 0.746374578125 0.796655446875 0.746374578125 0.796655446875 0.32327878125 0.448830575 0.32327878125
2 0.00085359375 0.35796533125 0.00085359375 0.8897103640624999 0.41605177031249996 0.8897103640624999 0.41605177031249996 0.35796533125 0.00085359375 0.35796533125
2 0.9350494890625001 0.24627459375 0.9350494890625001 0.5037008765625 0.9996907437500001 0.5037008765625 0.9996907437500001 0.24627459375 0.9350494890625001 0.24627459375
2 0.43244117343750005 0.24384653437499998 0.43244117343750005 0.26084295 0.4583910578125 0.26084295 0.4583910578125 0.24384653437499998 0.43244117343750005 0.24384653437499998
4 0.7452055875 0.25598683125 0.7452055875 0.32640055625 0.7629607734375 0.32640055625 0.7629607734375 0.25598683125 0.7452055875 0.25598683125
4 0.8940759875 0.20985369999999998 0.8940759875 0.3361127953125 0.9282205734375 0.3361127953125 0.9282205734375 0.20985369999999998 0.8940759875 0.20985369999999998