2 0.43430212343749997 0.1237350890625 0.43430212343749997 0.16128475625 0.451400634375 0.16128475625 0.451400634375 0.1237350890625 0.43430212343749997 0.1237350890625
2 0.3990993109375 0.11837085 0.3990993109375 0.1863178671875 0.4393310953125 0.1863178671875 0.4393310953125 0.11837085 0.3990993109375 0.11837085
2 0.38501818593750003 0.11658277187499999 0.38501818593750003 0.1451920390625 0.40513407968750004 0.1451920390625 0.40513407968750004 0.11658277187499999 0.38501818593750003 0.11658277187499999
6 0.383006596875 0.08976158125 0.383006596875 0.1326754875 0.402116696875 0.1326754875 0.402116696875 0.08976158125 0.383006596875 0.08976158125
2 0.339757425 0.136251646875 0.339757425 0.16128475625 0.3548443453125 0.16128475625 0.3548443453125 0.136251646875 0.339757425 0.136251646875
2 0.28443871875000004 0.13088740625 0.28443871875000004 0.21313906093749999 0.3447864 0.21313906093749999 0.3447864 0.13088740625 0.28443871875000004 0.13088740625
2 0.16072597500000002 0.132675484375 0.16072597500000002 0.1845297890625 0.2069925296875 0.1845297890625 0.2069925296875 0.132675484375 0.16072597500000002 0.132675484375
2 0.5137599015625 0.121947009375 0.5137599015625 0.1630728359375 0.5358873843749999 0.1630728359375 0.5358873843749999 0.121947009375 0.5137599015625 0.121947009375
2 0.49163241874999997 0.121947009375 0.49163241874999997 0.1738013140625 0.5318642062500001 0.1738013140625 0.5318642062500001 0.121947009375 0.49163241874999997 0.121947009375
2 0.5449395359375 0.105854296875 0.5449395359375 0.13982780625 0.5720959921875 0.13982780625 0.5720959921875 0.105854296875 0.5449395359375 0.105854296875
4 0.5509743046875 0.11658277187499999 0.5509743046875 0.157708596875 0.557009071875 0.157708596875 0.557009071875 0.11658277187499999 0.5509743046875 0.11658277187499999
4 0.6334494671875001 0.105854296875 0.6334494671875001 0.154132440625 0.6445132078125 0.154132440625 0.6445132078125 0.105854296875 0.6334494671875001 0.105854296875
4 0.6435074140625 0.098701978125 0.6435074140625 0.18631786875 0.66362330625 0.18631786875 0.66362330625 0.098701978125 0.6435074140625 0.098701978125
4 0.665634896875 0.102278134375 0.665634896875 0.1863178671875 0.6837392015625 0.1863178671875 0.6837392015625 0.102278134375 0.665634896875 0.102278134375
4 0.7048608890625 0.08976158125 0.7048608890625 0.19704634375000002 0.7320173453125001 0.19704634375000002 0.7320173453125001 0.08976158125 0.7048608890625 0.08976158125
2 0.43631371249999995 0.13446356718750002 0.43631371249999995 0.2649933640625 0.5358873843749999 0.2649933640625 0.5358873843749999 0.13446356718750002 0.43631371249999995 0.13446356718750002
2 0.33774583593749996 0.1398278046875 0.33774583593749996 0.23817217031250001 0.420221 0.23817217031250001 0.420221 0.1398278046875 0.33774583593749996 0.1398278046875
2 0.54393374375 0.08976158125 0.54393374375 0.2864503171875 0.6545711562500001 0.2864503171875 0.6545711562500001 0.08976158125 0.54393374375 0.08976158125
2 0.692791353125 0.12328116874999999 0.692791353125 0.41519203125 0.9994969890625001 0.41519203125 0.9994969890625001 0.12328116874999999 0.692791353125 0.12328116874999999
2 0.0001812703125 0.11479469375 0.0001812703125 0.3311523 0.205986734375 0.3311523 0.205986734375 0.11479469375 0.0001812703125 0.11479469375
3 0.295502459375 0.14876820156249998 0.295502459375 0.22923177031250003 0.32668209375 0.22923177031250003 0.32668209375 0.14876820156249998 0.295502459375 0.14876820156249998
5 0.29851984374999996 0.11300661249999999 0.29851984374999996 0.1988344265625 0.3256763 0.1988344265625 0.3256763 0.11300661249999999 0.29851984374999996 0.11300661249999999