2 0.47467064687500005 0.35778145625 0.47467064687500005 0.374422453125 0.4887114875 0.374422453125 0.4887114875 0.35778145625 0.47467064687500005 0.35778145625
2 0.4840312078125 0.35154108125 0.4840312078125 0.37858270312500003 0.5004121890625 0.37858270312500003 0.5004121890625 0.35154108125 0.4840312078125 0.35154108125
2 0.49456183906250006 0.35570133125000003 0.49456183906250006 0.382742953125 0.5121128921875 0.382742953125 0.5121128921875 0.35570133125000003 0.49456183906250006 0.35570133125000003
2 0.5050924703125 0.34946095625 0.5050924703125 0.3931435765625 0.536684365625 0.3931435765625 0.536684365625 0.34946095625 0.5050924703125 0.34946095625
2 0.5167931734375 0.34946095625 0.5167931734375 0.4139448234375 0.562425909375 0.4139448234375 0.562425909375 0.34946095625 0.5167931734375 0.34946095625
2 0.5331741546875 0.35778145625 0.5331741546875 0.426425571875 0.5659361203125 0.426425571875 0.5659361203125 0.35778145625 0.5331741546875 0.35778145625
2 0.4325481203125 0.35986158125 0.4325481203125 0.382742953125 0.45126924375 0.382742953125 0.45126924375 0.35986158125 0.4325481203125 0.35986158125
2 0.42084741875000004 0.35986158125 0.42084741875000004 0.3869032015625 0.43605833125000004 0.3869032015625 0.43605833125000004 0.35986158125 0.42084741875000004 0.35986158125
2 0.40680657656249997 0.36194170625 0.40680657656249997 0.3931435765625 0.42435763125000003 0.3931435765625 0.42435763125000003 0.36194170625 0.40680657656249997 0.36194170625
2 0.381065034375 0.34530070625 0.381065034375 0.39522370156250003 0.407976646875 0.39522370156250003 0.407976646875 0.34530070625 0.381065034375 0.34530070625
2 0.3705344015625 0.35778145625 0.3705344015625 0.40354419999999996 0.395105875 0.40354419999999996 0.395105875 0.35778145625 0.3705344015625 0.35778145625
2 0.35298335000000003 0.36194170625 0.35298335000000003 0.40354419999999996 0.3787248921875 0.40354419999999996 0.3787248921875 0.36194170625 0.35298335000000003 0.36194170625
2 0.30618054375 0.34530070625 0.30618054375 0.420185196875 0.35415342031249997 0.420185196875 0.35415342031249997 0.34530070625 0.30618054375 0.34530070625
2 0.285119278125 0.35986158125 0.285119278125 0.44098644374999996 0.31788124375 0.44098644374999996 0.31788124375 0.35986158125 0.285119278125 0.35986158125
2 0.19736401718750002 0.35778145625 0.19736401718750002 0.46178769375 0.28979956093750003 0.46178769375 0.28979956093750003 0.35778145625 0.19736401718750002 0.35778145625
2 0.547214996875 0.35778145625 0.547214996875 0.44306656875000006 0.6103987859375 0.44306656875000006 0.6103987859375 0.35778145625 0.547214996875 0.35778145625
2 0.9778008187499999 0.39522370156250003 0.9778008187499999 0.47842869062500004 0.9988620812500001 0.47842869062500004 0.9988620812500001 0.39522370156250003 0.9778008187499999 0.39522370156250003