2 0.42066130937499996 0.4758996640625 0.42066130937499996 0.4977522 0.4329533625 0.4977522 0.4329533625 0.4758996640625 0.42066130937499996 0.4758996640625
2 0.4288560125 0.4831838421875 0.4288560125 0.50260831875 0.43978228125 0.50260831875 0.43978228125 0.4831838421875 0.4288560125 0.4831838421875
2 0.4370507109375 0.4758996640625 0.4370507109375 0.505036375 0.452074328125 0.505036375 0.452074328125 0.4758996640625 0.4370507109375 0.4758996640625
2 0.4479769796875 0.48803995625 0.4479769796875 0.5123205515625 0.4711952984375 0.5123205515625 0.4711952984375 0.48803995625 0.4479769796875 0.48803995625
2 0.4752926515625 0.47104354531250003 0.4752926515625 0.524460853125 0.5094372359375 0.524460853125 0.5094372359375 0.47104354531250003 0.4752926515625 0.47104354531250003
2 0.4889504859375 0.4807557828125 0.4889504859375 0.5293169703125 0.514900371875 0.5293169703125 0.514900371875 0.4807557828125 0.4889504859375 0.4807557828125
2 0.508071453125 0.4807557828125 0.508071453125 0.53417309375 0.539484471875 0.53417309375 0.539484471875 0.4807557828125 0.508071453125 0.4807557828125
2 0.5189977203125 0.4831838421875 0.5189977203125 0.5463133953125 0.5463133874999999 0.5463133953125 0.5463133874999999 0.4831838421875 0.5189977203125 0.4831838421875
2 0.5326555546875 0.44676294843750003 0.5326555546875 0.5657378609375 0.61323678125 0.5657378609375 0.61323678125 0.44676294843750003 0.5326555546875 0.44676294843750003
2 0.5872868921875 0.444334890625 0.5872868921875 0.5875904046875 0.71020740625 0.5875904046875 0.71020740625 0.444334890625 0.5872868921875 0.444334890625
2 0.6651365499999999 0.44919101093749997 0.6651365499999999 0.638579659375 0.8713698546875 0.638579659375 0.8713698546875 0.44919101093749997 0.6651365499999999 0.44919101093749997
2 0.3365290515625 0.48561190156249995 0.3365290515625 0.505036378125 0.34472375 0.505036378125 0.34472375 0.48561190156249995 0.3365290515625 0.48561190156249995
2 0.32423699687499996 0.4904680234375 0.32423699687499996 0.5098925000000001 0.3365290515625 0.5098925000000001 0.3365290515625 0.4904680234375 0.32423699687499996 0.4904680234375
2 0.302384465625 0.4904680234375 0.302384465625 0.5196047359375 0.32560278125000003 0.5196047359375 0.32560278125000003 0.4904680234375 0.302384465625 0.4904680234375
2 0.2846292765625 0.48561190156249995 0.2846292765625 0.5171766875 0.305116028125 0.5171766875 0.305116028125 0.48561190156249995 0.2846292765625 0.48561190156249995
2 0.20350173749999997 0.502608321875 0.20350173749999997 0.543885334375 0.24037789375 0.543885334375 0.24037789375 0.502608321875 0.20350173749999997 0.502608321875
2 0.1857465515625 0.50018025625 0.1857465515625 0.5535975671875 0.2089648703125 0.5535975671875 0.2089648703125 0.50018025625 0.1857465515625 0.50018025625
2 0.1420414796875 0.50018025625 0.1420414796875 0.56088174375 0.1953070375 0.56088174375 0.1953070375 0.50018025625 0.1420414796875 0.50018025625
2 0.11745737812499998 0.50018025625 0.11745737812499998 0.5730220421875 0.1570651 0.5730220421875 0.1570651 0.50018025625 0.11745737812499998 0.50018025625
2 0.27042512812499997 0.4928960796875 0.27042512812499997 0.5268889140625 0.293643446875 0.5268889140625 0.293643446875 0.4928960796875 0.27042512812499997 0.4928960796875
2 0.346909003125 0.48803995625 0.346909003125 0.5147486125 0.363298403125 0.5147486125 0.363298403125 0.48803995625 0.346909003125 0.48803995625
2 0.38788250625 0.4831838421875 0.38788250625 0.5050363812499999 0.40427190625 0.5050363812499999 0.40427190625 0.4831838421875 0.38788250625 0.4831838421875
2 0.8323084421875 0.40694276875 0.8323084421875 0.7284912203125 0.9989340265625 0.7284912203125 0.9989340265625 0.40694276875 0.8323084421875 0.40694276875
2 0 0.75172724375 0.13111521406249999 0.75172724375 0.13111521406249999 0.43607950312500005 0 0.43607950312500005 0 0.75172724375