2 0.01845701875 0.4551559453125 0.01845701875 0.5207809015625 0.1146971859375 0.5207809015625 0.1146971859375 0.4551559453125 0.01845701875 0.4551559453125
2 0.10019524375 0.4668746890625 0.10019524375 0.5278121453125 0.162158090625 0.5278121453125 0.162158090625 0.4668746890625 0.10019524375 0.4668746890625
2 0.16347645 0.45468719062499996 0.16347645 0.548437125 0.23994124218750001 0.548437125 0.23994124218750001 0.45468719062499996 0.16347645 0.45468719062499996
2 0.23730452343750003 0.48984341562499994 0.23730452343750003 0.5249996390625 0.2597166171875 0.5249996390625 0.2597166171875 0.48984341562499994 0.23730452343750003 0.48984341562499994
2 0.253124825 0.4968746609375 0.253124825 0.5249996390625 0.2702634859375 0.5249996390625 0.2702634859375 0.4968746609375 0.253124825 0.4968746609375
2 0.26762676875 0.4968746609375 0.26762676875 0.52031214375 0.283447071875 0.52031214375 0.283447071875 0.4968746609375 0.26762676875 0.4968746609375
2 0.283447071875 0.50156215625 0.283447071875 0.5296871328125 0.30058572968749997 0.5296871328125 0.30058572968749997 0.50156215625 0.283447071875 0.50156215625
2 0.29794901406249996 0.4968746609375 0.29794901406249996 0.52031214375 0.3084958828125 0.52031214375 0.3084958828125 0.4968746609375 0.29794901406249996 0.4968746609375
2 0.303222446875 0.4921871609375 0.303222446875 0.513280896875 0.315087675 0.513280896875 0.315087675 0.4921871609375 0.303222446875 0.4921871609375
2 0.309814240625 0.48515591718750006 0.309814240625 0.5062496515625 0.3203611078125 0.5062496515625 0.3203611078125 0.48515591718750006 0.309814240625 0.48515591718750006
2 0.4141458296875 0.494530909375 0.4141458296875 0.560155865625 0.4719723328125 0.560155865625 0.4719723328125 0.494530909375 0.4141458296875 0.494530909375
2 0.3968258984375 0.50156215625 0.3968258984375 0.5507808703125 0.4297848609375 0.5507808703125 0.4297848609375 0.50156215625 0.3968258984375 0.50156215625
4 0.37441380468749996 0.50156215625 0.37441380468749996 0.5390621265625 0.3915524640625 0.5390621265625 0.3915524640625 0.50156215625 0.37441380468749996 0.50156215625
4 0.37441380468749996 0.50156215625 0.37441380468749996 0.5343746312500001 0.388915746875 0.5343746312500001 0.388915746875 0.50156215625 0.37441380468749996 0.50156215625
2 0.3638669375 0.5039059046875 0.3638669375 0.5296871328125 0.37573216249999997 0.5296871328125 0.37573216249999997 0.5039059046875 0.3638669375 0.5039059046875
2 0.7461908921875 0.546093375 0.7461908921875 0.6070308328125 0.81606389375 0.6070308328125 0.81606389375 0.546093375 0.7461908921875 0.546093375
2 0.9431536406250001 0.575155875 0.9431536406250001 0.8024994671875 0.9985246968749999 0.8024994671875 0.9985246968749999 0.575155875 0.9431536406250001 0.575155875