2 0.4841014921875 0.53437493125 0.4841014921875 0.5531249296875 0.4955272703125 0.5531249296875 0.4955272703125 0.53437493125 0.4841014921875 0.53437493125
2 0.4700389921875 0.53906243125 0.4700389921875 0.55624993125 0.4841014921875 0.55624993125 0.4841014921875 0.53906243125 0.4700389921875 0.53906243125
2 0.45333977656249996 0.53593743125 0.45333977656249996 0.56093743125 0.46476555468749997 0.56093743125 0.46476555468749997 0.53593743125 0.45333977656249996 0.53593743125
2 0.437519465625 0.54062493125 0.437519465625 0.55468743125 0.44894524531249996 0.55468743125 0.44894524531249996 0.54062493125 0.437519465625 0.54062493125
2 0.41466790624999994 0.5453124328125 0.41466790624999994 0.57031243125 0.43839837187499997 0.57031243125 0.43839837187499997 0.5453124328125 0.41466790624999994 0.5453124328125
2 0.4085155625 0.5453124328125 0.4085155625 0.56874993125 0.41642571874999995 0.56874993125 0.41642571874999995 0.5453124328125 0.4085155625 0.5453124328125
2 0.386542909375 0.54062493125 0.386542909375 0.5656249296875 0.40236321875 0.5656249296875 0.40236321875 0.54062493125 0.386542909375 0.54062493125
2 0.376874940625 0.54062493125 0.376874940625 0.55937493125 0.385664003125 0.55937493125 0.385664003125 0.54062493125 0.376874940625 0.54062493125
2 0.36281244375 0.54999993125 0.36281244375 0.5687499296875 0.3768749421875 0.5687499296875 0.3768749421875 0.54999993125 0.36281244375 0.54999993125
2 0.33556635468749996 0.54687493125 0.33556635468749996 0.5671874296875 0.35578119375 0.5671874296875 0.35578119375 0.54687493125 0.33556635468749996 0.54687493125
2 0.32238276250000003 0.55468743125 0.32238276250000003 0.573437428125 0.34699213281249996 0.573437428125 0.34699213281249996 0.55468743125 0.32238276250000003 0.55468743125
2 0.3250194796875 0.53906243125 0.3250194796875 0.55624993125 0.34171869843749997 0.55624993125 0.34171869843749997 0.53906243125 0.3250194796875 0.53906243125
2 0.27316401875 0.54999993125 0.27316401875 0.5781249265625 0.2995312015625 0.5781249265625 0.2995312015625 0.54999993125 0.27316401875 0.54999993125
2 0.2503124578125 0.5515624296875 0.2503124578125 0.574999928125 0.274042925 0.574999928125 0.274042925 0.5515624296875 0.2503124578125 0.5515624296875
2 0.56320304375 0.5281249328125 0.56320304375 0.5499999343749999 0.5728710125 0.5499999343749999 0.5728710125 0.5281249328125 0.56320304375 0.5281249328125
2 0.5456249203125 0.523437434375 0.5456249203125 0.55468743125 0.56671866875 0.55468743125 0.56671866875 0.523437434375 0.5456249203125 0.523437434375
2 0.5139843 0.5281249328125 0.5139843 0.5968749250000001 0.5623241390625 0.5968749250000001 0.5623241390625 0.5281249328125 0.5139843 0.5281249328125
2 0.5930858515625 0.5281249328125 0.5930858515625 0.57031243125 0.6264842859375 0.57031243125 0.6264842859375 0.5281249328125 0.5930858515625 0.5281249328125
2 0.6757030281249999 0.5187499359375 0.6757030281249999 0.55312493125 0.6941600578125 0.55312493125 0.6941600578125 0.5187499359375 0.6757030281249999 0.5187499359375
2 0.688007715625 0.5265624343749999 0.688007715625 0.5546874296875 0.7055858390624999 0.5546874296875 0.7055858390624999 0.5265624343749999 0.688007715625 0.5265624343749999
2 0.7047069328125 0.523437434375 0.7047069328125 0.55312493125 0.7214061484375 0.55312493125 0.7214061484375 0.523437434375 0.7047069328125 0.523437434375
2 0.72052724375 0.5171874359374999 0.72052724375 0.5578124328125 0.7433788031249999 0.5578124328125 0.7433788031249999 0.5171874359374999 0.72052724375 0.5171874359374999
2 0.7424998953124999 0.521874934375 0.7424998953124999 0.55937493125 0.7653514546875 0.55937493125 0.7653514546875 0.521874934375 0.7424998953124999 0.521874934375
2 0.7627147359374999 0.5124999359375 0.7627147359374999 0.5640624296875 0.8110545765625 0.5640624296875 0.8110545765625 0.5124999359375 0.7627147359374999 0.5124999359375