6 0.600956875 0.29121505000000003 0.600956875 0.60958254375 0.7869263484375 0.60958254375 0.7869263484375 0.29121505000000003 0.600956875 0.29121505000000003
2 0.272927390625 0.34478650312500003 0.272927390625 0.5621335390625 0.424458071875 0.5621335390625 0.424458071875 0.34478650312500003 0.272927390625 0.34478650312500003
2 0.22385214062499997 0.4492348953125 0.22385214062499997 0.46607163749999997 0.24193250625 0.46607163749999997 0.24193250625 0.4492348953125 0.22385214062499997 0.4492348953125
2 0.243654446875 0.44617366875000003 0.243654446875 0.46913286562499995 0.270344509375 0.46913286562499995 0.270344509375 0.44617366875000003 0.243654446875 0.44617366875000003
2 0.41584839999999995 0.45688795937500004 0.41584839999999995 0.47525531406250004 0.4313458578125 0.47525531406250004 0.4313458578125 0.45688795937500004 0.41584839999999995 0.45688795937500004
2 0.4313458578125 0.4538267359375 0.4313458578125 0.4737247046875 0.4399555546875 0.4737247046875 0.4399555546875 0.4538267359375 0.4313458578125 0.4538267359375
2 0.46922852812500004 0.45535734687499996 0.46922852812500004 0.47678592656249996 0.48472598125 0.47678592656249996 0.48472598125 0.45535734687499996 0.46922852812500004 0.45535734687499996
2 0.4855869515625 0.45535734687499996 0.4855869515625 0.473724703125 0.4933356796875 0.473724703125 0.4933356796875 0.45535734687499996 0.4855869515625 0.45535734687499996
2 0.5148599265625 0.45688795937500004 0.5148599265625 0.47525531406250004 0.5277744734375001 0.47525531406250004 0.5277744734375001 0.45688795937500004 0.5148599265625 0.45688795937500004
2 0.4399555546875 0.43698999374999997 0.4399555546875 0.48596960625 0.4692285296875 0.48596960625 0.4692285296875 0.43698999374999997 0.4399555546875 0.43698999374999997
2 0.4907527703125 0.44311244531250005 0.4907527703125 0.48750021875 0.516581865625 0.48750021875 0.516581865625 0.44311244531250005 0.4907527703125 0.44311244531250005
2 0.5389670796875 0.44770428124999995 0.5389670796875 0.4997451203125 0.5759887781249999 0.4997451203125 0.5759887781249999 0.44770428124999995 0.5389670796875 0.44770428124999995