2 0.0001812703125 0.465708240625 0.0001812703125 0.6251024296875001 0.12786186093750002 0.6251024296875001 0.12786186093750002 0.465708240625 0.0001812703125 0.465708240625
2 0.25182549375 0.498973115625 0.25182549375 0.5363960984375 0.265079465625 0.5363960984375 0.265079465625 0.498973115625 0.25182549375 0.498973115625
2 0.2019281828125 0.48372671250000004 0.2019281828125 0.5585726796875 0.25416442968749997 0.5585726796875 0.25416442968749997 0.48372671250000004 0.2019281828125 0.48372671250000004
2 0.3017228046875 0.4962010390625 0.3017228046875 0.5405542046875 0.3297900421875 0.5405542046875 0.3297900421875 0.4962010390625 0.3017228046875 0.4962010390625
2 0.3032820953125 0.48372671250000004 0.3032820953125 0.4975870765625 0.32511216875 0.4975870765625 0.32511216875 0.48372671250000004 0.3032820953125 0.48372671250000004
2 0.3898227453125 0.4823406765625 0.3898227453125 0.5100614046875 0.39839884531249997 0.5100614046875 0.39839884531249997 0.4823406765625 0.3898227453125 0.4823406765625
2 0.39450061718749996 0.47818256718749996 0.39450061718749996 0.4906568953125 0.40697494531249995 0.4906568953125 0.40697494531249995 0.47818256718749996 0.39450061718749996 0.47818256718749996
2 0.401517428125 0.487884821875 0.401517428125 0.5100614046875 0.41399175625 0.5100614046875 0.41399175625 0.487884821875 0.401517428125 0.487884821875
2 0.41165281875000004 0.4892708578125 0.41165281875000004 0.505903296875 0.4210085640625 0.505903296875 0.4210085640625 0.4892708578125 0.41165281875000004 0.4892708578125
2 0.416330690625 0.479568603125 0.416330690625 0.5003591515625 0.42880501875 0.5003591515625 0.42880501875 0.479568603125 0.416330690625 0.479568603125
2 0.325891815625 0.4670942734375 0.325891815625 0.58767944375 0.3999581375 0.58767944375 0.3999581375 0.4670942734375 0.325891815625 0.4670942734375
4 0.0623716390625 0.451847875 0.0623716390625 0.4712523828125 0.07016809375000001 0.4712523828125 0.07016809375000001 0.451847875 0.0623716390625 0.451847875
2 0.2546244546875 0.49359341093750003 0.2546244546875 0.5639058625 0.3060404359375 0.5639058625 0.3060404359375 0.49359341093750003 0.2546244546875 0.49359341093750003