2 0.12185098125 0.6238770203125 0.12185098125 0.6793327578125 0.189112721875 0.6793327578125 0.189112721875 0.6238770203125 0.12185098125 0.6238770203125
2 0.3216865890625 0.5822852187499999 0.3216865890625 0.6065471046875001 0.35775447968749996 0.6065471046875001 0.35775447968749996 0.5822852187499999 0.3216865890625 0.5822852187499999
2 0.372376596875 0.5926831703125 0.372376596875 0.6117460796875 0.42014218124999997 0.6117460796875 0.42014218124999997 0.5926831703125 0.372376596875 0.5926831703125
2 0.9387399546875 0.564955303125 0.9387399546875 0.7122596 0.9991780421875 0.7122596 0.9991780421875 0.564955303125 0.9387399546875 0.564955303125
2 0.8539316734375 0.5718872687500001 0.8539316734375 0.703594640625 0.9884551546875 0.703594640625 0.9884551546875 0.5718872687500001 0.8539316734375 0.5718872687500001
2 0.7895943562500001 0.5926831703125 0.7895943562500001 0.68973070625 0.880251484375 0.68973070625 0.880251484375 0.5926831703125 0.7895943562500001 0.5926831703125
2 0.551741240625 0.5996151375000001 0.551741240625 0.6186780453125 0.5634389343749999 0.6186780453125 0.5634389343749999 0.5996151375000001 0.551741240625 0.5996151375000001
2 0.6784662609375001 0.6030811203125 0.6784662609375001 0.64813890625 0.712584534375 0.64813890625 0.712584534375 0.6030811203125 0.6784662609375001 0.6030811203125
2 0.6609197203125 0.6013481296875 0.6609197203125 0.634274971875 0.6804158765625 0.634274971875 0.6804158765625 0.6013481296875 0.6609197203125 0.6013481296875
2 0.654096065625 0.5926831703125 0.654096065625 0.6325419812499999 0.6813906843749999 0.6325419812499999 0.6813906843749999 0.5926831703125 0.654096065625 0.5926831703125
2 0.635574715625 0.6048141125 0.635574715625 0.6290759968749999 0.6589701031249999 0.6290759968749999 0.6589701031249999 0.6048141125 0.635574715625 0.6048141125
2 0.6258266359375 0.5996151375000001 0.6258266359375 0.627343003125 0.6414235625 0.627343003125 0.6414235625 0.5996151375000001 0.6258266359375 0.5996151375000001
2 0.617053365625 0.5961491546875 0.617053365625 0.627343003125 0.6326502921875 0.627343003125 0.6326502921875 0.5961491546875 0.617053365625 0.5961491546875
2 0.5946327859375 0.6030811203125 0.5946327859375 0.6221440296875 0.608280096875 0.6221440296875 0.608280096875 0.6030811203125 0.5946327859375 0.6030811203125
2 0.529320659375 0.5996151375000001 0.529320659375 0.6134790703124999 0.5419931625000001 0.6134790703124999 0.5419931625000001 0.5996151375000001 0.529320659375 0.5996151375000001
2 0.543942778125 0.5978821453125 0.543942778125 0.6117460796875 0.5488168171875001 0.6117460796875 0.5488168171875001 0.5978821453125 0.543942778125 0.5978821453125
2 0.58780913125 0.6048141125 0.58780913125 0.6204110375 0.597557209375 0.6204110375 0.597557209375 0.6048141125 0.58780913125 0.6048141125
2 0.4952023859375 0.5961491546875 0.4952023859375 0.6169450546874999 0.5205473890625 0.6169450546874999 0.5205473890625 0.5961491546875 0.4952023859375 0.5961491546875