4 0.48591609062499996 0.44314425625 0.48591609062499996 0.4581027125 0.49117492343749997 0.4581027125 0.49117492343749997 0.44314425625 0.48591609062499996 0.44314425625
2 0.47890432499999996 0.46620522812500004 0.47890432499999996 0.48490329687499995 0.491525521875 0.48490329687499995 0.491525521875 0.46620522812500004 0.47890432499999996 0.46620522812500004
2 0.4641795953125 0.4624656 0.4641795953125 0.481163671875 0.47785255937500004 0.481163671875 0.47785255937500004 0.4624656 0.4641795953125 0.4624656
2 0.44629956562500006 0.46059579375000004 0.44629956562500006 0.48303347656250006 0.4641795953125 0.48303347656250006 0.4641795953125 0.46059579375000004 0.44629956562500006 0.46059579375000004
2 0.43473013437499997 0.46433540625 0.43473013437499997 0.4849032828125 0.44735133125 0.4849032828125 0.44735133125 0.46433540625 0.43473013437499997 0.46433540625
2 0.42000540312499995 0.4624656 0.42000540312499995 0.49238251093749996 0.4357819 0.49238251093749996 0.4357819 0.4624656 0.42000540312499995 0.4624656
2 0.5146643828124999 0.4705681015625 0.5146643828124999 0.4873963640625 0.5293891140625 0.4873963640625 0.5293891140625 0.4705681015625 0.5146643828124999 0.4705681015625
2 0.526233815625 0.4705681015625 0.526233815625 0.4948755921875 0.539906778125 0.4948755921875 0.539906778125 0.4705681015625 0.526233815625 0.4705681015625
2 0.53499854375 0.466828484375 0.53499854375 0.504224625 0.553930340625 0.504224625 0.553930340625 0.466828484375 0.53499854375 0.466828484375
1 0.18686383906249998 0.43504176875 0.18686383906249998 0.491135978125 0.26469455625 0.491135978125 0.26469455625 0.43504176875 0.18686383906249998 0.43504176875
2 0.24436040937499998 0.444390803125 0.24436040937499998 0.5378811531250001 0.3200875921875 0.5378811531250001 0.3200875921875 0.444390803125 0.24436040937499998 0.444390803125
2 0.49327845468750003 0.464958678125 0.49327845468750003 0.48552655624999996 0.5048478859375 0.48552655624999996 0.5048478859375 0.464958678125 0.49327845468750003 0.464958678125
2 0.5048478859375 0.464958678125 0.5048478859375 0.48365675 0.5153655500000001 0.48365675 0.5153655500000001 0.464958678125 0.5048478859375 0.464958678125
2 0 0.48614981718749994 0.0522377296875 0.48614981718749994 0.0522377296875 0.411357534375 0 0.411357534375 0 0.48614981718749994
2 0.549022075 0.46651684375 0.549022075 0.51326201875 0.576368003125 0.51326201875 0.576368003125 0.46651684375 0.549022075 0.46651684375
4 0.7514871140625 0.4646470359375 0.7514871140625 0.6123617890624999 0.7756777421875001 0.6123617890624999 0.7756777421875001 0.4646470359375 0.7514871140625 0.4646470359375
4 0.1398849359375 0.45436309843749995 0.1398849359375 0.4880196234375 0.1525061328125 0.4880196234375 0.1525061328125 0.45436309843749995 0.1398849359375 0.45436309843749995