2 0.48300404375 0.398724671875 0.48300404375 0.4216838625 0.49419665156250003 0.4216838625 0.49419665156250003 0.398724671875 0.48300404375 0.398724671875
2 0.47697725625 0.398724671875 0.47697725625 0.43545938125 0.489891803125 0.43545938125 0.489891803125 0.398724671875 0.47697725625 0.398724671875
2 0.460618828125 0.3956634421875 0.460618828125 0.433928765625 0.48472598125 0.433928765625 0.48472598125 0.3956634421875 0.460618828125 0.3956634421875
2 0.4563139828125 0.400255284375 0.4563139828125 0.43698999374999997 0.4838650140625 0.43698999374999997 0.4838650140625 0.400255284375 0.4563139828125 0.400255284375
2 0.41757034062500004 0.400255284375 0.41757034062500004 0.4599491875 0.46750658593749994 0.4599491875 0.46750658593749994 0.400255284375 0.41757034062500004 0.400255284375
4 0.527774471875 0.3910716046875 0.527774471875 0.433928765625 0.5381061078125 0.433928765625 0.5381061078125 0.3910716046875 0.527774471875 0.3910716046875
2 0.53466223125 0.39693896875 0.53466223125 0.43520429375 0.5579084140624999 0.43520429375 0.5579084140624999 0.39693896875 0.53466223125 0.39693896875
2 0.5492987140625 0.38928590625 0.5492987140625 0.45051042499999994 0.5828765375 0.45051042499999994 0.5828765375 0.38928590625 0.5492987140625 0.38928590625
2 0.569961990625 0.40000019375000007 0.569961990625 0.4673471625 0.6052617515625001 0.4673471625 0.6052617515625001 0.40000019375000007 0.569961990625 0.40000019375000007
2 0.5800066546875 0.40306142031250003 0.5800066546875 0.4811226796875 0.647162296875 0.4811226796875 0.647162296875 0.40306142031250003 0.5800066546875 0.40306142031250003
2 0.3937501734375 0.402041003125 0.3937501734375 0.5015308468749999 0.43163284218750003 0.5015308468749999 0.43163284218750003 0.402041003125 0.3937501734375 0.402041003125
2 0.2689095546875 0.3591512640625 0.2689095546875 0.5654722046875 0.4146477796875 0.5654722046875 0.4146477796875 0.3591512640625 0.2689095546875 0.3591512640625