2 0.2621503859375 0.538249309375 0.2621503859375 0.5491893343750001 0.2830731890625 0.5491893343750001 0.2830731890625 0.538249309375 0.2621503859375 0.538249309375
2 0.308919 0.5448133265624999 0.308919 0.55794135625 0.31999577968750004 0.55794135625 0.31999577968750004 0.5448133265624999 0.308919 0.5448133265624999
2 0.326149540625 0.5448133265624999 0.326149540625 0.55794135625 0.338457071875 0.55794135625 0.338457071875 0.5448133265624999 0.326149540625 0.5448133265624999
2 0.2830731890625 0.5448133265624999 0.2830731890625 0.55794135625 0.305226740625 0.55794135625 0.305226740625 0.5448133265624999 0.2830731890625 0.5448133265624999
2 0.34214933125 0.5448133265624999 0.34214933125 0.5557533546875 0.3544568609375 0.5557533546875 0.3544568609375 0.5448133265624999 0.34214933125 0.5448133265624999
2 0.4098407453125 0.5229332703125 0.4098407453125 0.5535653484374999 0.43199429843750003 0.5535653484374999 0.43199429843750003 0.5229332703125 0.4098407453125 0.5229332703125
2 0.356426075 0.50105321875 0.356426075 0.5863854234375 0.414271465625 0.5863854234375 0.414271465625 0.50105321875 0.356426075 0.50105321875
2 0.45119405625000003 0.51636925625 0.45119405625000003 0.6192055046875 0.5398082703125 0.6192055046875 0.5398082703125 0.51636925625 0.45119405625000003 0.51636925625
2 0.6983292390625 0.5251212765625 0.6983292390625 0.557830690625 0.743238953125 0.557830690625 0.743238953125 0.5251212765625 0.6983292390625 0.5251212765625
2 0.8364197421874999 0.5316852937500001 0.8364197421874999 0.55528351875 0.8621600515625 0.55528351875 0.8621600515625 0.5316852937500001 0.8364197421874999 0.5316852937500001
2 0.5964229078125001 0.52074526875 0.5964229078125001 0.5535653453125 0.6444222734375 0.5535653453125 0.6444222734375 0.52074526875 0.5964229078125001 0.52074526875
2 0.6107611734375 0.5262152796875 0.6107611734375 0.583103415625 0.6784525875 0.583103415625 0.6784525875 0.5262152796875 0.6107611734375 0.5262152796875
2 0.0024894671875 0.530591290625 0.0024894671875 0.59858544375 0.0726144265625 0.59858544375 0.0726144265625 0.530591290625 0.0024894671875 0.530591290625
2 0.19692047968749998 0.538249309375 0.19692047968749998 0.557941359375 0.2252278 0.557941359375 0.2252278 0.538249309375 0.19692047968749998 0.538249309375