2 0.07874419375 0.3700717265625 0.07874419375 0.76509210625 0.34850153125 0.76509210625 0.34850153125 0.3700717265625 0.07874419375 0.3700717265625
2 0.544972196875 0.3437370328125 0.544972196875 0.8648867515625 0.9308967140625001 0.8648867515625 0.9308967140625001 0.3437370328125 0.544972196875 0.3437370328125
2 0.382805934375 0.49342896875 0.382805934375 0.594609625 0.44127934843750005 0.594609625 0.44127934843750005 0.49342896875 0.382805934375 0.49342896875
2 0.4981934671875 0.5114474421875 0.4981934671875 0.5807492625 0.5473111328125 0.5807492625 0.5473111328125 0.5114474421875 0.4981934671875 0.5114474421875
2 0.4940028609375 0.512635478125 0.4940028609375 0.5666908984375 0.5197311625000001 0.5666908984375 0.5197311625000001 0.512635478125 0.4940028609375 0.512635478125
2 0.48698605156249997 0.5070913328125 0.48698605156249997 0.5639188296875 0.504917896875 0.5639188296875 0.504917896875 0.5070913328125 0.48698605156249997 0.5070913328125
2 0.4784099515625 0.5154075515625001 0.4784099515625 0.55837468125 0.49244357031249997 0.55837468125 0.49244357031249997 0.5154075515625001 0.4784099515625 0.5154075515625001
2 0.47139314218750006 0.5223377328125001 0.47139314218750006 0.5514444984375 0.4877656984375 0.5514444984375 0.4877656984375 0.5223377328125001 0.47139314218750006 0.5223377328125001
2 0.462037396875 0.5223377328125001 0.462037396875 0.5472863875 0.47763030625 0.5472863875 0.47763030625 0.5223377328125001 0.462037396875 0.5223377328125001
2 0.448783421875 0.5251098062499999 0.448783421875 0.5417422453125 0.45969845937500003 0.5417422453125 0.45969845937500003 0.5251098062499999 0.448783421875 0.5251098062499999
2 0.4402073234375 0.5223377328125001 0.4402073234375 0.5389701703124999 0.4487834234375 0.5389701703124999 0.4487834234375 0.5223377328125001 0.4402073234375 0.5223377328125001
2 0.3560056109375 0.5181796234375 0.3560056109375 0.5666908984375 0.38485249375 0.5666908984375 0.38485249375 0.5181796234375 0.3560056109375 0.5181796234375
2 0.370818875 0.50986340625 0.370818875 0.5375841343750001 0.39264894687499996 0.5375841343750001 0.39264894687499996 0.50986340625 0.370818875 0.50986340625
2 0.0706553609375 0.545900353125 0.0706553609375 0.5888674843749999 0.08546862499999999 0.5888674843749999 0.08546862499999999 0.545900353125 0.0706553609375 0.545900353125
2 0.050384578125 0.536198096875 0.050384578125 0.5680769359375 0.0667571328125 0.5680769359375 0.0667571328125 0.536198096875 0.050384578125 0.536198096875
2 0.9142318046875 0.451847875 0.9142318046875 0.5405542046875 0.9352822312500001 0.5405542046875 0.9352822312500001 0.451847875 0.9142318046875 0.451847875
2 0.9204689671875 0.5280799 0.9204689671875 0.852412425 0.9992131625 0.852412425 0.9992131625 0.5280799 0.9204689671875 0.5280799