2 0.31429676562500003 0.3656248734375 0.31429676562500003 0.48149983125 0.333281134375 0.48149983125 0.333281134375 0.3656248734375 0.31429676562500003 0.3656248734375
2 0.1930077453125 0.33937488125000004 0.1930077453125 0.494999828125 0.3248436359375 0.494999828125 0.3248436359375 0.33937488125000004 0.1930077453125 0.33937488125000004
2 0.5073045109375001 0.34312488124999996 0.5073045109375001 0.391874865625 0.5262888796875 0.391874865625 0.5262888796875 0.34312488124999996 0.5073045109375001 0.34312488124999996
2 0.51890606875 0.367499871875 0.51890606875 0.4349998484375 0.5600388656249999 0.4349998484375 0.5600388656249999 0.367499871875 0.51890606875 0.367499871875
2 0.547382621875 0.34124988125 0.547382621875 0.466499834375 0.6368201078125 0.466499834375 0.6368201078125 0.34124988125 0.547382621875 0.34124988125
2 0.62753884375 0.3599998734375 0.62753884375 0.4762498328125 0.6908200718749999 0.4762498328125 0.6908200718749999 0.3599998734375 0.62753884375 0.3599998734375
2 0.3272136875 0.291503803125 0.3272136875 0.6008786953125 0.52654955625 0.6008786953125 0.52654955625 0.291503803125 0.3272136875 0.291503803125
2 0.16162780937500001 0.345878784375 0.16162780937500001 0.404003765625 0.2249090390625 0.404003765625 0.2249090390625 0.345878784375 0.16162780937500001 0.345878784375
2 0.11733095 0.34025378906250003 0.11733095 0.432749846875 0.17006530625 0.432749846875 0.17006530625 0.34025378906250003 0.11733095 0.34025378906250003
2 0.054049721875 0.3440037890625 0.054049721875 0.4439998453125 0.12972651875000002 0.4439998453125 0.12972651875000002 0.3440037890625 0.054049721875 0.3440037890625
2 0.0013153671875 0.336503790625 0.0013153671875 0.45275374687500003 0.0677606546875 0.45275374687500003 0.0677606546875 0.336503790625 0.0013153671875 0.336503790625