2 0.313426396875 0.354328421875 0.313426396875 0.36554726406250004 0.331306425 0.36554726406250004 0.331306425 0.354328421875 0.313426396875 0.354328421875
2 0.2976499 0.35245861562499997 0.2976499 0.367417071875 0.313426396875 0.367417071875 0.313426396875 0.35245861562499997 0.2976499 0.35245861562499997
2 0.28608046875 0.3505888109375 0.28608046875 0.3692868796875 0.2976499 0.3692868796875 0.2976499 0.3505888109375 0.28608046875 0.3505888109375
2 0.270303971875 0.348719003125 0.270303971875 0.3748963015625 0.2881840015625 0.3748963015625 0.2881840015625 0.348719003125 0.270303971875 0.348719003125
2 0.24926864375000002 0.34497938906250003 0.24926864375000002 0.38424533437499997 0.2755628046875 0.38424533437499997 0.2755628046875 0.34497938906250003 0.24926864375000002 0.34497938906250003
2 0.3365652578125 0.35245861562499997 0.3365652578125 0.367417071875 0.3460311546875 0.367417071875 0.3460311546875 0.35245861562499997 0.3365652578125 0.35245861562499997
2 0.3491864546875 0.3505888109375 0.3491864546875 0.3711566859375 0.3576005859375 0.3711566859375 0.3576005859375 0.3505888109375 0.3491864546875 0.3505888109375
2 0.3554970515625 0.3505888109375 0.3554970515625 0.3711566859375 0.36811824843749996 0.3711566859375 0.36811824843749996 0.3505888109375 0.3554970515625 0.3505888109375
2 0.369170015625 0.3412397734375 0.369170015625 0.382375528125 0.4007230078125 0.382375528125 0.4007230078125 0.3412397734375 0.369170015625 0.3412397734375
2 0.401774775 0.3375001609375 0.401774775 0.3917245640625 0.4385866 0.3917245640625 0.4385866 0.3375001609375 0.401774775 0.3375001609375
2 0.49853728750000004 0.3356303546875 0.49853728750000004 0.46651684375 0.607920996875 0.46651684375 0.607920996875 0.3356303546875 0.49853728750000004 0.3356303546875
2 0.45541486249999996 0.3412397734375 0.45541486249999996 0.36554726406250004 0.4817090234375 0.36554726406250004 0.4817090234375 0.3412397734375 0.45541486249999996 0.3412397734375
2 0 0.4833451046875 0.08729661250000001 0.4833451046875 0.08729661250000001 0.354328421875 0 0.354328421875 0 0.4833451046875
2 0.2093015203125 0.331890740625 0.2093015203125 0.40107359843749996 0.256631009375 0.40107359843749996 0.256631009375 0.331890740625 0.2093015203125 0.331890740625
2 0.4164995078125 0.34310958125 0.4164995078125 0.41229244062500003 0.4711913609375 0.41229244062500003 0.4711913609375 0.34310958125 0.4164995078125 0.34310958125
2 0.5768938859375 0.29262479375 0.5768938859375 0.55065815625 0.8209036984375 0.55065815625 0.8209036984375 0.29262479375 0.5768938859375 0.29262479375