4 0.9275319984375001 0.42851101406250003 0.9275319984375001 0.5953648593749999 0.9815698921875 0.5953648593749999 0.9815698921875 0.42851101406250003 0.9275319984375001 0.42851101406250003
2 0.647388184375 0.45379189999999997 0.647388184375 0.5650277984375001 0.7611521671875 0.5650277984375001 0.7611521671875 0.45379189999999997 0.647388184375 0.45379189999999997
2 0.4881186046875 0.44115145624999996 0.4881186046875 0.4790727859375 0.51229345 0.4790727859375 0.51229345 0.44115145624999996 0.4881186046875 0.44115145624999996
2 0.5137154984375 0.44115145624999996 0.5137154984375 0.48412896562499996 0.5393123953125001 0.48412896562499996 0.5393123953125001 0.44115145624999996 0.5137154984375 0.44115145624999996
2 0.5407344468749999 0.446207634375 0.5407344468749999 0.4891851390625 0.56206519375 0.4891851390625 0.56206519375 0.446207634375 0.5407344468749999 0.446207634375
2 0.5506887953125 0.4487357203125 0.5506887953125 0.49929749218749997 0.5819738921875001 0.49929749218749997 0.5819738921875001 0.4487357203125 0.5506887953125 0.4487357203125
2 0.57201954375 0.446207634375 0.57201954375 0.506881759375 0.599038490625 0.506881759375 0.599038490625 0.446207634375 0.57201954375 0.446207634375
2 0.596194390625 0.44367954374999996 0.596194390625 0.52963455625 0.6857835296875 0.52963455625 0.6857835296875 0.44367954374999996 0.596194390625 0.44367954374999996
2 0.285832015625 0.41713461562500004 0.285832015625 0.475280653125 0.3114289125 0.475280653125 0.3114289125 0.41713461562500004 0.285832015625 0.41713461562500004
2 0.24459257031249998 0.40196608281249996 0.24459257031249998 0.4803368296875 0.300052515625 0.4803368296875 0.300052515625 0.40196608281249996 0.24459257031249998 0.40196608281249996
2 0.3028966140625 0.40702226093749994 0.3028966140625 0.470224478125 0.335603759375 0.470224478125 0.335603759375 0.40702226093749994 0.3028966140625 0.40702226093749994
2 0.332759659375 0.42724697031250003 0.332759659375 0.4676963859375 0.35835655625 0.4676963859375 0.35835655625 0.42724697031250003 0.332759659375 0.42724697031250003
2 0.3555124578125 0.428932365625 0.3555124578125 0.4542132484375 0.37399910625 0.4542132484375 0.37399910625 0.428932365625 0.3555124578125 0.428932365625
2 0.177756228125 0.39353912343749997 0.177756228125 0.48960648906250004 0.2573910203125 0.48960648906250004 0.2573910203125 0.39353912343749997 0.177756228125 0.39353912343749997
4 0.44652364375 0.43820201875000003 0.44652364375 0.4660109921875 0.45505594374999997 0.4660109921875 0.45505594374999997 0.43820201875000003 0.44652364375 0.43820201875000003
2 0.383953453125 0.42808966406250004 0.383953453125 0.450842459375 0.3981739515625 0.450842459375 0.3981739515625 0.42808966406250004 0.383953453125 0.42808966406250004
6 0.40670624999999994 0.42219079375 0.40670624999999994 0.45758403437500006 0.41950469999999995 0.45758403437500006 0.41950469999999995 0.42219079375 0.40670624999999994 0.42219079375
2 0.42519289843749997 0.43904471875000006 0.42519289843749997 0.456741340625 0.436569296875 0.456741340625 0.436569296875 0.43904471875000006 0.42519289843749997 0.43904471875000006