2 0.406235678125 0.38015598125 0.406235678125 0.41062471250000004 0.41810090468750005 0.41062471250000004 0.41810090468750005 0.38015598125 0.406235678125 0.38015598125
2 0.383823584375 0.3707809875 0.383823584375 0.40593721406250005 0.4101907546875 0.40593721406250005 0.4101907546875 0.3707809875 0.383823584375 0.3707809875
2 0.49061062031249997 0.3731247359375 0.49061062031249997 0.39890596718750004 0.5051125640625 0.39890596718750004 0.5051125640625 0.3731247359375 0.49061062031249997 0.3731247359375
2 0.49588405468749996 0.377812234375 0.49588405468749996 0.40593721406250005 0.514341075 0.40593721406250005 0.514341075 0.377812234375 0.49588405468749996 0.377812234375
2 0.5090676390625 0.36609349375 0.5090676390625 0.41296846093750006 0.5354348078125 0.41296846093750006 0.5354348078125 0.36609349375 0.5090676390625 0.36609349375
2 0.7318702203125 0.3707809875 0.7318702203125 0.4246872 0.7463721624999999 0.4246872 0.7463721624999999 0.3707809875 0.7318702203125 0.3707809875
2 0.021275004687499998 0.34499975625 0.021275004687499998 0.5231246328125 0.175522946875 0.5231246328125 0.175522946875 0.34499975625 0.021275004687499998 0.34499975625
2 0.41414583125000004 0.3707809875 0.41414583125000004 0.40593721406250005 0.43128449062499996 0.40593721406250005 0.43128449062499996 0.3707809875 0.41414583125000004 0.3707809875
2 0.3407632203125 0.354039721875 0.3407632203125 0.41841058125 0.3950761328125 0.41841058125 0.3950761328125 0.354039721875 0.3407632203125 0.354039721875
2 0.527524659375 0.34265600625000003 0.527524659375 0.41765595624999996 0.5657570546875 0.41765595624999996 0.5657570546875 0.34265600625000003 0.527524659375 0.34265600625000003
2 0 0.41765595624999996 0.054233967187499996 0.41765595624999996 0.054233967187499996 0.340312259375 0 0.340312259375 0 0.41765595624999996
2 0 0.551249615625 0.0555523265625 0.551249615625 0.0555523265625 0.389530975 0 0.389530975 0 0.551249615625
2 0.7832862015625001 0.24656232500000003 0.7832862015625001 0.59812458125 0.9994969890625001 0.59812458125 0.9994969890625001 0.24656232500000003 0.7832862015625001 0.24656232500000003