2 0.3504941640625 0.3968142828125 0.3504941640625 0.4138107015625 0.3627862140625 0.4138107015625 0.3627862140625 0.3968142828125 0.3504941640625 0.3968142828125
2 0.339567896875 0.3968142828125 0.339567896875 0.40652652343750006 0.3504941640625 0.40652652343750006 0.3504941640625 0.3968142828125 0.339567896875 0.3968142828125
2 0.309520659375 0.391958165625 0.309520659375 0.40895458281249997 0.3245442765625 0.40895458281249997 0.3245442765625 0.391958165625 0.309520659375 0.391958165625
2 0.27674185625000003 0.391958165625 0.27674185625000003 0.40652652343750006 0.2876681234375 0.40652652343750006 0.2876681234375 0.391958165625 0.27674185625000003 0.391958165625
2 0.258986671875 0.3871020453125 0.258986671875 0.40895458125 0.271278721875 0.40895458125 0.271278721875 0.3871020453125 0.258986671875 0.3871020453125
2 0.44609900625 0.4040984640625 0.44609900625 0.42109488125 0.4583910578125 0.42109488125 0.4583910578125 0.4040984640625 0.44609900625 0.4040984640625
2 0.448830575 0.41381069843749996 0.448830575 0.43080711718750003 0.4638541921875 0.43080711718750003 0.4638541921875 0.41381069843749996 0.448830575 0.41381069843749996
2 0.457025275 0.40652652343750006 0.457025275 0.4332351765625 0.47478045937499996 0.4332351765625 0.47478045937499996 0.40652652343750006 0.457025275 0.40652652343750006
2 0.46112262499999995 0.41381069843749996 0.46112262499999995 0.43809129375 0.4857067265625 0.43809129375 0.4857067265625 0.41381069843749996 0.46112262499999995 0.41381069843749996
2 0.470683109375 0.4162387578125 0.470683109375 0.44051935468750003 0.49253564531249994 0.44051935468750003 0.49253564531249994 0.4162387578125 0.470683109375 0.4162387578125
2 0.43244117187500003 0.40652652343750006 0.43244117187500003 0.42109488125 0.44746479062500005 0.42109488125 0.44746479062500005 0.40652652343750006 0.43244117187500003 0.40652652343750006
2 0.41605177031249996 0.40167040312499996 0.41605177031249996 0.42109488125 0.4269780390625 0.42109488125 0.4269780390625 0.40167040312499996 0.41605177031249996 0.40167040312499996
2 0.40102815312500006 0.394386225 0.40102815312500006 0.4138107015625 0.41332020312499995 0.4138107015625 0.41332020312499995 0.394386225 0.40102815312500006 0.394386225
2 0.3873703171875 0.391958165625 0.3873703171875 0.4162387609375 0.3982965859375 0.4162387609375 0.3982965859375 0.391958165625 0.3873703171875 0.391958165625
6 0.02680348125 0.345825034375 0.02680348125 0.4138107015625 0.0964584359375 0.4138107015625 0.0964584359375 0.345825034375 0.02680348125 0.345825034375
2 0 0.4186668203125 0.02680348125 0.4186668203125 0.02680348125 0.36767757031250003 0 0.36767757031250003 0 0.4186668203125
2 0.52258288125 0.43080711718750003 0.52258288125 0.48179636718749996 0.54989855 0.48179636718749996 0.54989855 0.43080711718750003 0.52258288125 0.43080711718750003
2 0.00085359375 0.41138264218750004 0.00085359375 0.659044709375 0.258986671875 0.659044709375 0.258986671875 0.41138264218750004 0.00085359375 0.41138264218750004
2 0.5239486640625 0.41866681874999995 0.5239486640625 0.6056274015625001 0.6605270109375 0.6056274015625001 0.6605270109375 0.41866681874999995 0.5239486640625 0.41866681874999995
2 0.7124267843750001 0.4745121890625 0.7124267843750001 0.637192175 0.8790523671875 0.637192175 0.8790523671875 0.4745121890625 0.7124267843750001 0.4745121890625