2 0.1540196390625 0.41245203124999996 0.1540196390625 0.49216964843750005 0.21543253281250002 0.49216964843750005 0.21543253281250002 0.41245203124999996 0.1540196390625 0.41245203124999996
2 0.207634071875 0.41765100625 0.207634071875 0.4783057171875 0.227130228125 0.4783057171875 0.227130228125 0.41765100625 0.207634071875 0.41765100625
2 0.2281050359375 0.43151494062499995 0.2281050359375 0.4835046921875 0.265147734375 0.4835046921875 0.265147734375 0.43151494062499995 0.2281050359375 0.43151494062499995
2 0.25539965468750003 0.42978194687500004 0.25539965468750003 0.47310674218750004 0.2807446578125 0.47310674218750004 0.2807446578125 0.42978194687500004 0.25539965468750003 0.42978194687500004
2 0.29439197031250003 0.42804895624999995 0.29439197031250003 0.497368625 0.3392331296875 0.497368625 0.3392331296875 0.42804895624999995 0.29439197031250003 0.42804895624999995
2 0.3450819765625 0.434980921875 0.3450819765625 0.50083460625 0.3918727546875 0.50083460625 0.3918727546875 0.434980921875 0.3450819765625 0.434980921875
2 0.40746967968750003 0.44191288906250004 0.40746967968750003 0.5094995671875 0.4669329578125 0.5094995671875 0.4669329578125 0.44191288906250004 0.40746967968750003 0.44191288906250004
2 0.464983340625 0.44191288906250004 0.464983340625 0.5025676 0.518597775 0.5025676 0.518597775 0.44191288906250004 0.464983340625 0.44191288906250004
2 0.5176229671875 0.4505778484375 0.5176229671875 0.506033584375 0.5712373984375 0.506033584375 0.5712373984375 0.4505778484375 0.5176229671875 0.4505778484375
2 0.566363359375 0.4557768234375 0.566363359375 0.516431534375 0.6199777890625 0.516431534375 0.6199777890625 0.4557768234375 0.566363359375 0.4557768234375
2 0.6121793281250001 0.45924280624999997 0.6121793281250001 0.516431534375 0.6813906828125 0.516431534375 0.6813906828125 0.45924280624999997 0.6121793281250001 0.45924280624999997
2 0.3938223703125 0.44017989843749994 0.3938223703125 0.462708790625 0.41819256562499996 0.462708790625 0.41819256562499996 0.44017989843749994 0.3938223703125 0.44017989843749994
2 0.7164837671875001 0.466174771875 0.7164837671875001 0.49563563125 0.745728003125 0.49563563125 0.745728003125 0.466174771875 0.7164837671875001 0.466174771875
6 0.8685537906249999 0.4557768234375 0.8685537906249999 0.516431534375 0.945563609375 0.516431534375 0.945563609375 0.4557768234375 0.8685537906249999 0.4557768234375