4 0.6012528546875 0.5032130687499999 0.6012528546875 0.565680896875 0.6207740515625 0.565680896875 0.6207740515625 0.5032130687499999 0.6012528546875 0.5032130687499999
2 0.34552517968749996 0.5379174171875001 0.34552517968749996 0.565680896875 0.3611421359375 0.565680896875 0.3611421359375 0.5379174171875001 0.34552517968749996 0.5379174171875001
2 0.329908221875 0.5413878515625 0.329908221875 0.565680896875 0.34942941875 0.565680896875 0.34942941875 0.5413878515625 0.329908221875 0.5413878515625
2 0.3181955046875 0.5448582875 0.3181955046875 0.57782741875 0.334788521875 0.57782741875 0.334788521875 0.5448582875 0.3181955046875 0.5448582875
2 0.1698344109375 0.5379174171875001 0.1698344109375 0.600385246875 0.21278104375 0.600385246875 0.21278104375 0.5379174171875001 0.1698344109375 0.5379174171875001
4 0.022449375 0.5552695937500001 0.022449375 0.619472640625 0.040994512500000004 0.619472640625 0.040994512500000004 0.5552695937500001 0.022449375 0.5552695937500001
2 0.21473316250000002 0.5049482859375 0.21473316250000002 0.622943075 0.3240518625 0.622943075 0.3240518625 0.5049482859375 0.21473316250000002 0.5049482859375
2 0.041970571875 0.4754495875 0.041970571875 0.62988394375 0.1737386484375 0.62988394375 0.1737386484375 0.4754495875 0.041970571875 0.4754495875
4 0.7447336499999999 0.4633030640625 0.7447336499999999 0.5448582875 0.759374546875 0.5448582875 0.759374546875 0.4633030640625 0.7447336499999999 0.4633030640625
1 0.462652359375 0.40359346562500004 0.462652359375 0.5812978546875 0.5828957124999999 0.5812978546875 0.5828957124999999 0.40359346562500004 0.462652359375 0.40359346562500004
2 0.3611421359375 0.46677350000000006 0.3611421359375 0.614266984375 0.45484388124999997 0.614266984375 0.45484388124999997 0.46677350000000006 0.3611421359375 0.46677350000000006