2 0.4589032484375 0.471650559375 0.4589032484375 0.48621891718750004 0.46982951718750005 0.48621891718750004 0.46982951718750005 0.471650559375 0.4589032484375 0.471650559375
2 0.447976978125 0.46922249843749997 0.447976978125 0.49350309374999995 0.4616348140625 0.49350309374999995 0.4616348140625 0.46922249843749997 0.447976978125 0.46922249843749997
2 0.435684928125 0.471650559375 0.435684928125 0.4935030953125 0.45207432968749994 0.4935030953125 0.45207432968749994 0.471650559375 0.435684928125 0.471650559375
2 0.42202709374999997 0.46922249843749997 0.42202709374999997 0.49593115625 0.43841649531250004 0.49593115625 0.43841649531250004 0.46922249843749997 0.42202709374999997 0.46922249843749997
2 0.36466418749999996 0.457082203125 0.36466418749999996 0.5007872734375 0.39607720625 0.5007872734375 0.39607720625 0.457082203125 0.36466418749999996 0.457082203125
2 0.3305196015625 0.457082203125 0.3305196015625 0.5177836890624999 0.37012732187499997 0.5177836890624999 0.37012732187499997 0.457082203125 0.3305196015625 0.457082203125
2 0.17208871875 0.447369965625 0.17208871875 0.56634488125 0.2540357265625 0.56634488125 0.2540357265625 0.447369965625 0.17208871875 0.447369965625
2 0 0.6076218921875001 0.076483875 0.6076218921875001 0.076483875 0.486218915625 0 0.486218915625 0 0.6076218921875001
2 0.46846373124999996 0.46922249843749997 0.46846373124999996 0.4886469765625 0.47938999843749996 0.4886469765625 0.47938999843749996 0.46922249843749997 0.46846373124999996 0.46922249843749997
2 0.47529265 0.46679444062500003 0.47529265 0.48621891875 0.4875847015625 0.48621891875 0.4875847015625 0.46679444062500003 0.47529265 0.46679444062500003
2 0.48348735 0.46679444062500003 0.48348735 0.48621891875 0.4957794015625 0.48621891875 0.4957794015625 0.46679444062500003 0.48348735 0.46679444062500003
2 0.493047834375 0.46922249843749997 0.493047834375 0.4886469765625 0.5053398859375 0.4886469765625 0.5053398859375 0.46922249843749997 0.493047834375 0.46922249843749997
2 0.5012425359375 0.46922249843749997 0.5012425359375 0.4886469765625 0.512168803125 0.4886469765625 0.512168803125 0.46922249843749997 0.5012425359375 0.46922249843749997
2 0.51080301875 0.46922249843749997 0.51080301875 0.4910750359375 0.520363503125 0.4910750359375 0.520363503125 0.46922249843749997 0.51080301875 0.46922249843749997
2 0.5189977203125 0.46679444062500003 0.5189977203125 0.4935030953125 0.5435818203125 0.4935030953125 0.5435818203125 0.46679444062500003 0.5189977203125 0.46679444062500003
2 0.392321303125 0.46133130624999996 0.392321303125 0.5074644375 0.426465890625 0.5074644375 0.426465890625 0.46133130624999996 0.392321303125 0.46133130624999996
2 0.235256203125 0.42976653281250005 0.235256203125 0.56330980625 0.33359261406249996 0.56330980625 0.33359261406249996 0.42976653281250005 0.235256203125 0.42976653281250005