2 0.0725097171875 0.48080324374999994 0.0725097171875 0.525334459375 0.1252440546875 0.525334459375 0.1252440546875 0.48080324374999994 0.0725097171875 0.48080324374999994
2 0.07646479218749999 0.4925219828125 0.07646479218749999 0.609709403125 0.19907212968750002 0.609709403125 0.19907212968750002 0.4925219828125 0.07646479218749999 0.4925219828125
2 0.90650333125 0.46453092187499995 0.90650333125 0.5512496140625001 0.9974700640625 0.5512496140625001 0.9974700640625 0.46453092187499995 0.90650333125 0.46453092187499995
1 0.4475827 0.46289030625 0.4475827 0.521484015625 0.49108852968749994 0.521484015625 0.49108852968749994 0.46289030625 0.4475827 0.46289030625
2 0.514159803125 0.4858255640625 0.514159803125 0.506919303125 0.5299801046875 0.506919303125 0.5299801046875 0.4858255640625 0.514159803125 0.4858255640625
2 0.5049312921875 0.492856809375 0.5049312921875 0.511606796875 0.514159803125 0.511606796875 0.514159803125 0.492856809375 0.5049312921875 0.492856809375
2 0.5392086125 0.4600443328125 0.5392086125 0.66160669375 0.66840774375 0.66160669375 0.66840774375 0.4600443328125 0.5392086125 0.4600443328125
2 0.54975548125 0.4720309453125 0.54975548125 0.49781218125000004 0.5603023484375 0.49781218125000004 0.5603023484375 0.4720309453125 0.54975548125 0.4720309453125
2 0.7584955765625 0.457812184375 0.7584955765625 0.624218321875 0.912743515625 0.624218321875 0.912743515625 0.457812184375 0.7584955765625 0.457812184375
2 0 0.6405307375 0.08181480468749999 0.6405307375 0.08181480468749999 0.45688954531250003 0 0.45688954531250003 0 0.6405307375
4 0.710976359375 0.48211091875 0.710976359375 0.5475462859375 0.7252243828125 0.5475462859375 0.7252243828125 0.48211091875 0.710976359375 0.48211091875
2 0.9556352968749999 0.48488511875 0.9556352968749999 0.5608745796875 0.9983793671875001 0.5608745796875 0.9983793671875001 0.48488511875 0.9556352968749999 0.48488511875
2 0.9663213140625 0.5587637609375 0.9663213140625 0.67274795 0.9983793671875001 0.67274795 0.9983793671875001 0.5587637609375 0.9663213140625 0.5587637609375
4 0.4369393875 0.48591038124999997 0.4369393875 0.51757265625 0.4416887296875 0.51757265625 0.4416887296875 0.48591038124999997 0.4369393875 0.48591038124999997
4 0.43100270937499996 0.48591038124999997 0.43100270937499996 0.5154618375 0.43575205156249996 0.5154618375 0.43575205156249996 0.48591038124999997 0.43100270937499996 0.48591038124999997