4 0.0197837046875 0.3996710546875 0.0197837046875 0.4529605296875 0.0457623234375 0.4529605296875 0.0457623234375 0.3996710546875 0.0197837046875 0.3996710546875
4 0.433443246875 0.39434210625 0.433443246875 0.4014473703125 0.4424358453125 0.4014473703125 0.4424358453125 0.39434210625 0.433443246875 0.39434210625
4 0.58431906875 0.44940789687500005 0.58431906875 0.5577631609375 0.6212886421875 0.5577631609375 0.6212886421875 0.44940789687500005 0.58431906875 0.44940789687500005
4 0.58431906875 0.40500000312499995 0.58431906875 0.564868425 0.63427795 0.564868425 0.63427795 0.40500000312499995 0.58431906875 0.40500000312499995
2 0.5103799234374999 0.4174342125 0.5103799234374999 0.49203947656249997 0.5963092 0.49203947656249997 0.5963092 0.4174342125 0.5103799234374999 0.4174342125
2 0.6792409453125 0.4351973703125 0.6792409453125 0.49203947656249997 0.7291998265624999 0.49203947656249997 0.7291998265624999 0.4351973703125 0.6792409453125 0.4351973703125
2 0.7252031171875 0.4245394765625 0.7252031171875 0.4991447390625 0.7991422625 0.4991447390625 0.7991422625 0.4245394765625 0.7252031171875 0.4245394765625
2 0.4424358453125 0.4085526328125 0.4424358453125 0.5044736875 0.540355253125 0.5044736875 0.540355253125 0.4085526328125 0.4424358453125 0.4085526328125
2 0.0407664359375 0.429868425 0.0407664359375 0.47960526718749996 0.0977195609375 0.47960526718749996 0.0977195609375 0.429868425 0.0407664359375 0.429868425
2 0.0007993296875 0.4316447390625 0.0007993296875 0.51157895 0.08173271875 0.51157895 0.08173271875 0.4316447390625 0.0007993296875 0.4316447390625
2 0.04376396875 0.37302631875 0.04376396875 0.8277631640625 0.538356896875 0.8277631640625 0.538356896875 0.37302631875 0.04376396875 0.37302631875
2 0.6423983703125 0.398588096875 0.6423983703125 0.9645394812499999 0.9989777890625 0.9645394812499999 0.9989777890625 0.398588096875 0.6423983703125 0.398588096875