2 0.3459373796875 0.5744997875 0.3459373796875 0.6138747734375001 0.3680858078125 0.6138747734375001 0.3680858078125 0.5744997875 0.3459373796875 0.5744997875
2 0.333281134375 0.5707497890625 0.333281134375 0.6344997671875 0.348046753125 0.6344997671875 0.348046753125 0.5707497890625 0.333281134375 0.5707497890625
6 0.3680858078125 0.5594997937499999 0.3680858078125 0.6138747734375001 0.39023423749999997 0.6138747734375001 0.39023423749999997 0.5594997937499999 0.3680858078125 0.5594997937499999
2 0.4303123484375 0.55574979375 0.4303123484375 0.6119997749999999 0.45878890156249996 0.6119997749999999 0.45878890156249996 0.55574979375 0.4303123484375 0.55574979375
2 0.380742053125 0.55387479375 0.380742053125 0.6326247671874999 0.4303123484375 0.6326247671874999 0.4303123484375 0.55387479375 0.380742053125 0.55387479375
2 0.167695253125 0.5474998078125 0.167695253125 0.6656247671875 0.2731639671875 0.6656247671875 0.2731639671875 0.5474998078125 0.167695253125 0.5474998078125
2 0.21621086250000002 0.5559373062499999 0.21621086250000002 0.69656225625 0.3364451953125 0.69656225625 0.3364451953125 0.5559373062499999 0.21621086250000002 0.5559373062499999
2 0.44296859531250005 0.564374803125 0.44296859531250005 0.7106247515625 0.5368357484375 0.7106247515625 0.5368357484375 0.564374803125 0.44296859531250005 0.564374803125
2 0.524179503125 0.57140605 0.524179503125 0.6051560390625 0.5421091859375 0.6051560390625 0.5421091859375 0.57140605 0.524179503125 0.57140605
2 0.55687480625 0.5770310484375 0.55687480625 0.6051560390625 0.5737497984375 0.6051560390625 0.5737497984375 0.5770310484375 0.55687480625 0.5770310484375
2 0.5653123015625 0.58640604375 0.5653123015625 0.6182810328125 0.5853513578125 0.6182810328125 0.5853513578125 0.58640604375 0.5653123015625 0.58640604375
2 0.5878826015625 0.5838747843750001 0.5878826015625 0.62887476875 0.617413840625 0.62887476875 0.617413840625 0.5838747843750001 0.5878826015625 0.5838747843750001
2 0.6669841671875 0.5988747796875 0.6669841671875 0.6701247546875 0.7091716531250001 0.6701247546875 0.7091716531250001 0.5988747796875 0.6669841671875 0.5988747796875
2 0.6996794687500001 0.5632497921875 0.6996794687500001 0.6701247546875 0.76928881875 0.6701247546875 0.76928881875 0.5632497921875 0.6996794687500001 0.5632497921875
2 0.6945114765625 0.5681248015625 0.6945114765625 0.8456247046875 0.934980140625 0.8456247046875 0.934980140625 0.5681248015625 0.6945114765625 0.5681248015625
2 0 0.742874734375 0.01476561875 0.742874734375 0.01476561875 0.6041247828125 0 0.6041247828125 0 0.742874734375
4 0.034804675 0.55124980625 0.034804675 0.6562497703125 0.054843729687499995 0.6562497703125 0.054843729687499995 0.55124980625 0.034804675 0.55124980625
4 0.149765571875 0.5718748 0.149765571875 0.633749778125 0.1655858796875 0.633749778125 0.1655858796875 0.5718748 0.149765571875 0.5718748
4 0.1666405671875 0.5699998 0.1666405671875 0.6187497828125 0.17613275 0.6187497828125 0.17613275 0.5699998 0.1666405671875 0.5699998
4 0.0864843453125 0.5838748125000001 0.0864843453125 0.6569997875 0.09703121718749999 0.6569997875 0.09703121718749999 0.5838748125000001 0.0864843453125 0.5838748125000001
4 0.0738280984375 0.5951248078125 0.0738280984375 0.6419997937499999 0.082265596875 0.6419997937499999 0.082265596875 0.5951248078125 0.0738280984375 0.5951248078125
4 0.6771091390625 0.5782498140625 0.6771091390625 0.6157498015625 0.685546634375 0.6157498015625 0.685546634375 0.5782498140625 0.6771091390625 0.5782498140625
4 0.6349216531249999 0.5801248140624999 0.6349216531249999 0.6363747937500001 0.6444138359375 0.6363747937500001 0.6444138359375 0.5801248140624999 0.6349216531249999 0.5801248140624999
4 0.6285935296875 0.5819998125 0.6285935296875 0.6213748 0.6349216531249999 0.6213748 0.6349216531249999 0.5819998125 0.6285935296875 0.5819998125