4 0.8462735640625001 0.3458250359375 0.8462735640625001 0.4866524859375 0.8735892328125001 0.4866524859375 0.8735892328125001 0.3458250359375 0.8462735640625001 0.3458250359375
2 0.8694918843749999 0.29726384375000003 0.8694918843749999 0.7610232078125 0.9992413140625 0.7610232078125 0.9992413140625 0.29726384375000003 0.8694918843749999 0.29726384375000003
4 0.252157753125 0.406873396875 0.252157753125 0.44815041093749997 0.263084021875 0.44815041093749997 0.263084021875 0.406873396875 0.252157753125 0.406873396875
6 0.605895675 0.3413157875 0.605895675 0.45786264687499995 0.6728190640625 0.45786264687499995 0.6728190640625 0.3413157875 0.605895675 0.3413157875
2 0.0800690359375 0.39924234375 0.0800690359375 0.44051935625 0.09782422187499999 0.44051935625 0.09782422187499999 0.39924234375 0.0800690359375 0.39924234375
2 0.0964584359375 0.3968142828125 0.0964584359375 0.42352293750000003 0.11967675625 0.42352293750000003 0.11967675625 0.3968142828125 0.0964584359375 0.3968142828125
2 0.0950926546875 0.40895458125 0.0950926546875 0.46479994687500004 0.11967675625 0.46479994687500004 0.11967675625 0.40895458125 0.0950926546875 0.40895458125
2 0.11831097187499999 0.36524950624999997 0.11831097187499999 0.47936830468749997 0.2480604015625 0.47936830468749997 0.2480604015625 0.36524950624999997 0.11831097187499999 0.36524950624999997
2 0.304569715625 0.404098465625 0.304569715625 0.44051935625 0.3272758453125 0.44051935625 0.3272758453125 0.404098465625 0.304569715625 0.404098465625
2 0.3163495765625 0.40167040312499996 0.3163495765625 0.4502315921875 0.351859946875 0.4502315921875 0.351859946875 0.40167040312499996 0.3163495765625 0.40167040312499996
2 0.347762596875 0.39924234375 0.347762596875 0.42595099999999997 0.366883565625 0.42595099999999997 0.366883565625 0.39924234375 0.347762596875 0.39924234375
2 0.4911698609375 0.404098465625 0.4911698609375 0.43080711875000005 0.504827696875 0.43080711875000005 0.504827696875 0.404098465625 0.4911698609375 0.404098465625
2 0.46658576093750004 0.3968142828125 0.46658576093750004 0.44294741406249993 0.49390142812500004 0.44294741406249993 0.49390142812500004 0.3968142828125 0.46658576093750004 0.3968142828125
2 0.45019635625000004 0.404098465625 0.45019635625000004 0.45265965625 0.485706728125 0.45265965625 0.485706728125 0.404098465625 0.45019635625000004 0.404098465625
2 0.5335091484375 0.404098465625 0.5335091484375 0.4429474171875 0.5485327671875 0.4429474171875 0.5485327671875 0.404098465625 0.5335091484375 0.404098465625
2 0.49936456093750003 0.3943862265625 0.49936456093750003 0.45994383125000005 0.5403380640625 0.45994383125000005 0.5403380640625 0.3943862265625 0.49936456093750003 0.3943862265625
2 0.34503103125 0.38953010625 0.34503103125 0.5230733796875 0.4720488921875 0.5230733796875 0.4720488921875 0.38953010625 0.34503103125 0.38953010625
2 0.54170385 0.39924234375 0.54170385 0.48179636875 0.592237840625 0.48179636875 0.592237840625 0.39924234375 0.54170385 0.39924234375
2 0.0035851609375000004 0.42352293906250005 0.0035851609375000004 0.44294741562500006 0.021340346875 0.44294741562500006 0.021340346875 0.42352293906250005 0.0035851609375000004 0.42352293906250005
2 0.587560046875 0.4030578796875 0.587560046875 0.42976653281250005 0.60941258125 0.42976653281250005 0.60941258125 0.4030578796875 0.587560046875 0.4030578796875