2 0.562041084375 0.49469409531249997 0.562041084375 0.52683696875 0.57495563125 0.52683696875 0.57495563125 0.49469409531249997 0.562041084375 0.49469409531249997
2 0.5430997484375 0.45336754375000005 0.5430997484375 0.4656124515625 0.5508484765625 0.4656124515625 0.5508484765625 0.45336754375000005 0.5430997484375 0.45336754375000005
2 0.552570415625 0.4518369328125 0.552570415625 0.46408183750000004 0.5594581734374999 0.46408183750000004 0.5594581734374999 0.4518369328125 0.552570415625 0.4518369328125
2 0.5551533265625 0.4548981578125 0.5551533265625 0.4702042890625 0.563763025 0.4702042890625 0.563763025 0.4548981578125 0.5551533265625 0.4548981578125
2 0.556875265625 0.46408183750000004 0.556875265625 0.47632674062499997 0.5637630234375 0.47632674062499997 0.5637630234375 0.46408183750000004 0.556875265625 0.46408183750000004
2 0.5603191437499999 0.4656124515625 0.5603191437499999 0.48551042187500004 0.5732336921875001 0.48551042187500004 0.5732336921875001 0.4656124515625 0.5603191437499999 0.4656124515625
2 0.5325959078125 0.45642877187500003 0.5325959078125 0.4702042859375 0.538622696875 0.4702042859375 0.538622696875 0.45642877187500003 0.5325959078125 0.45642877187500003
2 0.5257081484375 0.4625512234375 0.5257081484375 0.47938796562499997 0.53690075625 0.47938796562499997 0.53690075625 0.4625512234375 0.5257081484375 0.4625512234375
2 0.53087396875 0.47938796562499997 0.53087396875 0.487041028125 0.5446494859375 0.487041028125 0.5446494859375 0.47938796562499997 0.53087396875 0.47938796562499997
2 0.57220054375 0.482449215625 0.57220054375 0.5635717 0.6264416374999999 0.5635717 0.6264416374999999 0.482449215625 0.57220054375 0.482449215625
2 0.7607529234375 0.5253063734375 0.7607529234375 0.6018370234375 0.8227427468749999 0.6018370234375 0.8227427468749999 0.5253063734375 0.7607529234375 0.5253063734375
2 0.7555871046875 0.5100002453125 0.7555871046875 0.5283676015625 0.7796942578125 0.5283676015625 0.7796942578125 0.5100002453125 0.7555871046875 0.5100002453125
2 0.49350788593750006 0.4763267640625 0.49350788593750006 0.50387779375 0.5072834015625001 0.50387779375 0.5072834015625001 0.4763267640625 0.49350788593750006 0.4763267640625
2 0.4831762484375 0.48397982968750003 0.4831762484375 0.5237757656250001 0.49436885625000004 0.5237757656250001 0.49436885625000004 0.48397982968750003 0.4831762484375 0.48397982968750003
2 0.4702617015625 0.47785737656249994 0.4702617015625 0.5298982140625 0.48489818749999997 0.5298982140625 0.48489818749999997 0.47785737656249994 0.4702617015625 0.47785737656249994
2 0.4392667890625 0.47173492499999997 0.4392667890625 0.53602066875 0.47542751875 0.53602066875 0.47542751875 0.47173492499999997 0.4392667890625 0.47173492499999997
2 0.37693258281249997 0.45612265625 0.37693258281249997 0.566326784375 0.45269792343750004 0.566326784375 0.45269792343750004 0.45612265625 0.37693258281249997 0.45612265625
2 0.5184760078124999 0.44693897656250003 0.5184760078124999 0.46071449062500003 0.5262247375 0.46071449062500003 0.5262247375 0.44693897656250003 0.5184760078124999 0.44693897656250003
2 0.49350788593750006 0.488265525 0.49350788593750006 0.5984696578124999 0.573578075 0.5984696578124999 0.573578075 0.488265525 0.49350788593750006 0.488265525
2 0.5064224328125 0.44693897656250003 0.5064224328125 0.46071449062500003 0.514171159375 0.46071449062500003 0.514171159375 0.44693897656250003 0.5064224328125 0.44693897656250003
2 0.6217923812499999 0.459183878125 0.6217923812499999 0.641326815625 0.760408515625 0.641326815625 0.760408515625 0.459183878125 0.6217923812499999 0.459183878125
2 0.8170603171874999 0.517347171875 0.8170603171874999 0.64132681875 0.9470667531249999 0.64132681875 0.9470667531249999 0.517347171875 0.8170603171874999 0.517347171875
4 0.8592478328125001 0.4943879765625 0.8592478328125001 0.5204083953125 0.8704404421874999 0.5204083953125 0.8704404421874999 0.4943879765625 0.8592478328125001 0.4943879765625