2 0.6272164796874999 0.4561226546875 0.6272164796874999 0.4806124609375 0.6418529656249999 0.4806124609375 0.6418529656249999 0.4561226546875 0.6272164796874999 0.4561226546875
2 0.615162903125 0.4561226546875 0.615162903125 0.4852042984375 0.6315213296875 0.4852042984375 0.6315213296875 0.4561226546875 0.615162903125 0.4561226546875
2 0.5746973234375 0.434694071875 0.5746973234375 0.49744920312499996 0.6194677515625 0.49744920312499996 0.6194677515625 0.434694071875 0.5746973234375 0.434694071875
2 0.5557559890625 0.45765326718750005 0.5557559890625 0.5173471703125 0.59622156875 0.5173471703125 0.59622156875 0.45765326718750005 0.5557559890625 0.45765326718750005
2 0.5187342890625 0.45765326718750005 0.5187342890625 0.5464288171875 0.5686705359374999 0.5464288171875 0.5686705359374999 0.45765326718750005 0.5187342890625 0.45765326718750005
2 0.4576054359375 0.46071449375 0.4576054359375 0.5908165921874999 0.5428414421875 0.5908165921874999 0.5428414421875 0.46071449375 0.4576054359375 0.46071449375
2 0.67823219375 0.4561226546875 0.67823219375 0.4851563125 0.6958386734374999 0.4851563125 0.6958386734374999 0.4561226546875 0.67823219375 0.4561226546875
2 0.688345334375 0.46071449375 0.688345334375 0.495918590625 0.709008609375 0.495918590625 0.709008609375 0.46071449375 0.688345334375 0.46071449375
2 0.704703759375 0.46683694375 0.704703759375 0.5112247187500001 0.7382815796875 0.5112247187500001 0.7382815796875 0.46683694375 0.704703759375 0.46683694375
2 0.71761830625 0.46836755625000004 0.71761830625 0.5250002359375 0.77099843125 0.5250002359375 0.77099843125 0.46836755625000004 0.71761830625 0.46836755625000004
2 0.761527765625 0.46836755625000004 0.761527765625 0.541836978125 0.8261004984375001 0.541836978125 0.8261004984375001 0.46836755625000004 0.761527765625 0.46836755625000004
2 0.7873568578125 0.47602062187499994 0.7873568578125 0.5831635281249999 0.8631221984374999 0.5831635281249999 0.8631221984374999 0.47602062187499994 0.7873568578125 0.47602062187499994
2 0.84331989375 0.46224510625 0.84331989375 0.627551303125 0.9931286343749999 0.627551303125 0.9931286343749999 0.46224510625 0.84331989375 0.46224510625
2 0.9182242640625 0.49744920312499996 0.9182242640625 0.7147962390625 0.9965725140625 0.7147962390625 0.9965725140625 0.49744920312499996 0.9182242640625 0.49744920312499996
2 0.1974669703125 0.38112261875 0.1974669703125 0.7117350140625 0.4781431171875 0.7117350140625 0.4781431171875 0.38112261875 0.1974669703125 0.38112261875
2 0.0003048921875 0.5035716546875 0.0003048921875 0.9658167593749999 0.214686365625 0.9658167593749999 0.214686365625 0.5035716546875 0.0003048921875 0.5035716546875
2 0.670577203125 0.4633821171875 0.670577203125 0.4824345375 0.681294190625 0.4824345375 0.681294190625 0.4633821171875 0.670577203125 0.4633821171875
2 0.6621567140625 0.45793856718750003 0.6621567140625 0.47563010156249996 0.6721082015625 0.47563010156249996 0.6721082015625 0.45793856718750003 0.6621567140625 0.45793856718750003
2 0.649143228125 0.45793856718750003 0.649143228125 0.470186553125 0.6590947171875 0.470186553125 0.6590947171875 0.45793856718750003 0.649143228125 0.45793856718750003