2 0.3824222796875 0.5515930609375 0.3824222796875 0.5777703578125 0.39925054375 0.5777703578125 0.39925054375 0.5515930609375 0.3824222796875 0.5515930609375
2 0.3950434765625 0.547853446875 0.3950434765625 0.5646817093750001 0.4066129078125 0.5646817093750001 0.4066129078125 0.547853446875 0.3950434765625 0.547853446875
2 0.40976820625 0.5441138328124999 0.40976820625 0.5833797796875 0.42659647031250003 0.5833797796875 0.42659647031250003 0.5441138328124999 0.40976820625 0.5441138328124999
2 0.46971889375 0.555332675 0.46971889375 0.58711939375 0.48128832343749994 0.58711939375 0.48128832343749994 0.555332675 0.46971889375 0.555332675
2 0.47497772656250004 0.547853446875 0.47497772656250004 0.598338234375 0.5096860171875 0.598338234375 0.5096860171875 0.547853446875 0.47497772656250004 0.547853446875
2 0.50653071875 0.5572024812499999 0.50653071875 0.6226457265625001 0.54649784375 0.6226457265625001 0.54649784375 0.5572024812499999 0.50653071875 0.5572024812499999
2 0.5412390109375 0.5291553765625 0.5412390109375 0.6413437953125001 0.6053967640625 0.6413437953125001 0.6053967640625 0.5291553765625 0.5412390109375 0.5291553765625
2 0.58099576875 0.516066728125 0.58099576875 0.661911671875 0.690379478125 0.661911671875 0.690379478125 0.516066728125 0.58099576875 0.516066728125
2 0.6114969953125 0.55346286875 0.6114969953125 0.7030474265625 0.7576925609375 0.7030474265625 0.7576925609375 0.55346286875 0.6114969953125 0.55346286875
2 0.3536564625 0.5520605125 0.3536564625 0.5969358812500001 0.3862612203125 0.5969358812500001 0.3862612203125 0.5520605125 0.3536564625 0.5520605125
2 0.41045185 0.53523225 0.41045185 0.63433201875 0.47355783437500004 0.63433201875 0.47355783437500004 0.53523225 0.41045185 0.53523225
2 0.7209858875 0.544581284375 0.7209858875 0.798875034375 0.9649956984375001 0.798875034375 0.9649956984375001 0.544581284375 0.7209858875 0.544581284375
2 0 0.84141314375 0.180903825 0.84141314375 0.180903825 0.48614981718749994 0 0.48614981718749994 0 0.84141314375