2 0 0.5025675984375 0.10138001562500001 0.5025675984375 0.10138001562500001 0.308472528125 0 0.308472528125 0 0.5025675984375
2 0.089682321875 0.3569962953125 0.089682321875 0.4783057171875 0.208608878125 0.4783057171875 0.208608878125 0.3569962953125 0.089682321875 0.3569962953125
2 0.7564508875 0.2668807265625 0.7564508875 0.8266370515625001 0.9982032343749999 0.8266370515625001 0.9982032343749999 0.2668807265625 0.7564508875 0.2668807265625
2 0.579035859375 0.3431323609375 0.579035859375 0.507766578125 0.7155089578125 0.507766578125 0.7155089578125 0.3431323609375 0.579035859375 0.3431323609375
2 0.531270275 0.3708602296875 0.531270275 0.42284998125 0.5819602859375 0.42284998125 0.5819602859375 0.3708602296875 0.531270275 0.3708602296875
2 0.521522196875 0.37432621250000003 0.521522196875 0.419383996875 0.5371191234375 0.419383996875 0.5371191234375 0.37432621250000003 0.521522196875 0.37432621250000003
2 0.51177411875 0.3691272375 0.51177411875 0.40725305624999997 0.5283458515625 0.40725305624999997 0.5283458515625 0.3691272375 0.51177411875 0.3691272375
2 0.50397565625 0.3708602296875 0.50397565625 0.38819014687500003 0.5195725828125 0.38819014687500003 0.5195725828125 0.3708602296875 0.50397565625 0.3708602296875
2 0.49325277031250003 0.3569962953125 0.49325277031250003 0.37952518749999997 0.5069000796875 0.37952518749999997 0.5069000796875 0.3569962953125 0.49325277031250003 0.3569962953125
2 0.4727818046875 0.3500643296875 0.4727818046875 0.3673942453125 0.48545430781250004 0.3673942453125 0.48545430781250004 0.3500643296875 0.4727818046875 0.3500643296875
2 0.3733514046875 0.3639282625 0.3733514046875 0.43324793125000005 0.44256276093749997 0.43324793125000005 0.44256276093749997 0.3639282625 0.3733514046875 0.3639282625
2 0.3372835140625 0.3656612546875 0.3372835140625 0.419383996875 0.372376596875 0.419383996875 0.372376596875 0.3656612546875 0.3372835140625 0.3656612546875