2 0.40844378593749997 0.353265234375 0.40844378593749997 0.378979515625 0.429107046875 0.378979515625 0.429107046875 0.353265234375 0.40844378593749997 0.353265234375
2 0.4346172609375 0.352040753125 0.4346172609375 0.386938703125 0.45114787031250003 0.386938703125 0.45114787031250003 0.352040753125 0.4346172609375 0.352040753125
2 0.444948890625 0.37040809375 0.444948890625 0.390612171875 0.463545825 0.390612171875 0.463545825 0.37040809375 0.444948890625 0.37040809375
2 0.467678478125 0.3667346265625 0.467678478125 0.37775503125 0.4759437828125 0.37775503125 0.4759437828125 0.3667346265625 0.467678478125 0.3667346265625
2 0.544476925 0.3312244234375 0.544476925 0.37346931250000004 0.60026773125 0.37346931250000004 0.60026773125 0.3312244234375 0.544476925 0.3312244234375
2 0.5868366093749999 0.32204075312499997 0.5868366093749999 0.375306046875 0.6508927203125 0.375306046875 0.6508927203125 0.32204075312499997 0.5868366093749999 0.32204075312499997
2 0.5723723265625 0.3459183 0.5723723265625 0.37530604843750004 0.61369885 0.37530604843750004 0.61369885 0.3459183 0.5723723265625 0.3459183
2 0.6384947624999999 0.3275509546875 0.6384947624999999 0.3661223734375 0.6746554687499999 0.3661223734375 0.6746554687499999 0.3275509546875 0.6384947624999999 0.3275509546875
2 0.631262621875 0.338326465625 0.631262621875 0.38791829375 0.7108161749999999 0.38791829375 0.7108161749999999 0.338326465625 0.631262621875 0.338326465625
2 0.7188748656249999 0.32179585781250003 0.7188748656249999 0.35853054375000004 0.7550355734374999 0.35853054375000004 0.7550355734374999 0.32179585781250003 0.7188748656249999 0.32179585781250003
2 0.7560687359375 0.30159178125 0.7560687359375 0.3585305453125 0.8459539203125 0.3585305453125 0.8459539203125 0.30159178125 0.7560687359375 0.30159178125
2 0.7733225390625 0.3076529953125 0.7733225390625 0.3645917609375 0.8456439515625 0.3645917609375 0.8456439515625 0.3076529953125 0.7733225390625 0.3076529953125
2 0.7898531484375 0.31132646249999996 0.7898531484375 0.3627550234375 0.8714730296875001 0.3627550234375 0.8714730296875001 0.31132646249999996 0.7898531484375 0.31132646249999996
2 0.8063837578124999 0.31132646249999996 0.8063837578124999 0.38112236718750003 0.903501084375 0.38112236718750003 0.903501084375 0.31132646249999996 0.8063837578124999 0.31132646249999996