2 0.2253954265625 0.6069629937500001 0.2253954265625 0.6177057015625 0.23949523125 0.6177057015625 0.23949523125 0.6069629937500001 0.2253954265625 0.6069629937500001
2 0.211295621875 0.603382090625 0.211295621875 0.619496153125 0.22237404062500002 0.619496153125 0.22237404062500002 0.603382090625 0.211295621875 0.603382090625
2 0.1992100765625 0.5980107375 0.1992100765625 0.6177057015625 0.21028849218749998 0.6177057015625 0.21028849218749998 0.5980107375 0.1992100765625 0.5980107375
2 0.161946309375 0.603382090625 0.161946309375 0.619496153125 0.1730247265625 0.619496153125 0.1730247265625 0.603382090625 0.161946309375 0.603382090625
2 0.1448251171875 0.5962202859375 0.1448251171875 0.6123343484375 0.15993205 0.6123343484375 0.15993205 0.5962202859375 0.1448251171875 0.5962202859375
2 0.077347484375 0.5908489328125001 0.077347484375 0.61591525 0.10756135 0.61591525 0.10756135 0.5908489328125001 0.077347484375 0.5908489328125001
2 0.0290053 0.5836871265625 0.0290053 0.6123343453125 0.059219165625 0.6123343453125 0.059219165625 0.5836871265625 0.0290053 0.5836871265625
2 0.3925788171875 0.6123343484375 0.3925788171875 0.626657959375 0.4046643625 0.626657959375 0.4046643625 0.6123343484375 0.3925788171875 0.6123343484375
2 0.3996287203125 0.6123343484375 0.3996287203125 0.6320293125 0.4147356515625 0.6320293125 0.4147356515625 0.6123343484375 0.3996287203125 0.6123343484375
2 0.3734433703125 0.610543896875 0.3734433703125 0.6409815703125 0.3905645625 0.6409815703125 0.3905645625 0.610543896875 0.3734433703125 0.610543896875
2 0.4177570390625 0.6123343484375 0.4177570390625 0.6517242765625 0.44494951875 0.6517242765625 0.44494951875 0.6123343484375 0.4177570390625 0.6123343484375
2 0.4630778390625 0.58905848125 0.4630778390625 0.716180525 0.546669534375 0.716180525 0.546669534375 0.58905848125 0.4630778390625 0.58905848125