2 0.43260284687499995 0.4199997046875 0.43260284687499995 0.45281218125 0.45501494375 0.45281218125 0.45501494375 0.4199997046875 0.43260284687499995 0.4199997046875
2 0.4563333015625 0.4270309515625 0.4563333015625 0.45515593125000003 0.48138211093749994 0.45515593125000003 0.48138211093749994 0.4270309515625 0.4563333015625 0.4270309515625
2 0.346909546875 0.4199997046875 0.346909546875 0.4364059421875 0.3600931328125 0.4364059421875 0.3600931328125 0.4199997046875 0.346909546875 0.4199997046875
2 0.280991625 0.41765595624999996 0.280991625 0.43406219375 0.2968119265625 0.43406219375 0.2968119265625 0.41765595624999996 0.280991625 0.41765595624999996
2 0.298130284375 0.41765595624999996 0.298130284375 0.42937469687499996 0.31131386875 0.42937469687499996 0.31131386875 0.41765595624999996 0.298130284375 0.41765595624999996
2 0.269126396875 0.422343453125 0.269126396875 0.4434371875 0.2783549078125 0.4434371875 0.2783549078125 0.422343453125 0.269126396875 0.422343453125
2 0.2506693796875 0.422343453125 0.2506693796875 0.45515593125000003 0.27439983125 0.45515593125000003 0.27439983125 0.422343453125 0.2506693796875 0.422343453125
2 0.324497453125 0.422343453125 0.324497453125 0.47390591718749997 0.35613805625 0.47390591718749997 0.35613805625 0.422343453125 0.324497453125 0.422343453125
1 0.3218607359375 0.40124971875000004 0.3218607359375 0.43640594374999997 0.3469095484375 0.43640594374999997 0.3469095484375 0.40124971875000004 0.3218607359375 0.40124971875000004
2 0.3732767171875 0.41765595624999996 0.3732767171875 0.43640594374999997 0.3838235859375 0.43640594374999997 0.3838235859375 0.41765595624999996 0.3732767171875 0.41765595624999996
2 0.3825052265625 0.4199997046875 0.3825052265625 0.4410934375 0.4101907546875 0.4410934375 0.4101907546875 0.4199997046875 0.3825052265625 0.4199997046875
2 0.3614114890625 0.4199997046875 0.3614114890625 0.4434371875 0.3772317921875 0.4434371875 0.3772317921875 0.4199997046875 0.3614114890625 0.4199997046875
2 0.5235695828125 0.40124971875000004 0.5235695828125 0.628593309375 0.7041846921875 0.628593309375 0.7041846921875 0.40124971875000004 0.5235695828125 0.40124971875000004
2 0.26648968125 0.4270309515625 0.26648968125 0.50906214375 0.3297708890625 0.50906214375 0.3297708890625 0.4270309515625 0.26648968125 0.4270309515625
2 0 0.8067181890624999 0.1597026453125 0.8067181890624999 0.1597026453125 0.40593721250000003 0 0.40593721250000003 0 0.8067181890624999
2 0.8426123328124999 0.65437454375 0.8426123328124999 0.9989055562500001 0.9994969906250001 0.9989055562500001 0.9994969906250001 0.65437454375 0.8426123328124999 0.65437454375
4 0.20716355000000003 0.422343453125 0.20716355000000003 0.45515593125000003 0.216392059375 0.45515593125000003 0.216392059375 0.422343453125 0.20716355000000003 0.422343453125