4 0.1836488375 0.429868425 0.1836488375 0.5968421078125 0.21162581249999998 0.5968421078125 0.21162581249999998 0.429868425 0.1836488375 0.429868425
4 0.4104621609375 0.46184210625000005 0.4104621609375 0.6057236859375 0.4454333765625 0.6057236859375 0.4454333765625 0.46184210625000005 0.4104621609375 0.46184210625000005
4 0.5793231828125001 0.47960526718749996 0.5793231828125001 0.5204605296875 0.6013050890625 0.5204605296875 0.6013050890625 0.47960526718749996 0.5793231828125001 0.47960526718749996
4 0.5723289390625 0.5009210562499999 0.5723289390625 0.5364473703125 0.5823207140625 0.5364473703125 0.5823207140625 0.5009210562499999 0.5723289390625 0.5009210562499999
4 0.5673330484375 0.49381579374999995 0.5673330484375 0.5435526359375 0.579323184375 0.5435526359375 0.579323184375 0.49381579374999995 0.5673330484375 0.49381579374999995
4 0.5533445625 0.49559210781249996 0.5533445625 0.5471052671875001 0.566333875 0.5471052671875001 0.566333875 0.49559210781249996 0.5533445625 0.49559210781249996
4 0.548348675 0.48848684374999995 0.548348675 0.5382236890625001 0.557341275 0.5382236890625001 0.557341275 0.48848684374999995 0.548348675 0.48848684374999995
4 0.5393560749999999 0.48848684374999995 0.5393560749999999 0.5488815812500001 0.5503470312500001 0.5488815812500001 0.5503470312500001 0.48848684374999995 0.5393560749999999 0.48848684374999995
2 0.468414465625 0.48493421249999996 0.468414465625 0.52223684375 0.47940541875 0.52223684375 0.47940541875 0.48493421249999996 0.468414465625 0.48493421249999996
2 0.4764078859375 0.47250000312499996 0.4764078859375 0.5240131625 0.506383215625 0.5240131625 0.506383215625 0.47250000312499996 0.4764078859375 0.47250000312499996
2 0.48939719375 0.49559210781249996 0.48939719375 0.5417763140625 0.5243684109375 0.5417763140625 0.5243684109375 0.49559210781249996 0.48939719375 0.49559210781249996
2 0.4913955484375 0.50802631875 0.4913955484375 0.5666447406249999 0.540355253125 0.5666447406249999 0.540355253125 0.50802631875 0.4913955484375 0.50802631875
4 0.9839901234375 0.492039475 0.9839901234375 0.557763159375 0.999976965625 0.557763159375 0.999976965625 0.492039475 0.9839901234375 0.492039475
6 0.22461512187500002 0.31796052812500003 0.22461512187500002 0.6359210578125001 0.41345969218749995 0.6359210578125001 0.41345969218749995 0.31796052812500003 0.22461512187500002 0.31796052812500003
2 0.0001812703125 0.4032236875 0.0001812703125 0.5986184203125 0.237604428125 0.5986184203125 0.237604428125 0.4032236875 0.0001812703125 0.4032236875
2 0.4913955484375 0.41565789531249997 0.4913955484375 0.735394740625 0.999976965625 0.735394740625 0.999976965625 0.41565789531249997 0.4913955484375 0.41565789531249997
6 0.38118686875 0.33656226875 0.38118686875 0.5873433453125 0.476108678125 0.5873433453125 0.476108678125 0.33656226875 0.38118686875 0.33656226875