2 0.45967804218749997 0.47896374374999995 0.45967804218749997 0.49379890312499997 0.4692149296875 0.49379890312499997 0.4692149296875 0.47896374374999995 0.45967804218749997 0.47896374374999995
2 0.4489490421875 0.47684443437499996 0.4489490421875 0.4959182109375 0.4572938203125 0.4959182109375 0.4572938203125 0.47684443437499996 0.4489490421875 0.47684443437499996
2 0.44060426562500005 0.47684443437499996 0.44060426562500005 0.5001568296875 0.4537174859375 0.5001568296875 0.4537174859375 0.47684443437499996 0.44060426562500005 0.47684443437499996
2 0.43106737656250005 0.47472512499999997 0.43106737656250005 0.5043954453125 0.4429884859375 0.5043954453125 0.4429884859375 0.47472512499999997 0.43106737656250005 0.47472512499999997
2 0.4143778203125 0.47684443437499996 0.4143778203125 0.5086340640625 0.43106737656250005 0.5086340640625 0.43106737656250005 0.47684443437499996 0.4143778203125 0.47684443437499996
2 0.4775597078125 0.47896374374999995 0.4775597078125 0.49167959375 0.487096596875 0.49167959375 0.487096596875 0.47896374374999995 0.4775597078125 0.47896374374999995
2 0.4835202625 0.47472512499999997 0.4835202625 0.49167959375 0.493057153125 0.49167959375 0.493057153125 0.47472512499999997 0.4835202625 0.47472512499999997
2 0.48948081875 0.47684443437499996 0.48948081875 0.49379890312499997 0.5049782625 0.49379890312499997 0.5049782625 0.47684443437499996 0.48948081875 0.47684443437499996
2 0.5049782625 0.47472512499999997 0.5049782625 0.4959182109375 0.5180914859375 0.4959182109375 0.5180914859375 0.47472512499999997 0.5049782625 0.47472512499999997
2 0.4692149296875 0.47896374374999995 0.4692149296875 0.5001568296875 0.47875181875 0.5001568296875 0.47875181875 0.47896374374999995 0.4692149296875 0.47896374374999995
2 0.52047570625 0.47260581718749994 0.52047570625 0.4980375203125 0.534781040625 0.4980375203125 0.534781040625 0.47260581718749994 0.52047570625 0.47260581718749994
2 0.5264362625000001 0.47684443437499996 0.5264362625000001 0.5043954453125 0.5383573734375 0.5043954453125 0.5383573734375 0.47684443437499996 0.5264362625000001 0.47684443437499996
2 0.5335889296875 0.46624789218749996 0.5335889296875 0.510753371875 0.5621995953125001 0.510753371875 0.5621995953125001 0.46624789218749996 0.5335889296875 0.46624789218749996
2 0.397688265625 0.483202359375 0.397688265625 0.5149919890625 0.4215304875 0.5149919890625 0.4215304875 0.483202359375 0.397688265625 0.483202359375
2 0.372177078125 0.483202359375 0.372177078125 0.5234692234375 0.40078774375000004 0.5234692234375 0.40078774375000004 0.483202359375 0.372177078125 0.483202359375
2 0.32568474531249997 0.47472512499999997 0.32568474531249997 0.5383043828125 0.37932974375 0.5383043828125 0.37932974375 0.47472512499999997 0.32568474531249997 0.47472512499999997
2 0.2305542859375 0.47472512499999997 0.2305542859375 0.5234692234375 0.29850461875 0.5234692234375 0.29850461875 0.47472512499999997 0.2305542859375 0.47472512499999997
2 0.066758221875 0.45565134843750005 0.066758221875 0.5319464578125 0.1752403296875 0.5319464578125 0.1752403296875 0.45565134843750005 0.066758221875 0.45565134843750005
2 0.5762664921875 0.483202359375 0.5762664921875 0.5510202343749999 0.6287193796875 0.5510202343749999 0.6287193796875 0.483202359375 0.5762664921875 0.483202359375
2 0.75365264375 0.45141273125000003 0.75365264375 0.5404236921875001 0.8847848624999999 0.5404236921875001 0.8847848624999999 0.45141273125000003 0.75365264375 0.45141273125000003
2 0.0696192859375 0.46412858281249997 0.0696192859375 0.6379118874999999 0.2412832828125 0.6379118874999999 0.2412832828125 0.46412858281249997 0.0696192859375 0.46412858281249997
2 0.2615491828125 0.48532166875 0.2615491828125 0.5637360859375 0.334267959375 0.5637360859375 0.334267959375 0.48532166875 0.2615491828125 0.48532166875
2 0.5407415953125 0.47684443437499996 0.5407415953125 0.5192306062500001 0.5717364828125 0.5192306062500001 0.5717364828125 0.47684443437499996 0.5407415953125 0.47684443437499996
2 0.618944090625 0.4620092734375 0.618944090625 0.60400295 0.7250419765625 0.60400295 0.7250419765625 0.4620092734375 0.618944090625 0.4620092734375
2 0.771891928125 0.521349915625 0.771891928125 0.82441104375 0.998393034375 0.82441104375 0.998393034375 0.521349915625 0.771891928125 0.521349915625