2 0.469716571875 0.43608254375 0.469716571875 0.4587629609375 0.4836341 0.4587629609375 0.4836341 0.43608254375 0.469716571875 0.43608254375
2 0.4604382203125 0.44226811406250005 0.4604382203125 0.4711341 0.48015471718749997 0.4711341 0.48015471718749997 0.44226811406250005 0.4604382203125 0.44226811406250005
2 0.438402134375 0.4505155375 0.438402134375 0.47525780624999997 0.46043821874999996 0.47525780624999997 0.46043821874999996 0.4505155375 0.438402134375 0.4505155375
2 0.525386684375 0.4340206875 0.525386684375 0.4505155375 0.53814441875 0.4505155375 0.53814441875 0.4340206875 0.525386684375 0.4340206875
2 0.469716571875 0.464948528125 0.469716571875 0.49793822499999996 0.49059286562500004 0.49793822499999996 0.49059286562500004 0.464948528125 0.469716571875 0.464948528125
2 0.48247430625 0.47731966718749996 0.48247430625 0.528866065625 0.5091495703125 0.528866065625 0.5091495703125 0.47731966718749996 0.48247430625 0.47731966718749996
2 0.441881515625 0.47938152343749996 0.441881515625 0.5309279250000001 0.47319595468750003 0.5309279250000001 0.47319595468750003 0.47938152343749996 0.441881515625 0.47938152343749996
2 0.29690726562499997 0.42783512031250004 0.29690726562499997 0.6340207234374999 0.43492275312500006 0.6340207234374999 0.43492275312500006 0.42783512031250004 0.29690726562499997 0.42783512031250004
2 0.0927835203125 0.46082481875000003 0.0927835203125 0.6422681453125 0.28067015 0.6422681453125 0.28067015 0.46082481875000003 0.0927835203125 0.46082481875000003
4 0.015077321874999999 0.5206186421875 0.015077321874999999 0.6216495859375 0.039432996875 0.6216495859375 0.039432996875 0.5206186421875 0.015077321874999999 0.5206186421875
2 0.5474227703125 0.43195883593750006 0.5474227703125 0.4628866734375 0.5671392671875 0.4628866734375 0.5671392671875 0.43195883593750006 0.5474227703125 0.43195883593750006
2 0.5509021515625 0.4484536828125 0.5509021515625 0.46701038749999996 0.576417621875 0.46701038749999996 0.576417621875 0.4484536828125 0.5509021515625 0.4484536828125
2 0.5914949421875 0.48350523437500004 0.5914949421875 0.50824750625 0.6123712359375 0.50824750625 0.6123712359375 0.48350523437500004 0.5914949421875 0.48350523437500004
2 0.6019330890625 0.50824750625 0.6019330890625 0.565979475 0.628608353125 0.565979475 0.628608353125 0.50824750625 0.6019330890625 0.50824750625
2 0.478994925 0.464948528125 0.478994925 0.640206290625 0.6123712359375 0.640206290625 0.6123712359375 0.464948528125 0.478994925 0.464948528125