2 0.23882792187500002 0.5181645265625 0.23882792187500002 0.634274971875 0.32071178125 0.634274971875 0.32071178125 0.5181645265625 0.23882792187500002 0.5181645265625
2 0.223230996875 0.5510913687500001 0.223230996875 0.6013481296875 0.24662638593750003 0.6013481296875 0.24662638593750003 0.5510913687500001 0.223230996875 0.5510913687500001
2 0.19106233749999998 0.532028459375 0.19106233749999998 0.6100130890625 0.2242058046875 0.6100130890625 0.2242058046875 0.532028459375 0.19106233749999998 0.532028459375
2 0.046790776562500004 0.5510913687500001 0.046790776562500004 0.64813890625 0.12282578749999999 0.64813890625 0.12282578749999999 0.5510913687500001 0.046790776562500004 0.5510913687500001
2 0.0009748078125000001 0.5753532546875 0.0009748078125000001 0.6827987421875 0.0604380859375 0.6827987421875 0.0604380859375 0.5753532546875 0.0009748078125000001 0.5753532546875
2 0.0848082828125 0.53029546875 0.0848082828125 0.6498718953125 0.208608878125 0.6498718953125 0.208608878125 0.53029546875 0.0848082828125 0.53029546875
2 0.5127489265625 0.49563563281249995 0.5127489265625 0.58748419375 0.5614893203125 0.58748419375 0.5614893203125 0.49563563281249995 0.5127489265625 0.49563563281249995
2 0.551741240625 0.49563563281249995 0.551741240625 0.55629034375 0.5809854765625 0.55629034375 0.5809854765625 0.49563563281249995 0.551741240625 0.49563563281249995
6 0.5829350921875001 0.4852376828125 0.5829350921875001 0.54069341875 0.6053556734375001 0.54069341875 0.6053556734375001 0.4852376828125 0.5829350921875001 0.4852376828125
2 0.5946327859375 0.4904366578125 0.5946327859375 0.5441594015625 0.62972586875 0.5441594015625 0.62972586875 0.4904366578125 0.5946327859375 0.4904366578125
2 0.6004816328125 0.5043005921875 0.6004816328125 0.5580233359375 0.6297258703125 0.5580233359375 0.6297258703125 0.5043005921875 0.6004816328125 0.5043005921875
2 0.6199777890625 0.497368625 0.6199777890625 0.559756328125 0.64532279375 0.559756328125 0.64532279375 0.497368625 0.6199777890625 0.497368625
6 0.6365495234375 0.46097579843750003 0.6365495234375 0.5788192359375001 0.7320806921874999 0.5788192359375001 0.7320806921874999 0.46097579843750003 0.6365495234375 0.46097579843750003
2 0.696012803125 0.4887036671875 0.696012803125 0.6065471046875001 0.8090905109375001 0.6065471046875001 0.8090905109375001 0.4887036671875 0.696012803125 0.4887036671875
2 0.7856951234375 0.44884485625000003 0.7856951234375 0.660269846875 0.99917804375 0.660269846875 0.99917804375 0.44884485625000003 0.7856951234375 0.44884485625000003
2 0.3138881265625 0.40205408125000003 0.3138881265625 0.7451864421875001 0.5283458515625 0.7451864421875001 0.5283458515625 0.40205408125000003 0.3138881265625 0.40205408125000003