2 0.471685521875 0.43660147499999996 0.471685521875 0.44907580312500006 0.48182091250000003 0.44907580312500006 0.48182091250000003 0.43660147499999996 0.471685521875 0.43660147499999996
2 0.46466871093749995 0.43660147499999996 0.46466871093749995 0.447689765625 0.471685521875 0.447689765625 0.471685521875 0.43660147499999996 0.46466871093749995 0.43660147499999996
2 0.458431546875 0.43521543906250004 0.458431546875 0.44907580312500006 0.46778729375 0.44907580312500006 0.46778729375 0.43521543906250004 0.458431546875 0.43521543906250004
2 0.452194384375 0.43521543906250004 0.452194384375 0.4463037296875 0.458431546875 0.4463037296875 0.458431546875 0.43521543906250004 0.452194384375 0.43521543906250004
2 0.43738112031250004 0.42828525624999997 0.43738112031250004 0.44353165624999996 0.4506350921875 0.44353165624999996 0.4506350921875 0.42828525624999997 0.43738112031250004 0.42828525624999997
2 0.41555104531250003 0.42689921875000003 0.41555104531250003 0.451847875 0.43114395468750005 0.451847875 0.43114395468750005 0.42689921875000003 0.41555104531250003 0.42689921875000003
2 0.40073778125 0.42412714375 0.40073778125 0.45600598437500006 0.421788209375 0.45600598437500006 0.421788209375 0.42412714375 0.40073778125 0.42412714375
2 0.3781280625 0.4310573265625 0.3781280625 0.46432220312499994 0.40697494531249995 0.46432220312499994 0.40697494531249995 0.4310573265625 0.3781280625 0.4310573265625
2 0.358636925 0.43660147499999996 0.358636925 0.4657082390625 0.38124664375 0.4657082390625 0.38124664375 0.43660147499999996 0.358636925 0.43660147499999996
2 0.332128978125 0.4463037296875 0.332128978125 0.4684803125 0.3477218890625 0.4684803125 0.3477218890625 0.4463037296875 0.332128978125 0.4463037296875
2 0.3204342953125 0.44907580312500006 0.3204342953125 0.4684803140625 0.3368068515625 0.4684803140625 0.3368068515625 0.44907580312500006 0.3204342953125 0.44907580312500006
2 0.3071803234375 0.44907580312500006 0.3071803234375 0.474024459375 0.323552878125 0.474024459375 0.323552878125 0.44907580312500006 0.3071803234375 0.44907580312500006
2 0.2876891875 0.4463037296875 0.2876891875 0.4809546421875 0.311858196875 0.4809546421875 0.311858196875 0.4463037296875 0.2876891875 0.4463037296875
2 0.25182549375 0.4463037296875 0.25182549375 0.48511274843749996 0.2861298953125 0.48511274843749996 0.2861298953125 0.4463037296875 0.25182549375 0.4463037296875
2 0.2299954203125 0.44907580312500006 0.2299954203125 0.4837267140625 0.26663875937500003 0.4837267140625 0.26663875937500003 0.44907580312500006 0.2299954203125 0.44907580312500006
2 0.1941317265625 0.454619946875 0.1941317265625 0.49481500624999997 0.22453790156250003 0.49481500624999997 0.22453790156250003 0.454619946875 0.1941317265625 0.454619946875
2 0.15514945156249998 0.4629361671875 0.15514945156249998 0.50867536875 0.1964706640625 0.50867536875 0.1964706640625 0.4629361671875 0.15514945156249998 0.4629361671875
2 0.12786186093750002 0.451847875 0.12786186093750002 0.5045172609375 0.1660644890625 0.5045172609375 0.1660644890625 0.451847875 0.12786186093750002 0.451847875
2 0.0693884484375 0.46016409375 0.0693884484375 0.5128334796875 0.130200796875 0.5128334796875 0.130200796875 0.46016409375 0.0693884484375 0.46016409375
2 0.4899292328125 0.4396507609375 0.4899292328125 0.46598545312499995 0.5086407234375 0.46598545312499995 0.5086407234375 0.4396507609375 0.4899292328125 0.4396507609375