2 0.455659490625 0.32640055625 0.455659490625 0.340968915625 0.466585759375 0.340968915625 0.466585759375 0.32640055625 0.455659490625 0.32640055625
2 0.4611226234375 0.32640055625 0.4611226234375 0.34339697343750003 0.476146240625 0.34339697343750003 0.476146240625 0.32640055625 0.4611226234375 0.32640055625
2 0.4638541921875 0.33854085624999997 0.4638541921875 0.36282145312499997 0.47751202656249997 0.36282145312499997 0.47751202656249997 0.33854085624999997 0.4638541921875 0.33854085624999997
2 0.428343821875 0.32640055625 0.428343821875 0.3385408546875 0.4474647921875 0.3385408546875 0.4474647921875 0.32640055625 0.428343821875 0.32640055625
2 0.44200165625 0.32640055625 0.44200165625 0.3385408546875 0.4556594921875 0.3385408546875 0.4556594921875 0.32640055625 0.44200165625 0.32640055625
2 0.4433674390625 0.33611279375 0.4433674390625 0.35796533125 0.455659490625 0.35796533125 0.455659490625 0.33611279375 0.4433674390625 0.33611279375
2 0.41605177031249996 0.32640055625 0.41605177031249996 0.34339697343750003 0.428343821875 0.34339697343750003 0.428343821875 0.32640055625 0.41605177031249996 0.32640055625
2 0.39146766718750003 0.3239724984375 0.39146766718750003 0.345825034375 0.405125503125 0.345825034375 0.405125503125 0.3239724984375 0.39146766718750003 0.3239724984375
2 0.3955650171875 0.33368473593750003 0.3955650171875 0.355537271875 0.41195442031249996 0.355537271875 0.41195442031249996 0.33368473593750003 0.3955650171875 0.33368473593750003
2 0.424246471875 0.33368473593750003 0.424246471875 0.3725336875 0.448830575 0.3725336875 0.448830575 0.33368473593750003 0.424246471875 0.33368473593750003
2 0.47478045937499996 0.32882861874999997 0.47478045937499996 0.3701056296875 0.49526721093750004 0.3701056296875 0.49526721093750004 0.32882861874999997 0.47478045937499996 0.32882861874999997
6 0.332738978125 0.28755160625 0.332738978125 0.36282145 0.375078265625 0.36282145 0.375078265625 0.28755160625 0.332738978125 0.28755160625
2 0.279473421875 0.2996919046875 0.279473421875 0.39681428125 0.3313731953125 0.39681428125 0.3313731953125 0.2996919046875 0.279473421875 0.2996919046875
2 0.2016237640625 0.3191163796875 0.2016237640625 0.3725336875 0.22893943437500003 0.3725336875 0.22893943437500003 0.3191163796875 0.2016237640625 0.3191163796875
2 0.1661133953125 0.33125667812500004 0.1661133953125 0.37738980781250003 0.209818465625 0.37738980781250003 0.209818465625 0.33125667812500004 0.1661133953125 0.33125667812500004
6 0.004950943750000001 0.1928572828125 0.004950943750000001 0.40652652187499994 0.1633818265625 0.40652652187499994 0.1633818265625 0.1928572828125 0.004950943750000001 0.1928572828125
2 0.218013165625 0.3094041421875 0.218013165625 0.416238759375 0.31771536093749997 0.416238759375 0.31771536093749997 0.3094041421875 0.218013165625 0.3094041421875
2 0.5662879515625 0.32882861874999997 0.5662879515625 0.4745121890625 0.6960373828125 0.4745121890625 0.6960373828125 0.32882861874999997 0.5662879515625 0.32882861874999997
4 0.543069634375 0.32640055625 0.543069634375 0.36282145 0.551264334375 0.36282145 0.551264334375 0.32640055625 0.543069634375 0.32640055625
4 0.536240715625 0.32882861874999997 0.536240715625 0.36282145312499997 0.5458012 0.36282145312499997 0.5458012 0.32882861874999997 0.536240715625 0.32882861874999997
4 0.5485327671875 0.32882861874999997 0.5485327671875 0.3846739859375 0.5553616859375 0.3846739859375 0.5553616859375 0.32882861874999997 0.5485327671875 0.32882861874999997
4 0.578580003125 0.3239724984375 0.578580003125 0.365249509375 0.5881404875 0.365249509375 0.5881404875 0.3239724984375 0.578580003125 0.3239724984375
4 0.5717510875 0.33854085624999997 0.5717510875 0.37496174843749996 0.5813115703125 0.37496174843749996 0.5813115703125 0.33854085624999997 0.5717510875 0.33854085624999997
4 0.5061934796875 0.32882861874999997 0.5061934796875 0.37253369062499997 0.5102908296875001 0.37253369062499997 0.5102908296875001 0.32882861874999997 0.5061934796875 0.32882861874999997
4 0.49526721093750004 0.32882861874999997 0.49526721093750004 0.365249509375 0.502096128125 0.365249509375 0.502096128125 0.32882861874999997 0.49526721093750004 0.32882861874999997
4 0.502096128125 0.32882861874999997 0.502096128125 0.37496174843749996 0.5061934796875 0.37496174843749996 0.5061934796875 0.32882861874999997 0.502096128125 0.32882861874999997
4 0.5266802328125 0.32882861874999997 0.5266802328125 0.3701056296875 0.5348749328125 0.3701056296875 0.5348749328125 0.32882861874999997 0.5266802328125 0.32882861874999997
4 0.3627862140625 0.294835784375 0.3627862140625 0.41381069843749996 0.394199234375 0.41381069843749996 0.394199234375 0.294835784375 0.3627862140625 0.294835784375
4 0.68374533125 0.33854085624999997 0.68374533125 0.37253369062499997 0.6946716000000001 0.37253369062499997 0.6946716000000001 0.33854085624999997 0.68374533125 0.33854085624999997
4 0.69603738125 0.3239724984375 0.69603738125 0.41138264218750004 0.717889915625 0.41138264218750004 0.717889915625 0.3239724984375 0.69603738125 0.3239724984375
0 0.7370108859375 0.3531092140625 0.7370108859375 0.457515771875 0.78481330625 0.457515771875 0.78481330625 0.3531092140625 0.7370108859375 0.3531092140625
2 0.5130223984375 0.345825034375 0.5130223984375 0.365249509375 0.5212170984375 0.365249509375 0.5212170984375 0.345825034375 0.5130223984375 0.345825034375
2 0.8817839359375 0.34825309375 0.8817839359375 0.7318864953124999 0.9992413140625 0.7318864953124999 0.9992413140625 0.34825309375 0.8817839359375 0.34825309375