2 0.299378584375 0.510563903125 0.299378584375 0.5301033765625001 0.3123678921875 0.5301033765625001 0.3123678921875 0.510563903125 0.299378584375 0.510563903125
2 0.28339174218749996 0.5087875875 0.28339174218749996 0.5318796921875 0.29837940625 0.5318796921875 0.29837940625 0.5087875875 0.28339174218749996 0.5087875875
2 0.2684040765625 0.507011271875 0.2684040765625 0.521221796875 0.28339174218749996 0.521221796875 0.28339174218749996 0.507011271875 0.2684040765625 0.507011271875
2 0.256413946875 0.514116534375 0.256413946875 0.5531954828125001 0.2813933859375 0.5531954828125001 0.2813933859375 0.514116534375 0.256413946875 0.514116534375
2 0.24042710312499999 0.51589285 0.24042710312499999 0.578063903125 0.275398321875 0.578063903125 0.275398321875 0.51589285 0.24042710312499999 0.51589285
2 0.2084534203125 0.51589285 0.2084534203125 0.5568746171875001 0.2264386171875 0.5568746171875001 0.2264386171875 0.51589285 0.2084534203125 0.51589285
0 0.2254394390625 0.5585244296874999 0.2254394390625 0.6356245578124999 0.2474213484375 0.6356245578124999 0.2474213484375 0.5585244296874999 0.2254394390625 0.5585244296874999
5 0.22444026093749997 0.50523495625 0.22444026093749997 0.6100375875 0.24642217031250002 0.6100375875 0.24642217031250002 0.50523495625 0.22444026093749997 0.50523495625
4 0.181475621875 0.514116534375 0.181475621875 0.5585244296874999 0.1914673984375 0.5585244296874999 0.1914673984375 0.514116534375 0.181475621875 0.514116534375
0 0.761050703125 0.550657896875 0.761050703125 0.58263158125 0.7910260328125001 0.58263158125 0.7910260328125001 0.550657896875 0.761050703125 0.550657896875
2 0.3164166546875 0.483157896875 0.3164166546875 0.5400000015625 0.3373993859375 0.5400000015625 0.3373993859375 0.483157896875 0.3164166546875 0.483157896875
2 0.3763673125 0.5044736890625 0.3763673125 0.5471052671875001 0.38735826875 0.5471052671875001 0.38735826875 0.5044736890625 0.3763673125 0.5044736890625
4 0.3923541546875 0.50802631875 0.3923541546875 0.5364473703125 0.4013467546875 0.5364473703125 0.4013467546875 0.50802631875 0.3923541546875 0.50802631875
4 0.8299939593750001 0.5311184234375 0.8299939593750001 0.611052634375 0.8479791562500001 0.611052634375 0.8479791562500001 0.5311184234375 0.8299939593750001 0.5311184234375
4 0.7990194546875 0.5098026328125 0.7990194546875 0.5737500015625 0.8070128750000001 0.5737500015625 0.8070128750000001 0.5098026328125 0.7990194546875 0.5098026328125
4 0.7470622171875 0.5115789484375 0.7470622171875 0.57907895 0.7610507046875 0.57907895 0.7610507046875 0.5115789484375 0.7470622171875 0.5115789484375
4 0.9389043218750001 0.5186842140625 0.9389043218750001 0.6365620671875 0.9628845859374999 0.6365620671875 0.9628845859374999 0.5186842140625 0.9389043218750001 0.5186842140625
1 0.402280603125 0.48848684374999995 0.402280603125 0.5428121265625 0.4433122140625 0.5428121265625 0.4433122140625 0.48848684374999995 0.402280603125 0.48848684374999995
4 0.133567146875 0.5204605296875 0.133567146875 0.5968421078125 0.1495539890625 0.5968421078125 0.1495539890625 0.5204605296875 0.133567146875 0.5204605296875
4 0.11058606093750001 0.524013159375 0.11058606093750001 0.6057236859375 0.1215770171875 0.6057236859375 0.1215770171875 0.524013159375 0.11058606093750001 0.524013159375
4 0.08960333125 0.51513158125 0.08960333125 0.577302634375 0.1085877078125 0.577302634375 0.1085877078125 0.51513158125 0.08960333125 0.51513158125
4 0.06562306875 0.50802631875 0.06562306875 0.550657896875 0.08460744375 0.550657896875 0.08460744375 0.50802631875 0.06562306875 0.50802631875
2 0.315417478125 0.49026316249999996 0.315417478125 0.6003947421875 0.38236237968750003 0.6003947421875 0.38236237968750003 0.49026316249999996 0.315417478125 0.49026316249999996
2 0.41933195312500005 0.5044736890625 0.41933195312500005 0.6075000015625001 0.50626040625 0.6075000015625001 0.50626040625 0.5044736890625 0.41933195312500005 0.5044736890625
6 0.4992661640625 0.4440789515625 0.4992661640625 0.5701973703125 0.59618639375 0.5701973703125 0.59618639375 0.4440789515625 0.4992661640625 0.4440789515625
2 0.5891921484375 0.483157896875 0.5891921484375 0.6394736875 0.7350720828124999 0.6394736875 0.7350720828124999 0.483157896875 0.5891921484375 0.483157896875
2 0 0.7069736875 0.1025926390625 0.7069736875 0.1025926390625 0.49026316249999996 0 0.49026316249999996 0 0.7069736875
2 0.9548911640625001 0.54177631875 0.9548911640625001 0.6181579 0.9988549796875 0.6181579 0.9988549796875 0.54177631875 0.9548911640625001 0.54177631875
2 0.8909437953125 0.5293421078125 0.8909437953125 0.6003947390625 0.9988549796875 0.6003947390625 0.9988549796875 0.5293421078125 0.8909437953125 0.5293421078125
2 0.8080120531249999 0.516907896875 0.8080120531249999 0.5897368453125 0.9189207703125 0.5897368453125 0.9189207703125 0.516907896875 0.8080120531249999 0.516907896875