2 0.46595814999999996 0.585751203125 0.46595814999999996 0.6065471046875001 0.4825298828125 0.6065471046875001 0.4825298828125 0.585751203125 0.46595814999999996 0.585751203125
2 0.4825298828125 0.57708624375 0.4825298828125 0.592683171875 0.502026040625 0.592683171875 0.502026040625 0.57708624375 0.4825298828125 0.57708624375
2 0.4328146828125 0.5996151375000001 0.4328146828125 0.6204110375 0.44548718593750003 0.6204110375 0.44548718593750003 0.5996151375000001 0.4328146828125 0.5996151375000001
2 0.4016208328125 0.5926831703125 0.4016208328125 0.6204110375 0.4191673734375 0.6204110375 0.4191673734375 0.5926831703125 0.4016208328125 0.5926831703125
2 0.41624295 0.5996151375000001 0.41624295 0.6221440296875 0.432814684375 0.6221440296875 0.432814684375 0.5996151375000001 0.41624295 0.5996151375000001
2 0.48545430781250004 0.5892171875 0.48545430781250004 0.6117460796875 0.5000764249999999 0.6117460796875 0.5000764249999999 0.5892171875 0.48545430781250004 0.5892171875
2 0.502026040625 0.5822852187499999 0.502026040625 0.6134790703124999 0.5234718125 0.6134790703124999 0.5234718125 0.5822852187499999 0.502026040625 0.5822852187499999
2 0.5234718125 0.5926831703125 0.5234718125 0.6134790703124999 0.5439427796875 0.6134790703124999 0.5439427796875 0.5926831703125 0.5234718125 0.5926831703125
2 0.4474368015625 0.5926831703125 0.4474368015625 0.6204110375 0.4669329578125 0.6204110375 0.4669329578125 0.5926831703125 0.4474368015625 0.5926831703125
2 0.711609728125 0.5580233359375 0.711609728125 0.6100130874999999 0.78666993125 0.6100130874999999 0.78666993125 0.5580233359375 0.711609728125 0.5580233359375
2 0.6784662609375001 0.5580233359375 0.6784662609375001 0.646405915625 0.6989372265625 0.646405915625 0.6989372265625 0.5580233359375 0.6784662609375001 0.5580233359375
2 0.307064471875 0.5632223109375001 0.307064471875 0.691463696875 0.39479717812500004 0.691463696875 0.39479717812500004 0.5632223109375001 0.307064471875 0.5632223109375001
2 0.57708624375 0.542426409375 0.57708624375 0.68453173125 0.6921135703125 0.68453173125 0.6921135703125 0.542426409375 0.57708624375 0.542426409375
2 0.0009748078125000001 0.5580233359375 0.0009748078125000001 0.9375485234375001 0.165717334375 0.9375485234375001 0.165717334375 0.5580233359375 0.0009748078125000001 0.5580233359375
2 0.9153445671875 0.549358378125 0.9153445671875 0.58748419375 0.956286496875 0.58748419375 0.956286496875 0.549358378125 0.9153445671875 0.549358378125