2 0.1751288953125 0.3938144984375 0.1751288953125 0.4412371859375 0.2250000375 0.4412371859375 0.2250000375 0.3938144984375 0.1751288953125 0.3938144984375
2 0.350025834375 0.3896907875 0.350025834375 0.43505161875000004 0.3743815078125 0.43505161875000004 0.3743815078125 0.3896907875 0.350025834375 0.3896907875
2 0.3755413015625 0.40618563124999996 0.3755413015625 0.42474233593750005 0.3859794484375 0.42474233593750005 0.3859794484375 0.40618563124999996 0.3755413015625 0.40618563124999996
2 0.38365986093750004 0.40824748906249997 0.38365986093750004 0.43711347187499994 0.4033763578125 0.43711347187499994 0.4033763578125 0.40824748906249997 0.38365986093750004 0.40824748906249997
2 0.3187113953125 0.38762893125 0.3187113953125 0.451546465625 0.3558248046875 0.451546465625 0.3558248046875 0.38762893125 0.3187113953125 0.38762893125
2 0.260721696875 0.3979382109375 0.260721696875 0.4845361625 0.32914954218750003 0.4845361625 0.32914954218750003 0.3979382109375 0.260721696875 0.3979382109375
2 0.254922725 0.385567071875 0.254922725 0.4329897625 0.2901079703125 0.4329897625 0.2901079703125 0.385567071875 0.254922725 0.385567071875
2 0 0.50773204375 0.15657219218750001 0.50773204375 0.15657219218750001 0.373711403125 0 0.373711403125 0 0.50773204375
6 0.4299936265625 0.3484536671875 0.4299936265625 0.43917533124999997 0.47986476875 0.43917533124999997 0.47986476875 0.3484536671875 0.4299936265625 0.3484536671875
2 0.45666888906249997 0.3731959375 0.45666888906249997 0.44536089843750004 0.4914627109375 0.44536089843750004 0.4914627109375 0.3731959375 0.45666888906249997 0.3731959375
3 0.8321035828125 0.43340862187500007 0.8321035828125 0.4892539921875 0.8826375703125 0.4892539921875 0.8826375703125 0.43340862187500007 0.8321035828125 0.43340862187500007
5 0.8321035828125 0.382419371875 0.8321035828125 0.5013942890624999 0.867613953125 0.5013942890624999 0.867613953125 0.382419371875 0.8321035828125 0.382419371875
5 0.7651801921875 0.37999131406250003 0.7651801921875 0.460117278125 0.7911300765625 0.460117278125 0.7911300765625 0.37999131406250003 0.7651801921875 0.37999131406250003
3 0.7692775421875 0.423696384375 0.7692775421875 0.484397871875 0.7883985109375 0.484397871875 0.7883985109375 0.423696384375 0.7692775421875 0.423696384375