2 0.5533445625 0.5009210562499999 0.5533445625 0.51513158125 0.5683322265624999 0.51513158125 0.5683322265624999 0.5009210562499999 0.5533445625 0.5009210562499999
2 0.5883157812500001 0.509802634375 0.5883157812500001 0.5240131609375 0.596309203125 0.5240131609375 0.596309203125 0.509802634375 0.5883157812500001 0.509802634375
2 0.5893149578125 0.5133552671875 0.5893149578125 0.543552634375 0.61229604375 0.543552634375 0.61229604375 0.5133552671875 0.5893149578125 0.5133552671875
2 0.6172919328125 0.5133552671875 0.6172919328125 0.5559868453125001 0.637275484375 0.5559868453125001 0.637275484375 0.5133552671875 0.6172919328125 0.5133552671875
2 0.6302812421875 0.50802631875 0.6302812421875 0.56131579375 0.6602565703125001 0.56131579375 0.6602565703125001 0.50802631875 0.6302812421875 0.50802631875
2 0.6572590375 0.48671052968749995 0.6572590375 0.5666447390625 0.706218740625 0.5666447390625 0.706218740625 0.48671052968749995 0.6572590375 0.48671052968749995
2 0.324532884375 0.5471052671875001 0.324532884375 0.5844078968749999 0.350511503125 0.5844078968749999 0.350511503125 0.5471052671875001 0.324532884375 0.5471052671875001
2 0.3045493328125 0.5559868453125001 0.3045493328125 0.591513159375 0.33252630625 0.591513159375 0.33252630625 0.5559868453125001 0.3045493328125 0.5559868453125001
2 0.257587984375 0.5542105296875001 0.257587984375 0.6075000015625001 0.312542753125 0.6075000015625001 0.312542753125 0.5542105296875001 0.257587984375 0.5542105296875001
2 0.17265788437500001 0.5666447406249999 0.17265788437500001 0.62171053125 0.20662992343750003 0.62171053125 0.20662992343750003 0.5666447406249999 0.17265788437500001 0.5666447406249999
2 0.25059373906250004 0.56131579375 0.25059373906250004 0.603947371875 0.2645822265625 0.603947371875 0.2645822265625 0.56131579375 0.25059373906250004 0.56131579375
2 0.080733540625 0.57907895 0.080733540625 0.6572368453124999 0.1736570609375 0.6572368453124999 0.1736570609375 0.57907895 0.080733540625 0.57907895
2 0.5643355171875 0.50802631875 0.5643355171875 0.5559868453125001 0.594310846875 0.5559868453125001 0.594310846875 0.50802631875 0.5643355171875 0.50802631875
2 0.69322943125 0.46006579218750004 0.69322943125 0.57907895 0.791148840625 0.57907895 0.791148840625 0.46006579218750004 0.69322943125 0.46006579218750004
2 0.9180444015625 0.4014473703125 0.9180444015625 0.6607894765625 0.999976965625 0.6607894765625 0.999976965625 0.4014473703125 0.9180444015625 0.4014473703125
2 0.4444342 0.5400000031250001 0.4444342 0.555986846875 0.4604210421875 0.555986846875 0.4604210421875 0.5400000031250001 0.4444342 0.5400000031250001
2 0.41146133906250004 0.543552634375 0.41146133906250004 0.5595394765624999 0.4244506484375 0.5595394765624999 0.4244506484375 0.543552634375 0.41146133906250004 0.543552634375