2 0.3459373796875 0.50749981875 0.3459373796875 0.5356248078125 0.3607029984375 0.5356248078125 0.3607029984375 0.50749981875 0.3459373796875 0.50749981875
2 0.331171759375 0.514999815625 0.331171759375 0.548749803125 0.344882690625 0.548749803125 0.344882690625 0.514999815625 0.331171759375 0.514999815625
2 0.312187390625 0.5243748109374999 0.312187390625 0.552499803125 0.32695301250000003 0.552499803125 0.32695301250000003 0.5243748109374999 0.312187390625 0.5243748109374999
2 0.2805467765625 0.5356248078125 0.2805467765625 0.5712497953125 0.3037498953125 0.5712497953125 0.3037498953125 0.5356248078125 0.2805467765625 0.5356248078125
2 0.25523428593749997 0.5449998046875 0.25523428593749997 0.58062479375 0.28160146406250003 0.58062479375 0.28160146406250003 0.5449998046875 0.25523428593749997 0.5449998046875
2 0.22781242031249999 0.5562498 0.22781242031249999 0.5993747875000001 0.258398346875 0.5993747875000001 0.258398346875 0.5562498 0.22781242031249999 0.5562498
2 0.419765478125 0.504374821875 0.419765478125 0.5306248124999999 0.4334764125 0.5306248124999999 0.4334764125 0.504374821875 0.419765478125 0.504374821875
2 0.41765610468750003 0.51749981875 0.41765610468750003 0.5637497984375 0.43874984531249994 0.5637497984375 0.43874984531249994 0.51749981875 0.41765610468750003 0.51749981875
2 0.4313670375 0.5187498140625 0.4313670375 0.57687479375 0.4746092078125 0.57687479375 0.4746092078125 0.5187498140625 0.4313670375 0.5187498140625
2 0.4767185828125 0.4474998390625 0.4767185828125 0.6724997593750001 0.6855466359375 0.6724997593750001 0.6855466359375 0.4474998390625 0.4767185828125 0.4474998390625
2 0.73828099375 0.43624984375000003 0.73828099375 0.9949996484374999 0.9987887140625 0.9949996484374999 0.9987887140625 0.43624984375000003 0.73828099375 0.43624984375000003
2 0.173671815625 0.565624796875 0.173671815625 0.6087497828124999 0.2253514859375 0.6087497828124999 0.2253514859375 0.565624796875 0.173671815625 0.565624796875