2 0.2617348109375 0.31415830312500004 0.2617348109375 0.32946443593749997 0.2703445109375 0.32946443593749997 0.2703445109375 0.31415830312500004 0.2617348109375 0.31415830312500004
2 0.2479592953125 0.31415830312500004 0.2479592953125 0.33252565624999997 0.2651786921875 0.33252565624999997 0.2651786921875 0.31415830312500004 0.2479592953125 0.31415830312500004
2 0.22729601875 0.31875014375 0.22729601875 0.3340562734375 0.24021056718749997 0.3340562734375 0.24021056718749997 0.31875014375 0.22729601875 0.31875014375
2 0.2152424453125 0.32181136875 0.2152424453125 0.346301175 0.22987892968749998 0.346301175 0.22987892968749998 0.32181136875 0.2152424453125 0.32181136875
2 0.2238521421875 0.33099504999999996 0.2238521421875 0.398342015625 0.26948354218750004 0.398342015625 0.26948354218750004 0.33099504999999996 0.2238521421875 0.33099504999999996
2 0.19285723125 0.329694040625 0.19285723125 0.3710205921875 0.22557408125 0.3710205921875 0.22557408125 0.329694040625 0.19285723125 0.329694040625
2 0.2901468140625 0.31438791093749996 0.2901468140625 0.34500016875 0.31081008906249996 0.34500016875 0.31081008906249996 0.31438791093749996 0.2901468140625 0.31438791093749996
2 0.1282844984375 0.3235715890625 0.1282844984375 0.35724506875 0.1584184390625 0.35724506875 0.1584184390625 0.3235715890625 0.1282844984375 0.3235715890625
4 0.42704100624999997 0.36224506875 0.42704100624999997 0.42959204218749997 0.44684331093749996 0.42959204218749997 0.44684331093749996 0.36224506875 0.42704100624999997 0.36224506875
4 0.4511481609375 0.33596953906250004 0.4511481609375 0.4538267328125 0.49333568124999994 0.4538267328125 0.49333568124999994 0.33596953906250004 0.4511481609375 0.33596953906250004
2 0.3340562734375 0.3734695546875 0.3340562734375 0.39642875 0.35127566875 0.39642875 0.35127566875 0.3734695546875 0.3340562734375 0.3734695546875
2 0 0.44020428906250003 0.06801661249999999 0.44020428906250003 0.06801661249999999 0.3468369015625 0 0.3468369015625 0 0.44020428906250003