2 0.540043546875 0.46790776562499997 0.540043546875 0.502567596875 0.568312975 0.502567596875 0.568312975 0.46790776562499997 0.540043546875 0.46790776562499997
2 0.5341946984375 0.44884485781250005 0.5341946984375 0.46790776875000006 0.5468672 0.46790776875000006 0.5468672 0.44884485781250005 0.5341946984375 0.44884485781250005
2 0.4571848796875 0.4505778484375 0.4571848796875 0.46790776562499997 0.47083219062500004 0.46790776562499997 0.47083219062500004 0.4505778484375 0.4571848796875 0.4505778484375
2 0.42014218124999997 0.45231084062500004 0.42014218124999997 0.49216964843750005 0.456210071875 0.49216964843750005 0.456210071875 0.45231084062500004 0.42014218124999997 0.45231084062500004
2 0.3382583234375 0.46097580000000005 0.3382583234375 0.49563563281249995 0.3645781328125 0.49563563281249995 0.3645781328125 0.46097580000000005 0.3382583234375 0.46097580000000005
2 0.3255858203125 0.46790776562499997 0.3255858203125 0.5181645265625 0.350930825 0.5181645265625 0.350930825 0.46790776562499997 0.3255858203125 0.46790776562499997
2 0.27879504375 0.45750981562500004 0.27879504375 0.53029546875 0.3324094765625 0.53029546875 0.3324094765625 0.45750981562500004 0.27879504375 0.45750981562500004
2 0.26709735156250003 0.46790776562499997 0.26709735156250003 0.53722743125 0.300240815625 0.53722743125 0.300240815625 0.46790776562499997 0.26709735156250003 0.46790776562499997
2 0.215432534375 0.45231084062500004 0.215432534375 0.552824359375 0.2778202359375 0.552824359375 0.2778202359375 0.45231084062500004 0.215432534375 0.45231084062500004
2 0.3528804390625 0.462708790625 0.3528804390625 0.5580233375 0.43671391406250004 0.5580233375 0.43671391406250004 0.462708790625 0.3528804390625 0.462708790625
2 0.47765584531250005 0.44364588125 0.47765584531250005 0.52509649375 0.53516950625 0.52509649375 0.53516950625 0.44364588125 0.47765584531250005 0.44364588125
2 0.579035859375 0.4471118640625 0.579035859375 0.5822852187499999 0.6843151093750001 0.5822852187499999 0.6843151093750001 0.4471118640625 0.579035859375 0.4471118640625
2 0.5751366296875 0.4557768234375 0.5751366296875 0.5008346078125 0.5946327859375 0.5008346078125 0.5946327859375 0.4557768234375 0.5751366296875 0.4557768234375
2 0.6823654921875 0.45231084062500004 0.6823654921875 0.56148931875 0.7428035796875 0.56148931875 0.7428035796875 0.45231084062500004 0.6823654921875 0.45231084062500004
2 0.7184333828125 0.45231084062500004 0.7184333828125 0.5822852187499999 0.816888975 0.5822852187499999 0.816888975 0.45231084062500004 0.7184333828125 0.45231084062500004
2 0 0.511232559375 0.0701861640625 0.511232559375 0.0701861640625 0.45404383125000003 0 0.45404383125000003 0 0.511232559375
2 0.0001812703125 0.474839734375 0.0001812703125 0.9046216812500001 0.279769853125 0.9046216812500001 0.279769853125 0.474839734375 0.0001812703125 0.474839734375
2 0.7262318453125001 0.3764059921875 0.7262318453125001 0.94621348125 0.9994969890625001 0.94621348125 0.9994969890625001 0.3764059921875 0.7262318453125001 0.3764059921875