4 0.476108678125 0.6285933109374999 0.476108678125 0.8559369046875 0.5143410734375 0.8559369046875 0.5143410734375 0.6285933109374999 0.476108678125 0.6285933109374999
4 0.5947609390624999 0.647343296875 0.5947609390624999 0.8020306906249999 0.6237648250000001 0.8020306906249999 0.6237648250000001 0.647343296875 0.5947609390624999 0.647343296875
4 0.45501494375 0.65437454375 0.45501494375 0.7106245046875 0.47083524531250004 0.7106245046875 0.47083524531250004 0.65437454375 0.45501494375 0.65437454375
4 0.457651659375 0.6731245312499999 0.457651659375 0.7317182421874999 0.4734719625 0.7317182421874999 0.4734719625 0.6731245312499999 0.457651659375 0.6731245312499999
4 0.435239565625 0.6614057890625 0.435239565625 0.7199994984375 0.4510598671875 0.7199994984375 0.4510598671875 0.6614057890625 0.435239565625 0.6614057890625
4 0.42601105468749995 0.6637495359375001 0.42601105468749995 0.7293744921875 0.4352395640625 0.7293744921875 0.4352395640625 0.6637495359375001 0.42601105468749995 0.6637495359375001
4 0.41810090625 0.6660932828125 0.41810090625 0.7153120015625001 0.42864777343749993 0.7153120015625001 0.42864777343749993 0.6660932828125 0.41810090625 0.6660932828125
4 0.4062356796875 0.6637495359375001 0.4062356796875 0.7270307421875 0.4154641875 0.7270307421875 0.4154641875 0.6637495359375001 0.4062356796875 0.6637495359375001
4 0.346909546875 0.656718290625 0.346909546875 0.7340619875 0.3614114890625 0.7340619875 0.3614114890625 0.656718290625 0.346909546875 0.656718290625
4 0.3297708875 0.6684370328125 0.3297708875 0.7059370078125 0.3389993953125 0.7059370078125 0.3389993953125 0.6684370328125 0.3297708875 0.6684370328125
4 0.005454703125 0.642655803125 0.005454703125 0.7832807046875 0.064780834375 0.7832807046875 0.064780834375 0.642655803125 0.005454703125 0.642655803125
4 0.0713726265625 0.6614057890625 0.0713726265625 0.7270307421875 0.0845562125 0.7270307421875 0.0845562125 0.6614057890625 0.0713726265625 0.6614057890625
4 0.09773979687499999 0.6520307953125 0.09773979687499999 0.7129682546875 0.11487845625 0.7129682546875 0.11487845625 0.6520307953125 0.09773979687499999 0.6520307953125
4 0.12806204062499998 0.6614057890625 0.12806204062499998 0.7153120015625001 0.13992726718749998 0.7153120015625001 0.13992726718749998 0.6614057890625 0.12806204062499998 0.6614057890625
4 0.14124562499999999 0.6684370328125 0.14124562499999999 0.8114056859375 0.1702495125 0.8114056859375 0.1702495125 0.6684370328125 0.14124562499999999 0.6684370328125
4 0.17684130625 0.6637495359375001 0.17684130625 0.722343246875 0.1979350421875 0.722343246875 0.1979350421875 0.6637495359375001 0.17684130625 0.6637495359375001
4 0.1913432484375 0.6614057890625 0.1913432484375 0.7528119734375001 0.20848190937500002 0.7528119734375001 0.20848190937500002 0.6614057890625 0.1913432484375 0.6614057890625
4 0.20848190937500002 0.6637495359375001 0.20848190937500002 0.74812448125 0.22562056875 0.74812448125 0.22562056875 0.6637495359375001 0.20848190937500002 0.6637495359375001
0 0.167612796875 0.70828075625 0.167612796875 0.776249459375 0.203208475 0.776249459375 0.203208475 0.70828075625 0.167612796875 0.70828075625
0 0.13992726718749998 0.70593700625 0.13992726718749998 0.8067181890624999 0.203208475 0.8067181890624999 0.203208475 0.70593700625 0.13992726718749998 0.70593700625
0 0.12806204062499998 0.6989057625 0.12806204062499998 0.8020306937499999 0.171567871875 0.8020306937499999 0.171567871875 0.6989057625 0.12806204062499998 0.6989057625
0 0.11487845625 0.7106245046875 0.11487845625 0.8137494328124999 0.161021003125 0.8137494328124999 0.161021003125 0.7106245046875 0.11487845625 0.7106245046875
0 0.10696830625 0.70593700625 0.10696830625 0.830155671875 0.15311085156249998 0.830155671875 0.15311085156249998 0.70593700625 0.10696830625 0.70593700625
0 0.093784721875 0.7106245046875 0.093784721875 0.8442181625 0.14124562499999999 0.8442181625 0.14124562499999999 0.7106245046875 0.093784721875 0.7106245046875
0 0.0779644203125 0.7176557484375 0.0779644203125 0.865311896875 0.12410696562500001 0.865311896875 0.12410696562500001 0.7176557484375 0.0779644203125 0.7176557484375
0 0.0595074 0.7176557484375 0.0595074 0.8864056328125001 0.1043315875 0.8864056328125001 0.1043315875 0.7176557484375 0.0595074 0.7176557484375
0 0.0436871 0.74812448125 0.0436871 0.9004681250000001 0.0819194953125 0.9004681250000001 0.0819194953125 0.74812448125 0.0436871 0.74812448125
0 0 0.923905609375 0.0740093453125 0.923905609375 0.0740093453125 0.7340619890625 0 0.7340619890625 0 0.923905609375
0 0 0.9426555953125 0.0555523265625 0.9426555953125 0.0555523265625 0.7668744671875001 0 0.7668744671875001 0 0.9426555953125
0 0 0.9801555687500001 0.021275004687499998 0.9801555687500001 0.021275004687499998 0.8582806546875 0 0.8582806546875 0 0.9801555687500001
0 0.435239565625 0.7035932593750001 0.435239565625 0.79968694375 0.46292509375 0.79968694375 0.46292509375 0.7035932593750001 0.435239565625 0.7035932593750001
0 0.4497415078125 0.7106245046875 0.4497415078125 0.8114056828124999 0.48533718593749997 0.8114056828124999 0.48533718593749997 0.7106245046875 0.4497415078125 0.7106245046875
0 0.5077492796875 0.738749484375 0.5077492796875 0.85359315625 0.5393898828125 0.85359315625 0.5393898828125 0.738749484375 0.5077492796875 0.738749484375
0 0.5117043578125 0.70828075625 0.5117043578125 0.8489056609375 0.5683937703125 0.8489056609375 0.5683937703125 0.70828075625 0.5117043578125 0.70828075625
0 0.5894875046875 0.722343246875 0.5894875046875 0.9098431187499999 0.65013199375 0.9098431187499999 0.65013199375 0.722343246875 0.5894875046875 0.722343246875
0 0.799106503125 0.7832807046875 0.799106503125 0.9989055562500001 0.9586278781249999 0.9989055562500001 0.9586278781249999 0.7832807046875 0.799106503125 0.7832807046875
0 0.75691903125 0.7739057109374999 0.75691903125 0.9989055562500001 0.8729345765625001 0.9989055562500001 0.8729345765625001 0.7739057109374999 0.75691903125 0.7739057109374999
2 0.23089400312500002 0.6590620406250001 0.23089400312500002 0.69187451875 0.2493510203125 0.69187451875 0.2493510203125 0.6590620406250001 0.23089400312500002 0.6590620406250001
2 0.2559428140625 0.6637495359375001 0.2559428140625 0.79968694375 0.3376810375 0.79968694375 0.3376810375 0.6637495359375001 0.2559428140625 0.6637495359375001
6 0.2823099828125 0.630937059375 0.2823099828125 0.680155775 0.3442728296875 0.680155775 0.3442728296875 0.630937059375 0.2823099828125 0.630937059375