2 0.609044365625 0.40637281875 0.609044365625 0.551288040625 0.70857824375 0.551288040625 0.70857824375 0.40637281875 0.609044365625 0.40637281875
2 0.541773196875 0.42925416875 0.541773196875 0.4628134859375 0.5486376015625 0.4628134859375 0.5486376015625 0.42925416875 0.541773196875 0.42925416875
2 0.5469215015625 0.41705078125000006 0.5469215015625 0.4643389046875 0.5803854796875 0.4643389046875 0.5803854796875 0.41705078125000006 0.5469215015625 0.41705078125000006
2 0.5237541328125 0.42162705312500004 0.5237541328125 0.4612880640625 0.5452054000000001 0.4612880640625 0.5452054000000001 0.42162705312500004 0.5237541328125 0.42162705312500004
2 0.5168897265625 0.4277287453125 0.5168897265625 0.4628134859375 0.5331926890625 0.4628134859375 0.5331926890625 0.4277287453125 0.5168897265625 0.4277287453125
2 0.4851418515625 0.4246779015625 0.4851418515625 0.47044060468750004 0.516889728125 0.47044060468750004 0.516889728125 0.4246779015625 0.4851418515625 0.4246779015625
2 0.39933678437500003 0.433830440625 0.39933678437500003 0.497898221875 0.45682617812500004 0.497898221875 0.45682617812500004 0.433830440625 0.39933678437500003 0.433830440625
2 0.6939913843750001 0.41094908906249994 0.6939913843750001 0.45366094375 0.7163007015625 0.45366094375 0.7163007015625 0.41094908906249994 0.6939913843750001 0.41094908906249994
2 0.70772019375 0.40027112656249997 0.70772019375 0.4826439921875 0.7583451812499999 0.4826439921875 0.7583451812499999 0.40027112656249997 0.70772019375 0.40027112656249997
2 0.7471905249999999 0.40484739375 0.7471905249999999 0.54366093125 0.8415760999999999 0.54366093125 0.8415760999999999 0.40484739375 0.7471905249999999 0.40484739375
2 0.7948981749999999 0.409423665625 0.7948981749999999 0.6075543718749999 0.9501532312500001 0.6075543718749999 0.9501532312500001 0.409423665625 0.7948981749999999 0.409423665625
2 0.1204130953125 0.4386704640625 0.1204130953125 0.5744331500000001 0.31433255 0.5744331500000001 0.31433255 0.4386704640625 0.1204130953125 0.4386704640625
3 0.44790245781250004 0.4438982203125 0.44790245781250004 0.48203380625000003 0.482224484375 0.48203380625000003 0.482224484375 0.4438982203125 0.44790245781250004 0.4438982203125
2 0.587249909375 0.43322025625 0.587249909375 0.4576270359375 0.6129914296875 0.4576270359375 0.6129914296875 0.43322025625 0.587249909375 0.43322025625
2 0.8617169078125 0.3927488671875 0.8617169078125 0.7893589578125 0.9972889171875 0.7893589578125 0.9972889171875 0.3927488671875 0.8617169078125 0.3927488671875