2 0.0005614515625000001 0.41373372656249996 0.0005614515625000001 0.8030127437499999 0.19426519375 0.8030127437499999 0.19426519375 0.41373372656249996 0.0005614515625000001 0.41373372656249996
2 0.1907560671875 0.45914960625 0.1907560671875 0.61885381875 0.3149791171875 0.61885381875 0.3149791171875 0.45914960625 0.1907560671875 0.45914960625
2 0.2902924171875 0.46146675000000004 0.2902924171875 0.5912264234375 0.342227478125 0.5912264234375 0.342227478125 0.46146675000000004 0.2902924171875 0.46146675000000004
2 0.32059371875 0.479112634375 0.32059371875 0.5564693609375 0.364106878125 0.5564693609375 0.364106878125 0.479112634375 0.32059371875 0.479112634375
2 0.3507722015625 0.4928372171875 0.3507722015625 0.5452401609375 0.3711251296875 0.5452401609375 0.3711251296875 0.4928372171875 0.3507722015625 0.4928372171875
2 0.3655105296875 0.5003233515625001 0.3655105296875 0.5327632703125 0.384459809375 0.5327632703125 0.384459809375 0.5003233515625001 0.3655105296875 0.5003233515625001
2 0.3809506828125 0.5028187296875 0.3809506828125 0.5277725125 0.393583534375 0.5277725125 0.393583534375 0.5028187296875 0.3809506828125 0.5028187296875
2 0.4448167703125 0.49782797187499994 0.4448167703125 0.5277725140625 0.45815145 0.5277725140625 0.45815145 0.49782797187499994 0.4448167703125 0.49782797187499994
2 0.448325896875 0.5065617984374999 0.448325896875 0.5340109578125001 0.46376605 0.5340109578125001 0.46376605 0.5065617984374999 0.448325896875 0.5065617984374999
2 0.45674780000000004 0.49533259375 0.45674780000000004 0.54648785 0.4939445328125 0.54648785 0.4939445328125 0.49533259375 0.45674780000000004 0.49533259375
2 0.4332015734375 0.50094719375 0.4332015734375 0.5209102203125 0.4451326015625 0.5209102203125 0.4451326015625 0.50094719375 0.4332015734375 0.50094719375
2 0.398812140625 0.49346106250000005 0.398812140625 0.5221579109375 0.4226741953125 0.5221579109375 0.4226741953125 0.49346106250000005 0.398812140625 0.49346106250000005
2 0.604797821875 0.49221337031249995 0.604797821875 0.56582703125 0.6827004140625 0.56582703125 0.6827004140625 0.49221337031249995 0.604797821875 0.49221337031249995
2 0.634976303125 0.49720412812500003 0.634976303125 0.56582703125 0.6798931140625 0.56582703125 0.6798931140625 0.49720412812500003 0.634976303125 0.49720412812500003
2 0.656031059375 0.49720412812500003 0.656031059375 0.5907808140624999 0.7402500765625 0.5907808140624999 0.7402500765625 0.49720412812500003 0.656031059375 0.49720412812500003
2 0.6946314421875 0.48847030468749997 0.6946314421875 0.5957715718750001 0.846225675 0.5957715718750001 0.846225675 0.48847030468749997 0.6946314421875 0.48847030468749997
2 0.73674095 0.505937953125 0.73674095 0.6107438421875 0.919917315625 0.6107438421875 0.919917315625 0.505937953125 0.73674095 0.505937953125
2 0.4215337203125 0.4985409359375 0.4215337203125 0.516008584375 0.4320610953125 0.516008584375 0.4320610953125 0.4985409359375 0.4215337203125 0.4985409359375