4 0.7626051125 0.3070038828125 0.7626051125 0.6226845187500001 0.8286377421875001 0.6226845187500001 0.8286377421875001 0.3070038828125 0.7626051125 0.3070038828125
4 0.5523055375 0.38790183125 0.5523055375 0.5206050890625 0.578862140625 0.5206050890625 0.578862140625 0.38790183125 0.5523055375 0.38790183125
4 0.8919190296874999 0.32197553125 0.8919190296874999 0.5082704890625 0.9177578859375 0.5082704890625 0.9177578859375 0.32197553125 0.8919190296874999 0.32197553125
4 0.72133471875 0.3549812109375 0.72133471875 0.403468940625 0.7349718921874999 0.403468940625 0.7349718921874999 0.3549812109375 0.72133471875 0.3549812109375
4 0.7091330375 0.3460492625 0.7091330375 0.3958129828125 0.7263589406250001 0.3958129828125 0.7263589406250001 0.3460492625 0.7091330375 0.3460492625
4 0.7048265609375 0.367741140625 0.7048265609375 0.49789241406249996 0.734254146875 0.49789241406249996 0.734254146875 0.367741140625 0.7048265609375 0.367741140625
4 0.6308987234375001 0.3702931265625 0.6308987234375001 0.44430071250000003 0.6416649125 0.44430071250000003 0.6416649125 0.3702931265625 0.6308987234375001 0.3702931265625
4 0.6115195812499999 0.37284511249999996 0.6115195812499999 0.5361722 0.64022941875 0.5361722 0.64022941875 0.37284511249999996 0.6115195812499999 0.37284511249999996
4 0.5426159671875 0.3919850046875 0.5426159671875 0.50299638125 0.5569708859375 0.50299638125 0.5569708859375 0.3919850046875 0.5426159671875 0.3919850046875
4 0.5246723156249999 0.3919850046875 0.5246723156249999 0.49023645625 0.5397449828124999 0.49023645625 0.5397449828124999 0.3919850046875 0.5246723156249999 0.3919850046875
4 0.5031399390625 0.3907090109375 0.5031399390625 0.495340428125 0.5246723156249999 0.495340428125 0.5246723156249999 0.3907090109375 0.5031399390625 0.3907090109375
4 0.97398130625 0.289905578125 0.97398130625 0.541276171875 0.9962314296875 0.541276171875 0.9962314296875 0.289905578125 0.97398130625 0.289905578125
2 0 0.5410209765625 0.0567019328125 0.5410209765625 0.0567019328125 0.43894154687500003 0 0.43894154687500003 0 0.5410209765625
2 0.030863078125 0.44021754062499996 0.030863078125 0.46190941875 0.06387939375 0.46190941875 0.06387939375 0.44021754062499996 0.030863078125 0.44021754062499996
2 0.0653148859375 0.437665553125 0.0653148859375 0.5116731421875 0.13206526093749998 0.5116731421875 0.13206526093749998 0.437665553125 0.0653148859375 0.437665553125
2 0.2162807984375 0.42448030000000003 0.2162807984375 0.46658806718749996 0.2442728921875 0.46658806718749996 0.2442728921875 0.42448030000000003 0.2162807984375 0.42448030000000003
2 0.2428373984375 0.4308602671875 0.2428373984375 0.460208103125 0.263652034375 0.460208103125 0.263652034375 0.4308602671875 0.2428373984375 0.4308602671875
2 0.2629342859375 0.432136259375 0.2629342859375 0.46276008593749995 0.2823134296875 0.46276008593749995 0.2823134296875 0.432136259375 0.2629342859375 0.432136259375
2 0.278006953125 0.432136259375 0.278006953125 0.460208103125 0.2909263796875 0.460208103125 0.2909263796875 0.432136259375 0.278006953125 0.432136259375
2 0.2880553984375 0.4308602671875 0.2880553984375 0.45765611718750004 0.30456355468749996 0.45765611718750004 0.30456355468749996 0.4308602671875 0.2880553984375 0.4308602671875
2 0.3081522859375 0.4206523203125 0.3081522859375 0.45382813437499997 0.329684665625 0.45382813437499997 0.329684665625 0.4206523203125 0.3081522859375 0.4206523203125
2 0.42849435468749997 0.4134216890625 0.42849435468749997 0.43511356718750005 0.435671815625 0.43511356718750005 0.435671815625 0.4134216890625 0.42849435468749997 0.4134216890625
2 0.42059914843749996 0.41214569531249995 0.42059914843749996 0.43894154687500003 0.43136533750000006 0.43894154687500003 0.43136533750000006 0.41214569531249995 0.42059914843749996 0.41214569531249995
2 0.405526484375 0.41086970312500004 0.405526484375 0.4414935328125 0.424187878125 0.4414935328125 0.424187878125 0.41086970312500004 0.405526484375 0.41086970312500004
2 0.14426694375 0.4195464765625 0.14426694375 0.49993402812500004 0.22034802031249998 0.49993402812500004 0.22034802031249998 0.4195464765625 0.14426694375 0.4195464765625
2 0.3244211859375 0.4009807578125 0.3244211859375 0.454572459375 0.40480873749999996 0.454572459375 0.40480873749999996 0.4009807578125 0.3244211859375 0.4009807578125
2 0.433518575 0.3933248015625 0.433518575 0.46733239062500004 0.480172065625 0.46733239062500004 0.480172065625 0.3933248015625 0.433518575 0.3933248015625