4 0.8452490484374999 0.3918747234375 0.8452490484374999 0.46218717500000006 0.8676611421875 0.46218717500000006 0.8676611421875 0.3918747234375 0.8452490484374999 0.3918747234375
4 0.9098486140625001 0.4012497171875 0.9098486140625001 0.42703094999999996 0.9269872734375 0.42703094999999996 0.9269872734375 0.4012497171875 0.9098486140625001 0.4012497171875
4 0.8149268046874999 0.39421847187500003 0.8149268046874999 0.42937469687499996 0.8333838234375 0.42937469687499996 0.8333838234375 0.39421847187500003 0.8149268046874999 0.39421847187500003
2 0.14783741875 0.4082809625 0.14783741875 0.42937469687499996 0.197935040625 0.42937469687499996 0.197935040625 0.4082809625 0.14783741875 0.4082809625
2 0.001499628125 0.4082809625 0.001499628125 0.586405840625 0.15574756875 0.586405840625 0.15574756875 0.4082809625 0.001499628125 0.4082809625
2 0.5407082421875 0.422343453125 0.5407082421875 0.4434371875 0.5552101859375 0.4434371875 0.5552101859375 0.422343453125 0.5407082421875 0.422343453125
2 0.5670754125 0.42937469687499996 0.5670754125 0.4457809359375 0.598716015625 0.4457809359375 0.598716015625 0.42937469687499996 0.5670754125 0.42937469687499996
6 0.4220559796875 0.3707809875 0.4220559796875 0.47156216874999995 0.46951688437500005 0.47156216874999995 0.46951688437500005 0.3707809875 0.4220559796875 0.3707809875
6 0.261216246875 0.2676560578125 0.261216246875 0.5301558796875 0.42469269687500005 0.5301558796875 0.42469269687500005 0.2676560578125 0.261216246875 0.2676560578125
2 0.50379420625 0.42703094999999996 0.50379420625 0.4481246859375 0.5196145078125001 0.4481246859375 0.5196145078125001 0.42703094999999996 0.50379420625 0.42703094999999996
2 0.522251225 0.41765595624999996 0.522251225 0.45046843281250004 0.5459816765625 0.45046843281250004 0.5459816765625 0.41765595624999996 0.522251225 0.41765595624999996
2 0.5987160140625 0.41296845937500004 0.5987160140625 0.46453092187499995 0.6369484109375 0.46453092187499995 0.6369484109375 0.41296845937500004 0.5987160140625 0.41296845937500004
2 0.680454240625 0.422343453125 0.680454240625 0.67078078125 0.8913915953125 0.67078078125 0.8913915953125 0.422343453125 0.680454240625 0.422343453125
2 0.0858745703125 0.41296845937500004 0.0858745703125 0.6145308203125001 0.298130284375 0.6145308203125001 0.298130284375 0.41296845937500004 0.0858745703125 0.41296845937500004