2 0.549049446875 0.4414689015625 0.549049446875 0.46706130312500005 0.5610458859375 0.46706130312500005 0.5610458859375 0.4414689015625 0.549049446875 0.4414689015625
2 0.558646596875 0.43933619999999995 0.558646596875 0.4649286015625 0.5742419671875 0.4649286015625 0.5742419671875 0.43933619999999995 0.558646596875 0.43933619999999995
2 0.5706430359375 0.4350708015625 0.5706430359375 0.4649286015625 0.5898373359375 0.4649286015625 0.5898373359375 0.4350708015625 0.5706430359375 0.4350708015625
2 0.5874380484375 0.4286727 0.5874380484375 0.4627959 0.6090316359375 0.4627959 0.6090316359375 0.4286727 0.5874380484375 0.4286727
2 0.594635909375 0.43720350156250004 0.594635909375 0.4713267015625 0.6138302125 0.4713267015625 0.6138302125 0.43720350156250004 0.594635909375 0.43720350156250004
2 0.6114309234374999 0.4286727 0.6114309234374999 0.46919400156249996 0.6270262921875001 0.46919400156249996 0.6270262921875001 0.4286727 0.6114309234374999 0.4286727
2 0.6234273609375001 0.4286727 0.6234273609375001 0.47345940000000003 0.6366234421875 0.47345940000000003 0.6366234421875 0.4286727 0.6234273609375001 0.4286727
2 0.6366234421875 0.40308030156249997 0.6366234421875 0.4819902015625 0.6882081234374999 0.4819902015625 0.6882081234374999 0.40308030156249997 0.6366234421875 0.40308030156249997
2 0.1579655828125 0.358293603125 0.1579655828125 0.45853050156249997 0.287527109375 0.45853050156249997 0.287527109375 0.358293603125 0.1579655828125 0.358293603125
2 0 0.4521324015625 0.1603648703125 0.4521324015625 0.1603648703125 0.3668244015625 0 0.3668244015625 0 0.4521324015625
4 0.0679923015625 0.3092415 0.0679923015625 0.5502366015625 0.121976271875 0.5502366015625 0.121976271875 0.3092415 0.0679923015625 0.3092415
2 0.2779299609375 0.3156396015625 0.2779299609375 0.5097153015625 0.5514487359375 0.5097153015625 0.5514487359375 0.3156396015625 0.2779299609375 0.3156396015625
4 0.956928325 0.4222746 0.956928325 0.49905180156249995 0.9737233375000001 0.49905180156249995 0.9737233375000001 0.4222746 0.956928325 0.4222746
4 0.8417625234375 0.42014190156250003 0.8417625234375 0.5118480015625 0.8633561125 0.5118480015625 0.8633561125 0.42014190156250003 0.8417625234375 0.42014190156250003
4 0.7385931593749999 0.40094760156250003 0.7385931593749999 0.4862556015625 0.7613863921874999 0.4862556015625 0.7613863921874999 0.40094760156250003 0.7385931593749999 0.40094760156250003