2 0 0.67952846875 0.07145222812499999 0.67952846875 0.07145222812499999 0.44308784062499995 0 0.44308784062499995 0 0.67952846875
2 0.0371302015625 0.3347827765625 0.0371302015625 0.7542742203125 0.43526571875000003 0.7542742203125 0.43526571875000003 0.3347827765625 0.0371302015625 0.3347827765625
2 0.93636731875 0.49952850625 0.93636731875 0.5635962906249999 0.9972889171875 0.5635962906249999 0.9972889171875 0.49952850625 0.93636731875 0.49952850625
2 0.96897324375 0.4980030828125 0.96897324375 0.5910539140625 0.9981469671875001 0.5910539140625 0.9981469671875001 0.4980030828125 0.96897324375 0.4980030828125
2 0.71928049375 0.47054546249999996 0.71928049375 0.8137657359375 0.997288915625 0.8137657359375 0.997288915625 0.47054546249999996 0.71928049375 0.47054546249999996
2 0.6386237296874999 0.48732511875 0.6386237296874999 0.5864776421875 0.7098419359375 0.5864776421875 0.7098419359375 0.48732511875 0.6386237296874999 0.48732511875
2 0.40006613125 0.4644914375 0.40006613125 0.626186321875 0.466136034375 0.626186321875 0.466136034375 0.4644914375 0.40006613125 0.4644914375
2 0.5227673796875 0.4568643203125 0.5227673796875 0.5621185375 0.54936695 0.5621185375 0.54936695 0.4568643203125 0.5227673796875 0.4568643203125
2 0.544218646875 0.47822025 0.544218646875 0.5544914203125 0.5630957609375 0.5544914203125 0.5630957609375 0.47822025 0.544218646875 0.47822025
2 0.5596635609375 0.4843219421875 0.5596635609375 0.5453388796875 0.57081821875 0.5453388796875 0.57081821875 0.4843219421875 0.5596635609375 0.4843219421875
2 0.568244065625 0.48737278906250003 0.568244065625 0.5285592218749999 0.584547028125 0.5285592218749999 0.584547028125 0.48737278906250003 0.568244065625 0.48737278906250003
2 0.6960936171875 0.4888982109375 0.6960936171875 0.5331354921875 0.72784149375 0.5331354921875 0.72784149375 0.4888982109375 0.6960936171875 0.4888982109375
2 0.7081063265624999 0.5011016015624999 0.7081063265624999 0.5605931156249999 0.7407122515625 0.5605931156249999 0.7407122515625 0.5011016015624999 0.7081063265624999 0.5011016015624999
2 0.72784149375 0.5011016015624999 0.72784149375 0.5697456562500001 0.768169875 0.5697456562500001 0.768169875 0.5011016015624999 0.72784149375 0.5011016015624999
2 0.6248754109375 0.4904236359375 0.6248754109375 0.50872871875 0.637746171875 0.50872871875 0.637746171875 0.4904236359375 0.6248754109375 0.4904236359375