2 0.6504119234375 0.4532648390625 0.6504119234375 0.479383340625 0.667858265625 0.479383340625 0.667858265625 0.4532648390625 0.6504119234375 0.4532648390625
2 0.6366384953125 0.45000002656250004 0.6366384953125 0.4924425921875 0.65867598125 0.4924425921875 0.65867598125 0.45000002656250004 0.6366384953125 0.45000002656250004
2 0.5668531234375 0.4336759640625 0.5668531234375 0.490810184375 0.5852176953125 0.490810184375 0.5852176953125 0.4336759640625 0.5668531234375 0.4336759640625
2 0.532878665625 0.42769046875 0.532878665625 0.44401453125 0.547570321875 0.44401453125 0.547570321875 0.42769046875 0.532878665625 0.42769046875
2 0.5016588921875 0.42279325156249997 0.5016588921875 0.4456469421875 0.524614609375 0.4456469421875 0.524614609375 0.42279325156249997 0.5016588921875 0.42279325156249997
2 0.48237609375 0.40320437656249997 0.48237609375 0.4244256578125 0.494313065625 0.4244256578125 0.494313065625 0.40320437656249997 0.48237609375 0.40320437656249997
2 0.47319380781250003 0.40483678125000006 0.47319380781250003 0.42279325312499993 0.48237609218750005 0.42279325312499993 0.48237609218750005 0.40483678125000006 0.47319380781250003 0.40483678125000006
2 0.47870317812499996 0.4260580640625 0.47870317812499996 0.445646940625 0.5007406640625 0.445646940625 0.5007406640625 0.4260580640625 0.47870317812499996 0.4260580640625
2 0.44381047812499996 0.4434704 0.44381047812499996 0.6442563859375 0.5824629953125 0.6442563859375 0.5824629953125 0.4434704 0.44381047812499996 0.4434704
2 0.6932625812500001 0.4026602421875 0.6932625812500001 0.67200729375 0.9476119015625001 0.67200729375 0.9476119015625001 0.4026602421875 0.6932625812500001 0.4026602421875
2 0.576647553125 0.4129988125 0.576647553125 0.5060459765624999 0.6335777234375 0.5060459765624999 0.6335777234375 0.4129988125 0.576647553125 0.4129988125