2 0.000956390625 0.3630037453125 0.000956390625 0.499023884375 0.018171440625 0.499023884375 0.018171440625 0.3630037453125 0.000956390625 0.3630037453125
6 0.000956390625 0.24324939375 0.000956390625 0.38000626406250004 0.15066649062499998 0.38000626406250004 0.15066649062499998 0.24324939375 0.000956390625 0.24324939375
2 0.1759760546875 0.2065805859375 0.1759760546875 0.46161834687500003 0.394033340625 0.46161834687500003 0.394033340625 0.2065805859375 0.1759760546875 0.2065805859375
2 0.4475912703125 0.25418763437499997 0.4475912703125 0.45651758906250006 0.5680966125 0.45651758906250006 0.5680966125 0.25418763437499997 0.4475912703125 0.25418763437499997
2 0.41316117343750003 0.271190153125 0.41316117343750003 0.3681045015625 0.46576271093750005 0.3681045015625 0.46576271093750005 0.271190153125 0.41316117343750003 0.271190153125
2 0.376818290625 0.2796914109375 0.376818290625 0.39020777500000003 0.41316117343750003 0.39020777500000003 0.41316117343750003 0.2796914109375 0.376818290625 0.2796914109375
2 0.6034831015625 0.28139166250000003 0.6034831015625 0.351101984375 0.6570410296875 0.351101984375 0.6570410296875 0.28139166250000003 0.6034831015625 0.28139166250000003
2 0.577660528125 0.28649241875000003 0.577660528125 0.3289987109375 0.6006139265625 0.3289987109375 0.6006139265625 0.28649241875000003 0.577660528125 0.28649241875000003
2 0.555663521875 0.2915931734375 0.555663521875 0.32559820781250004 0.5738349609375 0.32559820781250004 0.5738349609375 0.2915931734375 0.555663521875 0.2915931734375
2 0.66277938125 0.293293425 0.66277938125 0.3340994671875 0.691471128125 0.3340994671875 0.691471128125 0.293293425 0.66277938125 0.293293425
2 0.6933839125000001 0.27459065625 0.6933839125000001 0.3272984578125 0.7278140109375 0.3272984578125 0.7278140109375 0.27459065625 0.6933839125000001 0.27459065625
2 0.7861538968749999 0.2643891453125 0.7861538968749999 0.3289987125 0.841624609375 0.3289987125 0.841624609375 0.2643891453125 0.7861538968749999 0.2643891453125
2 0.8731855328125 0.2720096484375 0.8731855328125 0.3374999703125 0.9458712968749999 0.3374999703125 0.9458712968749999 0.2720096484375 0.8731855328125 0.2720096484375
2 0.9678683031249999 0.24738662812499998 0.9678683031249999 0.3289987125 0.9994292250000001 0.3289987125 0.9994292250000001 0.24738662812499998 0.9678683031249999 0.24738662812499998
2 0.8523474312499999 0.24567495625000002 0.8523474312499999 0.32606506875 0.8850925421875001 0.32606506875 0.8850925421875001 0.24567495625000002 0.8523474312499999 0.24567495625000002