4 0.895429375 0.31124989375 0.895429375 0.5512498078125 0.9428902953125 0.5512498078125 0.9428902953125 0.31124989375 0.895429375 0.31124989375
4 0.8300387703125001 0.3337498828125 0.8300387703125001 0.5268748171875 0.8722262562499999 0.5268748171875 0.8722262562499999 0.3337498828125 0.8300387703125001 0.3337498828125
4 0.8300387703125001 0.3449998796875 0.8300387703125001 0.5231248171875 0.8448043937499999 0.5231248171875 0.8448043937499999 0.3449998796875 0.8300387703125001 0.3449998796875
4 0.8996481234375 0.34124988125 0.8996481234375 0.5437498109375001 0.9439449828124999 0.5437498109375001 0.9439449828124999 0.34124988125 0.8996481234375 0.34124988125
4 0.080156221875 0.3881248640625 0.080156221875 0.4931248265625 0.1054687140625 0.4931248265625 0.1054687140625 0.3881248640625 0.080156221875 0.3881248640625
4 0.3522655 0.3881248640625 0.3522655 0.5006248249999999 0.3849608015625 0.5006248249999999 0.3849608015625 0.3881248640625 0.3522655 0.3881248640625
4 0.37863268125 0.38062486875 0.37863268125 0.4593748390625 0.40183579687500004 0.4593748390625 0.40183579687500004 0.38062486875 0.37863268125 0.38062486875
4 0.598007603125 0.3487498765625 0.598007603125 0.45187484062500005 0.6243747796875 0.45187484062500005 0.6243747796875 0.3487498765625 0.598007603125 0.3487498765625
4 0.25207022343749996 0.38687485625 0.25207022343749996 0.45812483125 0.26683584374999997 0.45812483125 0.26683584374999997 0.38687485625 0.25207022343749996 0.38687485625
4 0.23730460468749998 0.3906248546875 0.23730460468749998 0.45437483125 0.2510155375 0.45437483125 0.2510155375 0.3906248546875 0.23730460468749998 0.3906248546875
4 0.5073045109375001 0.3568748671875 0.5073045109375001 0.3981248515625 0.5199607546875 0.3981248515625 0.5199607546875 0.3568748671875 0.5073045109375001 0.3568748671875
4 0.55054668125 0.3606248640625 0.55054668125 0.4131248453125 0.5642576140625 0.4131248453125 0.5642576140625 0.3606248640625 0.55054668125 0.3606248640625
0 0.6064451015625 0.4331248484375 0.6064451015625 0.5231248171875 0.650741959375 0.5231248171875 0.650741959375 0.4331248484375 0.6064451015625 0.4331248484375
2 0.33433581874999996 0.3834373640625 0.33433581874999996 0.4153123515625 0.3596483109375 0.4153123515625 0.3596483109375 0.3834373640625 0.33433581874999996 0.3834373640625
2 0.4049998578125 0.3721873671875 0.4049998578125 0.3984373625 0.421874853125 0.3984373625 0.421874853125 0.3721873671875 0.4049998578125 0.3721873671875
6 0.42398422656249996 0.3234373828125 0.42398422656249996 0.4153123515625 0.46828108593750006 0.4153123515625 0.46828108593750006 0.3234373828125 0.42398422656249996 0.3234373828125
4 0.1667855828125 0.39412485625000004 0.1667855828125 0.47662482656250005 0.179441828125 0.47662482656250005 0.179441828125 0.39412485625000004 0.1667855828125 0.39412485625000004
2 0 0.528749815625 0.0316406140625 0.528749815625 0.0316406140625 0.43874984531249994 0 0.43874984531249994 0 0.528749815625