4 0.7718490359375 0.310472159375 0.7718490359375 0.5391681703125 0.8170684734375 0.5391681703125 0.8170684734375 0.310472159375 0.7718490359375 0.310472159375
4 0.7211720781250001 0.34789514375 0.7211720781250001 0.46016409375 0.73988356875 0.46016409375 0.73988356875 0.34789514375 0.7211720781250001 0.34789514375
4 0.7391039234375001 0.339578925 0.7391039234375001 0.46432220312499994 0.7632729359375 0.46432220312499994 0.7632729359375 0.339578925 0.7391039234375001 0.339578925
4 0.7617136421875 0.3437370328125 0.7617136421875 0.39779245625000004 0.7749676171875 0.39779245625000004 0.7749676171875 0.3437370328125 0.7617136421875 0.3437370328125
4 0.70324023125 0.34512306875 0.70324023125 0.52114969375 0.729748178125 0.52114969375 0.729748178125 0.34512306875 0.70324023125 0.34512306875
4 0.6704951203125 0.32571855781250003 0.6704951203125 0.5641168234375 0.7172738515625 0.5641168234375 0.7172738515625 0.32571855781250003 0.6704951203125 0.32571855781250003
4 0.5878527 0.3686856890625 0.5878527 0.43660147499999996 0.60188631875 0.43660147499999996 0.60188631875 0.3686856890625 0.5878527 0.3686856890625
4 0.5208031859375 0.37007172499999996 0.5208031859375 0.4033365984375 0.533277515625 0.4033365984375 0.533277515625 0.37007172499999996 0.5208031859375 0.37007172499999996
4 0.6416482390625 0.36175550625 0.6416482390625 0.4698663484375 0.659580084375 0.4698663484375 0.659580084375 0.36175550625 0.6416482390625 0.36175550625
4 0.1411158328125 0.39640641875 0.1411158328125 0.514219515625 0.1676237796875 0.514219515625 0.1676237796875 0.39640641875 0.1411158328125 0.39640641875
2 0.4077545921875 0.3686856890625 0.4077545921875 0.44907580312500006 0.49663417499999996 0.44907580312500006 0.49663417499999996 0.3686856890625 0.4077545921875 0.3686856890625
4 0.311663284375 0.38323907031250004 0.311663284375 0.41650394375 0.3179004484375 0.41650394375 0.3179004484375 0.38323907031250004 0.311663284375 0.38323907031250004
4 0.3023075375 0.38323907031250004 0.3023075375 0.410959796875 0.3069854125 0.410959796875 0.3069854125 0.38323907031250004 0.3023075375 0.38323907031250004
2 0.3346628265625 0.3860111453125 0.3346628265625 0.41511791093749995 0.3564929 0.41511791093749995 0.3564929 0.3860111453125 0.3346628265625 0.3860111453125
2 0.3525946734375 0.3860111453125 0.3525946734375 0.409573765625 0.3627300640625 0.409573765625 0.3627300640625 0.3860111453125 0.3525946734375 0.3860111453125
2 0.36195041875 0.38878321875 0.36195041875 0.40818772968749995 0.37052651875 0.40818772968749995 0.37052651875 0.38878321875 0.36195041875 0.38878321875
2 0.40093269375 0.3804669984375 0.40093269375 0.3929413234375 0.41184772968749994 0.3929413234375 0.41184772968749994 0.3804669984375 0.40093269375 0.3804669984375
2 0.41340701874999997 0.3735368171875 0.41340701874999997 0.3887832203125 0.4235424109375 0.3887832203125 0.4235424109375 0.3735368171875 0.41340701874999997 0.3735368171875
4 0.12282578749999999 0.3985880984375 0.12282578749999999 0.46097580000000005 0.13744790625 0.46097580000000005 0.13744790625 0.3985880984375 0.12282578749999999 0.3985880984375
4 0.081883859375 0.41245203124999996 0.081883859375 0.4783057171875 0.0994304 0.4783057171875 0.0994304 0.41245203124999996 0.081883859375 0.41245203124999996
4 0.0138756125 0.417109340625 0.0138756125 0.44850466874999995 0.0264898078125 0.44850466874999995 0.0264898078125 0.417109340625 0.0138756125 0.417109340625