2 0.3538552484375 0.40898604687500006 0.3538552484375 0.5701542796875 0.43768872343750004 0.5701542796875 0.43768872343750004 0.40898604687500006 0.3538552484375 0.40898604687500006
2 0 0.6620028375 0.056538856250000005 0.6620028375 0.056538856250000005 0.497368625 0 0.497368625 0 0.6620028375
2 0.0136473109375 0.49563563437499997 0.0136473109375 0.627343003125 0.13452348281249998 0.627343003125 0.13452348281249998 0.49563563437499997 0.0136473109375 0.49563563437499997
2 0.09553116874999999 0.4765727234375 0.09553116874999999 0.6013481296875 0.17351579687500002 0.6013481296875 0.17351579687500002 0.4765727234375 0.09553116874999999 0.4765727234375
2 0.1618181015625 0.47483973125 0.1618181015625 0.5822852187499999 0.2242058046875 0.5822852187499999 0.2242058046875 0.47483973125 0.1618181015625 0.47483973125
2 0.223230996875 0.47483973125 0.223230996875 0.50949956875 0.24565157499999998 0.50949956875 0.24565157499999998 0.47483973125 0.223230996875 0.47483973125
2 0.261638425 0.46270879374999996 0.261638425 0.4852376859375 0.2830841984375 0.4852376859375 0.2830841984375 0.46270879374999996 0.261638425 0.46270879374999996
2 0.282694275 0.44537887343750004 0.282694275 0.48003870937500004 0.3138881265625 0.48003870937500004 0.3138881265625 0.44537887343750004 0.282694275 0.44537887343750004
2 0.32948505156249996 0.46790776718749993 0.32948505156249996 0.48870366406250004 0.34995601718749997 0.48870366406250004 0.34995601718749997 0.46790776718749993 0.32948505156249996 0.46790776718749993
2 0.3411827453125 0.4765727234375 0.3411827453125 0.50603358125 0.3528804390625 0.50603358125 0.3528804390625 0.4765727234375 0.3411827453125 0.4765727234375
2 0.24857600156249998 0.47483973125 0.24857600156249998 0.5043005921875 0.26904696562499997 0.5043005921875 0.26904696562499997 0.47483973125 0.24857600156249998 0.47483973125
2 0.1803394515625 0.497368625 0.1803394515625 0.6100130859374999 0.27099658125000003 0.6100130859374999 0.27099658125000003 0.497368625 0.1803394515625 0.497368625
2 0.6667685671875 0.34313235937500003 0.6667685671875 0.9947372515625 0.9962536203125 0.9947372515625 0.9962536203125 0.34313235937500003 0.6667685671875 0.34313235937500003
2 0 0.4852376859375 0.0237853109375 0.4852376859375 0.0237853109375 0.4575098171875 0 0.4575098171875 0 0.4852376859375
2 0.053029546875 0.45577682499999994 0.053029546875 0.4817717 0.09592109062500001 0.4817717 0.09592109062500001 0.45577682499999994 0.053029546875 0.45577682499999994
2 0.0228105046875 0.45404383125000003 0.0228105046875 0.4852376828125 0.0471806984375 0.4852376828125 0.0471806984375 0.45404383125000003 0.0228105046875 0.45404383125000003