2 0.0009748078125000001 0.45924280624999997 0.0009748078125000001 0.7209245578125001 0.1764402203125 0.7209245578125001 0.1764402203125 0.45924280624999997 0.0009748078125000001 0.45924280624999997
2 0.15109521718750002 0.47483973281249997 0.15109521718750002 0.6377409562499999 0.2641729265625 0.6377409562499999 0.2641729265625 0.47483973281249997 0.15109521718750002 0.47483973281249997
2 0.2495508078125 0.47310674375 0.2495508078125 0.5996151375000001 0.33143466875 0.5996151375000001 0.33143466875 0.47310674375 0.2495508078125 0.47310674375
2 0.32851024375 0.47657272500000003 0.32851024375 0.564955303125 0.3928475609375 0.564955303125 0.3928475609375 0.47657272500000003 0.32851024375 0.47657272500000003
2 0.3850490984375 0.4817717 0.3850490984375 0.5424264078125 0.4133185265625 0.5424264078125 0.4133185265625 0.4817717 0.3850490984375 0.4817717
2 0.6823654921875 0.3708602296875 0.6823654921875 0.6689348046875 0.9718834218750001 0.6689348046875 0.9718834218750001 0.3708602296875 0.6823654921875 0.3708602296875
2 0.654096065625 0.4263159640625 0.654096065625 0.59268316875 0.72135780625 0.59268316875 0.72135780625 0.4263159640625 0.654096065625 0.4263159640625
2 0.617053365625 0.43324793125000005 0.617053365625 0.564955303125 0.67944106875 0.564955303125 0.67944106875 0.43324793125000005 0.617053365625 0.43324793125000005
2 0.58293509375 0.460975796875 0.58293509375 0.50083460625 0.6131541359375 0.50083460625 0.6131541359375 0.460975796875 0.58293509375 0.460975796875
6 0.49617719375 0.42284998125 0.49617719375 0.5718872687500001 0.579035859375 0.5718872687500001 0.579035859375 0.42284998125 0.49617719375 0.42284998125
1 0.4240414140625 0.45577682499999994 0.4240414140625 0.5129655515625 0.49910161718749996 0.5129655515625 0.49910161718749996 0.45577682499999994 0.4240414140625 0.45577682499999994