4 0.210192925 0.38769500625000003 0.210192925 0.7446913000000001 0.284278325 0.7446913000000001 0.284278325 0.38769500625000003 0.210192925 0.38769500625000003
4 0.5416275953125 0.45181570000000004 0.5416275953125 0.5592611859375001 0.565997790625 0.5592611859375001 0.565997790625 0.45181570000000004 0.5416275953125 0.45181570000000004
4 0.5114085515625 0.463946640625 0.5114085515625 0.5852560609374999 0.5396779796875 0.5852560609374999 0.5396779796875 0.463946640625 0.5114085515625 0.463946640625
4 0.39248199375000004 0.47384944375 0.39248199375000004 0.534504153125 0.4041796890625 0.534504153125 0.4041796890625 0.47384944375 0.39248199375000004 0.47384944375
4 0.405154496875 0.48424739375000003 0.405154496875 0.52064021875 0.41100334531250005 0.52064021875 0.41100334531250005 0.48424739375000003 0.405154496875 0.48424739375000003
4 0.45974373437500005 0.49117935937499996 0.45974373437500005 0.5275721859375 0.46559258124999997 0.5275721859375 0.46559258124999997 0.49117935937499996 0.45974373437500005 0.49117935937499996
4 0.4636429671875 0.496378334375 0.4636429671875 0.5223732109375 0.46851700625000003 0.5223732109375 0.46851700625000003 0.496378334375 0.4636429671875 0.496378334375
2 0.4948368171875 0.49464534374999997 0.4948368171875 0.5275721875 0.5114085515625 0.5275721875 0.5114085515625 0.49464534374999997 0.4948368171875 0.49464534374999997
2 0.48898797031249996 0.4981113265625 0.48898797031249996 0.52583919375 0.50263528125 0.52583919375 0.50263528125 0.4981113265625 0.48898797031249996 0.4981113265625
2 0.4694918140625 0.4981113265625 0.4694918140625 0.518907228125 0.47631546875 0.518907228125 0.47631546875 0.4981113265625 0.4694918140625 0.4981113265625
2 0.47631546875 0.5033103015625 0.47631546875 0.518907228125 0.48411393281250004 0.518907228125 0.48411393281250004 0.5033103015625 0.47631546875 0.5033103015625
2 0.5172573984375 0.0804603203125 0.5172573984375 0.624619721875 0.6556801125 0.624619721875 0.6556801125 0.0804603203125 0.5172573984375 0.0804603203125