2 0.020101423437499998 0.448252034375 0.020101423437499998 0.47408284843750004 0.0361607109375 0.47408284843750004 0.0361607109375 0.448252034375 0.020101423437499998 0.448252034375
2 0.035395984375 0.4496115515625 0.035395984375 0.4686447828125 0.0453374484375 0.4686447828125 0.0453374484375 0.4496115515625 0.035395984375 0.4496115515625
2 0.0766912984375 0.45233058593750003 0.0766912984375 0.47136381875 0.0896916765625 0.47136381875 0.0896916765625 0.45233058593750003 0.0766912984375 0.45233058593750003
2 0.09122113125 0.45097106875000004 0.09122113125 0.47952091562500004 0.11110405937500001 0.47952091562500004 0.11110405937500001 0.45097106875000004 0.09122113125 0.45097106875000004
2 0.1057509640625 0.46184719999999996 0.1057509640625 0.48359946875000004 0.1233397109375 0.48359946875000004 0.1233397109375 0.46184719999999996 0.1057509640625 0.46184719999999996
2 0.047631632812500005 0.46048768281249997 0.047631632812500005 0.4917565640625 0.0789854828125 0.4917565640625 0.0789854828125 0.46048768281249997 0.047631632812500005 0.46048768281249997
2 0.14092845468749998 0.44689251875 0.14092845468749998 0.493116078125 0.17687067343750001 0.493116078125 0.17687067343750001 0.44689251875 0.14092845468749998 0.44689251875
2 0.186047409375 0.46048768281249997 0.186047409375 0.5026326937500001 0.226577996875 0.5026326937500001 0.226577996875 0.46048768281249997 0.186047409375 0.46048768281249997
2 0.907295221875 0.5434181921875 0.907295221875 0.605955953125 0.960826184375 0.605955953125 0.960826184375 0.5434181921875 0.907295221875 0.5434181921875
2 0.9114167921874999 0.400087940625 0.9114167921874999 0.42184020625 0.9412411859375001 0.42184020625 0.9412411859375001 0.400087940625 0.9114167921874999 0.400087940625
2 0.9052989671875 0.416402140625 0.9052989671875 0.4707828015625 0.9374175453125 0.4707828015625 0.9374175453125 0.416402140625 0.9052989671875 0.416402140625
2 0.1350092640625 0.3565834125 0.1350092640625 0.370178578125 0.15106855156250001 0.370178578125 0.15106855156250001 0.3565834125 0.1350092640625 0.3565834125