2 0.624851828125 0.4800387078125 0.624851828125 0.580552228125 0.7155089578125 0.580552228125 0.7155089578125 0.4800387078125 0.624851828125 0.4800387078125
2 0.6121793265625 0.46964075781250003 0.6121793265625 0.564955303125 0.6579952953125 0.564955303125 0.6579952953125 0.46964075781250003 0.6121793265625 0.46964075781250003
2 0.6043808640624999 0.5008346078125 0.6043808640624999 0.5441594015625 0.6180281734374999 0.5441594015625 0.6180281734374999 0.5008346078125 0.6043808640624999 0.5008346078125
2 0.5946327859375 0.4904366578125 0.5946327859375 0.537227434375 0.61900298125 0.537227434375 0.61900298125 0.4904366578125 0.5946327859375 0.4904366578125
2 0.5887839390625 0.497368625 0.5887839390625 0.526829484375 0.5985320171875 0.526829484375 0.5985320171875 0.497368625 0.5887839390625 0.497368625
2 0.5839099 0.49563563281249995 0.5839099 0.5181645265625 0.593657978125 0.5181645265625 0.593657978125 0.49563563281249995 0.5839099 0.49563563281249995
2 0.5751366296875 0.5043005921875 0.5751366296875 0.5164315359375 0.5868343234375 0.5164315359375 0.5868343234375 0.5043005921875 0.5751366296875 0.5043005921875
2 0.5683129734375 0.5008346078125 0.5683129734375 0.512965553125 0.5780610515625 0.512965553125 0.5780610515625 0.5008346078125 0.5683129734375 0.5008346078125
2 0.25832407968750004 0.516431534375 0.25832407968750004 0.655070871875 0.37432621250000003 0.655070871875 0.37432621250000003 0.516431534375 0.25832407968750004 0.516431534375
2 0.360678903125 0.51989751875 0.360678903125 0.6048141125 0.41234371875000003 0.6048141125 0.41234371875000003 0.51989751875 0.360678903125 0.51989751875
2 0.4055200640625 0.5233635015625 0.4055200640625 0.585751203125 0.44646199375 0.585751203125 0.44646199375 0.5233635015625 0.4055200640625 0.5233635015625
2 0.4269658359375 0.51469854375 0.4269658359375 0.5684212859375 0.46205891875000005 0.5684212859375 0.46205891875000005 0.51469854375 0.4269658359375 0.51469854375
2 0.46205891875000005 0.511232559375 0.46205891875000005 0.56148931875 0.48545430781250004 0.56148931875 0.48545430781250004 0.511232559375 0.46205891875000005 0.511232559375
2 0.486429115625 0.5077665765625 0.486429115625 0.5476253859375 0.5069000796875 0.5476253859375 0.5069000796875 0.5077665765625 0.486429115625 0.5077665765625
2 0.5049504640625 0.5043005921875 0.5049504640625 0.537227434375 0.521522196875 0.537227434375 0.521522196875 0.5043005921875 0.5049504640625 0.5043005921875
2 0.521522196875 0.5129655515625 0.521522196875 0.537227434375 0.5390687390625 0.537227434375 0.5390687390625 0.5129655515625 0.521522196875 0.5129655515625
2 0.540043546875 0.5025676 0.540043546875 0.51989751875 0.551741240625 0.51989751875 0.551741240625 0.5025676 0.540043546875 0.5025676
2 0.55369085625 0.49910161718749996 0.55369085625 0.516431534375 0.5595397046875 0.516431534375 0.5595397046875 0.49910161718749996 0.55369085625 0.49910161718749996