2 0.7674659 0.5301558796875 0.7674659 0.5535933625 0.7780127671875 0.5535933625 0.7780127671875 0.5301558796875 0.7674659 0.5301558796875
2 0.776694409375 0.52546838125 0.776694409375 0.5606246078125 0.7938330687499999 0.5606246078125 0.7938330687499999 0.52546838125 0.776694409375 0.52546838125
2 0.7938330687499999 0.52546838125 0.7938330687499999 0.5606246078125 0.8241553140625 0.5606246078125 0.8241553140625 0.52546838125 0.7938330687499999 0.52546838125
2 0.9045751796875001 0.54421836875 0.9045751796875001 0.5746870953125 0.940170859375 0.5746870953125 0.940170859375 0.54421836875 0.9045751796875001 0.54421836875
2 0.9269872734375 0.5629683562500001 0.9269872734375 0.59812458125 0.952036084375 0.59812458125 0.952036084375 0.5629683562500001 0.9269872734375 0.5629683562500001
2 0.6830909562499999 0.5043746453125 0.6830909562499999 0.574687096875 0.7239600703125 0.574687096875 0.7239600703125 0.5043746453125 0.6830909562499999 0.5043746453125
2 0.6237648265625 0.5020308953125 0.6237648265625 0.5559371093750001 0.6896827484375 0.5559371093750001 0.6896827484375 0.5020308953125 0.6237648265625 0.5020308953125
2 0.5301613749999999 0.485624659375 0.5301613749999999 0.5043746453125 0.55652854375 0.5043746453125 0.55652854375 0.485624659375 0.5301613749999999 0.485624659375
2 0.5433449578125 0.494999653125 0.5433449578125 0.548905865625 0.6079445234375 0.548905865625 0.6079445234375 0.494999653125 0.5433449578125 0.494999653125
2 0.42469269687500005 0.4832809109375 0.42469269687500005 0.5723433499999999 0.5446633171874999 0.5723433499999999 0.5446633171874999 0.4832809109375 0.42469269687500005 0.4832809109375
2 0.27877325625 0.448124684375 0.27877325625 0.5622017109375 0.43392120624999997 0.5622017109375 0.43392120624999997 0.448124684375 0.27877325625 0.448124684375
2 0.7265967875 0.5160933875 0.7265967875 0.5559371109375 0.7490088796875 0.5559371109375 0.7490088796875 0.5160933875 0.7265967875 0.5160933875
2 0.034458590625 0.4082809625 0.034458590625 0.5606246078125 0.2730814734375 0.5606246078125 0.2730814734375 0.4082809625 0.034458590625 0.4082809625
2 0.4902703171875 0.5395308734375 0.4902703171875 0.800331734375 0.7384620125 0.800331734375 0.7384620125 0.5395308734375 0.4902703171875 0.5395308734375
2 0.8030615765625001 0.56062460625 0.8030615765625001 0.71765575 0.9559911609375 0.71765575 0.9559911609375 0.56062460625 0.8030615765625001 0.56062460625
2 0.9441259343749999 0.5653121046875 0.9441259343749999 0.6614057890625 0.9994969906250001 0.6614057890625 0.9994969906250001 0.5653121046875 0.9441259343749999 0.5653121046875