4 0.064848653125 0.452079103125 0.064848653125 0.4763347546875 0.07771281249999999 0.4763347546875 0.07771281249999999 0.452079103125 0.064848653125 0.452079103125
4 0.0402898078125 0.45554419375000005 0.0402898078125 0.5040554937499999 0.0570521953125 0.5040554937499999 0.0570521953125 0.45554419375000005 0.0402898078125 0.45554419375000005
4 0.012222559375 0.46524645624999994 0.012222559375 0.5262320890625001 0.030544235937500004 0.5262320890625001 0.030544235937500004 0.46524645624999994 0.012222559375 0.46524645624999994
4 0 0.5317762359375 0.014951317187499999 0.5317762359375 0.014951317187499999 0.4749487125 0 0.4749487125 0 0.5317762359375
2 0.5325062578125 0.48049286562500004 0.5325062578125 0.4998973828125 0.544980590625 0.4998973828125 0.544980590625 0.48049286562500004 0.5325062578125 0.48049286562500004
1 0.5005407749999999 0.46801853125 0.5005407749999999 0.5068275718749999 0.5317266109375 0.5068275718749999 0.5317266109375 0.46801853125 0.5005407749999999 0.46801853125
2 0.46389741874999996 0.47148362187500004 0.46389741874999996 0.5179158671875 0.4982018375 0.5179158671875 0.4982018375 0.47148362187500004 0.46389741874999996 0.47148362187500004
2 0.41555937500000006 0.4742556984375 0.41555937500000006 0.5296971828125 0.46623635781250006 0.5296971828125 0.46623635781250006 0.4742556984375 0.41555937500000006 0.4742556984375
6 0.1918010078125 0.4084189328125 0.1918010078125 0.6274127953125 0.4182881375 0.6274127953125 0.4182881375 0.4084189328125 0.1918010078125 0.4084189328125
2 0.0000081140625 0.464784446875 0.0000081140625 0.6408111609375 0.20349568593749998 0.6408111609375 0.20349568593749998 0.464784446875 0.0000081140625 0.464784446875
1 0.5626525625000001 0.45300313125 0.5626525625000001 0.6276438062499999 0.6901246640625 0.6276438062499999 0.6901246640625 0.45300313125 0.5626525625000001 0.45300313125
4 0.8329633031249999 0.452568190625 0.8329633031249999 0.57592549375 0.8563526781249999 0.57592549375 0.8563526781249999 0.452568190625 0.8329633031249999 0.452568190625
4 0.8353022390625 0.450489134375 0.8353022390625 0.57592549375 0.8637593140625001 0.57592549375 0.8637593140625001 0.450489134375 0.8353022390625 0.450489134375
4 0.9655031031249999 0.4493748375 0.9655031031249999 0.56760926875 0.9987887125 0.56760926875 0.9987887125 0.4493748375 0.9655031031249999 0.4493748375