2 0.068192865625 0.257483434375 0.068192865625 0.36298011875 0.22509683281249998 0.36298011875 0.22509683281249998 0.257483434375 0.068192865625 0.257483434375
2 0.6495421828125 0.3129138953125 0.6495421828125 0.5900662015625 0.9542979671875 0.5900662015625 0.9542979671875 0.3129138953125 0.6495421828125 0.3129138953125
2 0.43731950781249995 0.3039735 0.43731950781249995 0.34152316875 0.46347016874999997 0.34152316875 0.46347016874999997 0.3039735 0.43731950781249995 0.3039735
2 0.21202150312499998 0.2807284671875 0.21202150312499998 0.35225164375 0.268346003125 0.35225164375 0.268346003125 0.2807284671875 0.21202150312499998 0.2807284671875
2 0.2512474953125 0.2789403875 0.2512474953125 0.346887403125 0.308577790625 0.346887403125 0.308577790625 0.2789403875 0.2512474953125 0.2789403875
6 0.293490871875 0.268211909375 0.293490871875 0.346887403125 0.334728453125 0.346887403125 0.334728453125 0.268211909375 0.293490871875 0.268211909375
2 0.334728453125 0.284304625 0.334728453125 0.33794700624999996 0.35283275625 0.33794700624999996 0.35283275625 0.284304625 0.334728453125 0.284304625
2 0.34579219375000003 0.29682118125 0.34579219375000003 0.33258276875 0.3689254703125 0.33258276875 0.3689254703125 0.29682118125 0.34579219375000003 0.29682118125
2 0.3649022921875 0.2950331015625 0.3649022921875 0.32721853125 0.3789834171875 0.32721853125 0.3789834171875 0.2950331015625 0.3649022921875 0.2950331015625
2 0.3749602390625 0.29145694375 0.3749602390625 0.32185429375 0.3930645421875 0.32185429375 0.3930645421875 0.29145694375 0.3749602390625 0.29145694375
2 0.597240859375 0.3164900546875 0.597240859375 0.4809933578125 0.7169304249999999 0.4809933578125 0.7169304249999999 0.3164900546875 0.597240859375 0.3164900546875
2 0.5580148687500001 0.3200662140625 0.5580148687500001 0.44880793125 0.6344552625000001 0.44880793125 0.6344552625000001 0.3200662140625 0.5580148687500001 0.3200662140625
2 0.5439337421875 0.3200662140625 0.5439337421875 0.4058940265625 0.5881887078125 0.4058940265625 0.5881887078125 0.3200662140625 0.5439337421875 0.3200662140625
2 0.5157714906249999 0.314701975 0.5157714906249999 0.384437071875 0.5590206625 0.384437071875 0.5590206625 0.314701975 0.5157714906249999 0.314701975
2 0.506719340625 0.29682118125 0.506719340625 0.3701324359375 0.5529858953125 0.3701324359375 0.5529858953125 0.29682118125 0.506719340625 0.29682118125
2 0.4956555984375 0.3164900546875 0.4956555984375 0.36298011875 0.509736721875 0.36298011875 0.509736721875 0.3164900546875 0.4956555984375 0.3164900546875
2 0.48459185624999995 0.3111258171875 0.48459185624999995 0.3415231640625 0.5016903671875 0.3415231640625 0.5016903671875 0.3111258171875 0.48459185624999995 0.3111258171875
2 0.4715165265625 0.3129138953125 0.4715165265625 0.33258276875 0.48559765 0.33258276875 0.48559765 0.3129138953125 0.4715165265625 0.3129138953125
6 0.4101630515625 0.2825165453125 0.4101630515625 0.3200662140625 0.43027894531250005 0.3200662140625 0.43027894531250005 0.2825165453125 0.4101630515625 0.2825165453125