1 0.5075592609374999 0.5272357765625 0.5075592609374999 0.6267862171874999 0.586774703125 0.6267862171874999 0.586774703125 0.5272357765625 0.5075592609374999 0.5272357765625
2 0.3829656859375 0.581346809375 0.3829656859375 0.6104835203125 0.39010188281249997 0.6104835203125 0.39010188281249997 0.581346809375 0.3829656859375 0.581346809375
2 0.37644405000000003 0.5862029265625 0.37644405000000003 0.69303754375 0.4310753890625 0.69303754375 0.4310753890625 0.5862029265625 0.37644405000000003 0.5862029265625
2 0.332738978125 0.5764906875 0.332738978125 0.6493324703125001 0.37371248281249997 0.6493324703125001 0.37371248281249997 0.5764906875 0.332738978125 0.5764906875
2 0.3928334515625 0.5692065093750001 0.3928334515625 0.8605736500000001 0.6250166421875 0.8605736500000001 0.6250166421875 0.5692065093750001 0.3928334515625 0.5692065093750001
4 0.589198990625 0.5837055062500001 0.589198990625 0.6468350546875 0.600125259375 0.6468350546875 0.600125259375 0.5837055062500001 0.589198990625 0.5837055062500001
4 0.600125259375 0.5909896812500001 0.600125259375 0.6516911703125 0.609685740625 0.6516911703125 0.609685740625 0.5909896812500001 0.600125259375 0.5909896812500001
4 0.6110515265625 0.6079860984375001 0.6110515265625 0.668687584375 0.6219777953125 0.668687584375 0.6219777953125 0.6079860984375001 0.6110515265625 0.6079860984375001
4 0.623343578125 0.5909896812500001 0.623343578125 0.666259528125 0.634269846875 0.666259528125 0.634269846875 0.5909896812500001 0.623343578125 0.5909896812500001
4 0.6342698453125 0.5764213218750001 0.6342698453125 0.6516911703125 0.6465618953125001 0.6516911703125 0.6465618953125001 0.5764213218750001 0.6342698453125 0.5764213218750001
4 0.6738775671874999 0.5764213218750001 0.6738775671874999 0.6565472890625 0.68343805 0.6565472890625 0.68343805 0.5764213218750001 0.6738775671874999 0.5764213218750001
4 0.7039248031249999 0.5837055062500001 0.7039248031249999 0.6468350546875 0.7121195046875 0.6468350546875 0.7121195046875 0.5837055062500001 0.7039248031249999 0.5837055062500001
4 0.7148510703125 0.57399326875 0.7148510703125 0.6079861046875 0.7298746890625 0.6079861046875 0.7298746890625 0.57399326875 0.7148510703125 0.57399326875
4 0.739435175 0.5837055062500001 0.739435175 0.680827884375 0.757190359375 0.680827884375 0.757190359375 0.5837055062500001 0.739435175 0.5837055062500001
4 0.8049927796875 0.588561625 0.8049927796875 0.692968184375 0.8200163984375 0.692968184375 0.8200163984375 0.588561625 0.8049927796875 0.588561625
4 0.9770814968750001 0.57399326875 0.9770814968750001 0.7293890765625 0.9948366828124999 0.7293890765625 0.9948366828124999 0.57399326875 0.9770814968750001 0.57399326875
4 0.98254463125 0.5934177390625 0.98254463125 0.7706660828125 0.998934034375 0.7706660828125 0.998934034375 0.5934177390625 0.98254463125 0.5934177390625
4 0.6506592484375 0.5812774468749999 0.6506592484375 0.678399828125 0.669780215625 0.678399828125 0.669780215625 0.5812774468749999 0.6506592484375 0.5812774468749999
4 0.680706484375 0.578849384375 0.680706484375 0.7196768421875 0.7039248031249999 0.7196768421875 0.7039248031249999 0.578849384375 0.680706484375 0.578849384375
4 0.7134852875 0.588561625 0.7134852875 0.705108484375 0.74489830625 0.705108484375 0.74489830625 0.588561625 0.7134852875 0.588561625
4 0.8200163984375 0.57399326875 0.8200163984375 0.7099646015625 0.837771584375 0.7099646015625 0.837771584375 0.57399326875 0.8200163984375 0.57399326875
4 0.8446005 0.5812774468749999 0.8446005 0.7123926593750001 0.8773793031249999 0.7123926593750001 0.8773793031249999 0.5812774468749999 0.8446005 0.5812774468749999
4 0.8787450890624999 0.5837055062500001 0.8787450890624999 0.70268041875 0.9074265421875 0.70268041875 0.9074265421875 0.5837055062500001 0.8787450890624999 0.5837055062500001
4 0.9443026937500001 0.5715652078125 0.9443026937500001 0.7463854953125 0.9716183640624999 0.7463854953125 0.9716183640624999 0.5715652078125 0.9443026937500001 0.5715652078125
2 0.30921337968749996 0.6007019203125 0.30921337968749996 0.6322666953125 0.33379748125 0.6322666953125 0.33379748125 0.6007019203125 0.30921337968749996 0.6007019203125
4 0.264142525 0.59487458125 0.264142525 0.6385796484374999 0.27233722656250003 0.6385796484374999 0.27233722656250003 0.59487458125 0.264142525 0.59487458125
4 0.14668514531250001 0.5851623421875 0.14668514531250001 0.6507199453125 0.1671718984375 0.6507199453125 0.1671718984375 0.5851623421875 0.14668514531250001 0.5851623421875
4 0.0007922296875 0.5512330546875 0.0007922296875 0.7883672796875001 0.016003140625000002 0.7883672796875001 0.016003140625000002 0.5512330546875 0.0007922296875 0.5512330546875