2 0.0012430046874999999 0.49076590312499996 0.0012430046874999999 0.9507384203125 0.06750428593749999 0.9507384203125 0.06750428593749999 0.49076590312499996 0.0012430046874999999 0.49076590312499996
2 0.0306924625 0.5319016546875 0.0306924625 0.7301011953125001 0.144283240625 0.7301011953125001 0.144283240625 0.5319016546875 0.0306924625 0.5319016546875
2 0.1285067421875 0.5674279859375 0.1285067421875 0.6310014296875 0.19476802499999998 0.6310014296875 0.19476802499999998 0.5674279859375 0.1285067421875 0.5674279859375
2 0.215803353125 0.528162040625 0.215803353125 0.7188823546875 0.37672361875 0.7188823546875 0.37672361875 0.528162040625 0.215803353125 0.528162040625
2 0.37146478437499997 0.5468601109375 0.37146478437499997 0.6272618109375 0.43036370625 0.6272618109375 0.43036370625 0.5468601109375 0.37146478437499997 0.5468601109375
2 0.42405310781249994 0.550599725 0.42405310781249994 0.6048241296875 0.46507199843749997 0.6048241296875 0.46507199843749997 0.550599725 0.42405310781249994 0.550599725
2 0.457709634375 0.5337714625000001 0.457709634375 0.5636883796875 0.47243436250000004 0.5636883796875 0.47243436250000004 0.5337714625000001 0.457709634375 0.5337714625000001
2 0.4882108578125 0.53564126875 0.4882108578125 0.59734489375 0.5218673859375 0.59734489375 0.5218673859375 0.53564126875 0.4882108578125 0.53564126875
2 0.5523686140625 0.5449903046875 0.5523686140625 0.5898656718749999 0.58392160625 0.5898656718749999 0.58392160625 0.5449903046875 0.5523686140625 0.5449903046875
2 0.5260744515625 0.5468601109375 0.5260744515625 0.5711676031249999 0.54395448125 0.5711676031249999 0.54395448125 0.5468601109375 0.5260744515625 0.5468601109375
2 0.7725580640625 0.5203121265624999 0.7725580640625 0.5859370734375 0.8727533046874999 0.5859370734375 0.8727533046874999 0.5203121265624999 0.7725580640625 0.5203121265624999