2 0.0821823609375 0.508914478125 0.0821823609375 0.5284539515625 0.0921741375 0.5284539515625 0.0921741375 0.508914478125 0.0821823609375 0.508914478125
2 0.070192228125 0.51069079375 0.070192228125 0.5266776359375 0.0811831828125 0.5266776359375 0.0811831828125 0.51069079375 0.070192228125 0.51069079375
2 0.0542053875 0.508914478125 0.0542053875 0.535559215625 0.068193871875 0.535559215625 0.068193871875 0.508914478125 0.0542053875 0.508914478125
2 0.0472111421875 0.5071381625 0.0472111421875 0.5373355296875 0.0641971640625 0.5373355296875 0.0641971640625 0.5071381625 0.0472111421875 0.5071381625
2 0.0402169 0.51069079375 0.0402169 0.5568750046875001 0.0651963390625 0.5568750046875001 0.0651963390625 0.51069079375 0.0402169 0.51069079375
2 0 0.576414475 0.0482103203125 0.576414475 0.0482103203125 0.500032896875 0 0.500032896875 0 0.576414475
2 0 0.5852960546875 0.0322234796875 0.5852960546875 0.0322234796875 0.52490131875 0 0.52490131875 0 0.5852960546875
2 0 0.6368092109375 0.0202333484375 0.6368092109375 0.0202333484375 0.5550986859375 0 0.5550986859375 0 0.6368092109375
2 0.097596753125 0.5109868468750001 0.097596753125 0.530526321875 0.1115852390625 0.530526321875 0.1115852390625 0.5109868468750001 0.097596753125 0.5109868468750001
2 0.1131568671875 0.5098026328125 0.1131568671875 0.5311184234375 0.1241478203125 0.5311184234375 0.1241478203125 0.5098026328125 0.1131568671875 0.5098026328125
2 0.122149465625 0.5133552640625 0.122149465625 0.543552634375 0.1401346625 0.543552634375 0.1401346625 0.5133552640625 0.122149465625 0.5133552640625
2 0.1401346625 0.5133552640625 0.1401346625 0.550657896875 0.1741067046875 0.550657896875 0.1741067046875 0.5133552640625 0.1401346625 0.5133552640625
2 0.16611328281249998 0.49736842187499997 0.16611328281249998 0.5666447390625 0.2090779203125 0.5666447390625 0.2090779203125 0.49736842187499997 0.16611328281249998 0.49736842187499997
2 0.1900935453125 0.49381579374999995 0.1900935453125 0.5968421078125 0.2690285796875 0.5968421078125 0.2690285796875 0.49381579374999995 0.1900935453125 0.49381579374999995
2 0.2559428140625 0.4645309234375 0.2559428140625 0.65437454375 0.39568881093749997 0.65437454375 0.39568881093749997 0.4645309234375 0.2559428140625 0.4645309234375
2 0.3877786609375 0.441093440625 0.3877786609375 0.7832807046875 0.70550305 0.7832807046875 0.70550305 0.441093440625 0.3877786609375 0.441093440625