4 0.167562734375 0.478435690625 0.167562734375 0.5317531921875001 0.183158103125 0.5317531921875001 0.183158103125 0.478435690625 0.167562734375 0.478435690625
4 0.313919271875 0.461374090625 0.313919271875 0.523222390625 0.324716065625 0.523222390625 0.324716065625 0.461374090625 0.313919271875 0.461374090625
2 0.4902669046875 0.461374090625 0.4902669046875 0.4848337921875 0.5010636984375 0.4848337921875 0.5010636984375 0.461374090625 0.4902669046875 0.461374090625
2 0.46987296093750003 0.461374090625 0.46987296093750003 0.497629990625 0.49386583437500003 0.497629990625 0.49386583437500003 0.461374090625 0.46987296093750003 0.461374090625
2 0.4578765234375 0.457108690625 0.4578765234375 0.489099190625 0.4710726046875 0.489099190625 0.4710726046875 0.457108690625 0.4578765234375 0.457108690625
2 0.445880084375 0.465639490625 0.445880084375 0.5125588890625 0.468673315625 0.5125588890625 0.468673315625 0.465639490625 0.445880084375 0.465639490625
2 0.568243746875 0.459241390625 0.568243746875 0.489099190625 0.577840896875 0.489099190625 0.577840896875 0.459241390625 0.568243746875 0.459241390625
2 0.5994344859375 0.45497599062500005 0.5994344859375 0.4827010890625 0.6210280734375 0.4827010890625 0.6210280734375 0.45497599062500005 0.5994344859375 0.45497599062500005
2 0.6570173859375 0.457108690625 0.6570173859375 0.48483379062500004 0.6762116859375 0.48483379062500004 0.6762116859375 0.457108690625 0.6570173859375 0.457108690625
2 0.7193988609375 0.459241390625 0.7193988609375 0.512558890625 0.7697839 0.512558890625 0.7697839 0.459241390625 0.7193988609375 0.459241390625
2 0.7433917359375 0.452843290625 0.7433917359375 0.499762690625 0.7841796234375 0.499762690625 0.7841796234375 0.452843290625 0.7433917359375 0.452843290625
2 0.7865789109375 0.44857789062500003 0.7865789109375 0.523222390625 0.8585575375 0.523222390625 0.8585575375 0.44857789062500003 0.7865789109375 0.44857789062500003
2 0.8297660859375 0.44431249062499995 0.8297660859375 0.523222390625 0.8897482734375 0.523222390625 0.8897482734375 0.44431249062499995 0.8297660859375 0.44431249062499995
2 0.6114309234374999 0.452843290625 0.6114309234374999 0.5168242921874999 0.6570173859375 0.5168242921874999 0.6570173859375 0.452843290625 0.6114309234374999 0.452843290625
2 0.6570173859375 0.461374090625 0.6570173859375 0.542416690625 0.7241974359375 0.542416690625 0.7241974359375 0.461374090625 0.6570173859375 0.461374090625
2 0.498664409375 0.425118190625 0.498664409375 0.555212890625 0.5730423234375001 0.555212890625 0.5730423234375001 0.425118190625 0.498664409375 0.425118190625
6 0.33911179062499996 0.341942890625 0.33911179062499996 0.557345590625 0.4542775921875 0.557345590625 0.4542775921875 0.341942890625 0.33911179062499996 0.341942890625
2 0.8441618109375 0.41445469062500007 0.8441618109375 0.651184390625 0.9989158546875 0.651184390625 0.9989158546875 0.41445469062500007 0.8441618109375 0.41445469062500007