2 0.32906238593750003 0.434999846875 0.32906238593750003 0.6206247828125 0.5948435421875 0.6206247828125 0.5948435421875 0.434999846875 0.32906238593750003 0.434999846875
2 0.9123043687499999 0.4631248375 0.9123043687499999 0.5624998015625 0.9987887125 0.5624998015625 0.9987887125 0.4631248375 0.9123043687499999 0.4631248375
2 0.37019518281249997 0.4749998203125 0.37019518281249997 0.49187481875000005 0.38179674218750004 0.49187481875000005 0.38179674218750004 0.4749998203125 0.37019518281249997 0.4749998203125
2 0.3607029984375 0.473124825 0.3607029984375 0.49187481406250005 0.3723045578125 0.49187481406250005 0.3723045578125 0.473124825 0.3607029984375 0.473124825
2 0.34910144062500004 0.473124825 0.34910144062500004 0.49374981875 0.364921746875 0.49374981875 0.364921746875 0.473124825 0.34910144062500004 0.473124825
2 0.3427733171875 0.47124982343750005 0.3427733171875 0.49374981875 0.351210815625 0.49374981875 0.351210815625 0.47124982343750005 0.3427733171875 0.47124982343750005
6 0.2932030234375 0.4337498390625 0.2932030234375 0.5068748109375 0.33433581874999996 0.5068748109375 0.33433581874999996 0.4337498390625 0.2932030234375 0.4337498390625
2 0.330117071875 0.46937482656249996 0.330117071875 0.49374981875 0.34593737812500003 0.49374981875 0.34593737812500003 0.46937482656249996 0.330117071875 0.46937482656249996
2 0.26683584374999997 0.4768748234375 0.26683584374999997 0.510624809375 0.29742177187499996 0.510624809375 0.29742177187499996 0.4768748234375 0.26683584374999997 0.4768748234375
2 0.23941397812499998 0.4806248203125 0.23941397812499998 0.5199998046875 0.27105459375 0.5199998046875 0.27105459375 0.4806248203125 0.23941397812499998 0.4806248203125
2 0.2035546171875 0.48437481875 0.2035546171875 0.525624809375 0.2446874140625 0.525624809375 0.2446874140625 0.48437481875 0.2035546171875 0.48437481875
2 0.1824608734375 0.48437481875 0.1824608734375 0.525624809375 0.2119921125 0.525624809375 0.2119921125 0.48437481875 0.1824608734375 0.48437481875
2 0.12656245625 0.48812481874999997 0.12656245625 0.533124803125 0.185624934375 0.533124803125 0.185624934375 0.48812481874999997 0.12656245625 0.48812481874999997