4 0.889453765625 0.5273112249999999 0.889453765625 0.642758065625 0.91695039375 0.642758065625 0.91695039375 0.5273112249999999 0.889453765625 0.5273112249999999
4 0.6140974671875 0.5605931984375 0.6140974671875 0.6011556015624999 0.628138296875 0.6011556015624999 0.628138296875 0.5605931984375 0.6140974671875 0.5605931984375
4 0.6433491984375 0.5522727062499999 0.6433491984375 0.6136363375 0.6544648546875 0.6136363375 0.6544648546875 0.5522727062499999 0.6433491984375 0.5522727062499999
4 0.57490014375 0.56683356875 0.57490014375 0.6053158453124999 0.581335525 0.6053158453124999 0.581335525 0.56683356875 0.57490014375 0.56683356875
4 0.00215121875 0.5553928906250001 0.00215121875 0.6874807125 0.0290628125 0.6874807125 0.0290628125 0.5553928906250001 0.00215121875 0.5553928906250001
4 0.024571456250000002 0.557126346875 0.024571456250000002 0.650731890625 0.042122493750000004 0.650731890625 0.042122493750000004 0.557126346875 0.024571456250000002 0.557126346875
4 0.042122493750000004 0.5529661 0.042122493750000004 0.6528120125 0.0590885 0.6528120125 0.0590885 0.5529661 0.042122493750000004 0.5529661
4 0.5423271171875 0.56128659375 0.5423271171875 0.60496918125 0.5499325671874999 0.60496918125 0.5499325671874999 0.56128659375 0.5423271171875 0.56128659375
4 0.7277830984375 0.5467257296875 0.7277830984375 0.6184899796875001 0.7429939984375 0.6184899796875001 0.7429939984375 0.5467257296875 0.7277830984375 0.5467257296875
4 0.8529805125 0.5654468390625 0.8529805125 0.5956086265625 0.8594158937499999 0.5956086265625 0.8594158937499999 0.5654468390625 0.8529805125 0.5654468390625
4 0.9791530312500001 0.5373651781250001 0.9791530312500001 0.650731890625 0.9990442109375 0.650731890625 0.9990442109375 0.5373651781250001 0.9791530312500001 0.5373651781250001
4 0.54837248125 0.56024653125 0.54837248125 0.5935285015625 0.5548078609375 0.5935285015625 0.5548078609375 0.56024653125 0.54837248125 0.56024653125
4 0.5548078609375 0.5581664078124999 0.5548078609375 0.5841679484375 0.557733034375 0.5841679484375 0.557733034375 0.5581664078124999 0.5548078609375 0.5581664078124999
4 0.557148 0.5560862875 0.557148 0.5966486875 0.5629983453125 0.5966486875 0.5629983453125 0.5560862875 0.557148 0.5560862875
4 0.5606582078125 0.5560862875 0.5606582078125 0.60184899375 0.5670935874999999 0.60184899375 0.5670935874999999 0.5560862875 0.5606582078125 0.5560862875
4 0.566508553125 0.5581664078124999 0.566508553125 0.5935285046875001 0.57118883125 0.5935285046875001 0.57118883125 0.5581664078124999 0.566508553125 0.5581664078124999
4 0.5817194546875 0.5675269609375 0.5817194546875 0.5966486859375 0.5863997328125 0.5966486859375 0.5863997328125 0.5675269609375 0.5817194546875 0.5675269609375
4 0.5875698015624999 0.5581664078124999 0.5875698015624999 0.59768875 0.5922500796875 0.59768875 0.5922500796875 0.5581664078124999 0.5875698015624999 0.5581664078124999
2 0.38280767656250003 0.5772341828124999 0.38280767656250003 0.588674859375 0.3880729890625 0.588674859375 0.3880729890625 0.5772341828124999 0.38280767656250003 0.5772341828124999
2 0.3623314625 0.575154059375 0.3623314625 0.5855546765625 0.367596775 0.5855546765625 0.367596775 0.575154059375 0.3623314625 0.575154059375
2 0.3547260125 0.5730739375 0.3547260125 0.5865947375 0.3617464265625 0.5865947375 0.3617464265625 0.5730739375 0.3547260125 0.5730739375
2 0.340100146875 0.56579350625 0.340100146875 0.5876348 0.35589608125 0.5876348 0.35589608125 0.56579350625 0.340100146875 0.56579350625
2 0.340100146875 0.5741139984375 0.340100146875 0.5938751703125 0.352385875 0.5938751703125 0.352385875 0.5741139984375 0.340100146875 0.5741139984375
2 0.326059315625 0.58035436875 0.326059315625 0.59491523125 0.340100146875 0.59491523125 0.340100146875 0.58035436875 0.326059315625 0.58035436875
2 0.268140884375 0.5564329515625 0.268140884375 0.6063559078125 0.29563751250000003 0.6063559078125 0.29563751250000003 0.5564329515625 0.268140884375 0.5564329515625
2 0.2558551578125 0.5543528281250001 0.2558551578125 0.61051615625 0.275746334375 0.61051615625 0.275746334375 0.5543528281250001 0.2558551578125 0.5543528281250001
2 0.21958301093750002 0.5512326437499999 0.21958301093750002 0.616756525 0.26404564218750004 0.616756525 0.26404564218750004 0.5512326437499999 0.21958301093750002 0.5512326437499999
2 0.174535340625 0.5574730109375 0.174535340625 0.6313173859375001 0.240059221875 0.6313173859375001 0.240059221875 0.5574730109375 0.174535340625 0.5574730109375
2 0.05791843125 0.5345916578125001 0.05791843125 0.6718797859375 0.18136074062500002 0.6718797859375 0.18136074062500002 0.5345916578125001 0.05791843125 0.5345916578125001
2 0.393923334375 0.5574730109375 0.393923334375 0.6011555984375 0.4231750671875 0.6011555984375 0.4231750671875 0.5574730109375 0.393923334375 0.5574730109375
1 0.3683768265625 0.5661402062499999 0.3683768265625 0.5911016828125 0.3818326234375 0.5911016828125 0.3818326234375 0.5661402062499999 0.3683768265625 0.5661402062499999
1 0.3880729875 0.5703004484374999 0.3880729875 0.58902155625 0.3956784375 0.58902155625 0.3956784375 0.5703004484374999 0.3880729875 0.5703004484374999
1 0.48721685312499996 0.50234975 0.48721685312499996 0.6094760953125 0.5445502484375 0.6094760953125 0.5445502484375 0.50234975 0.48721685312499996 0.50234975
6 0.42613924062499997 0.4780123140625 0.42613924062499997 0.6173805671875 0.49049305312499997 0.6173805671875 0.49049305312499997 0.4780123140625 0.42613924062499997 0.4780123140625