2 0.5605145109375 0.5233635015625 0.5605145109375 0.5441594015625 0.56928778125 0.5441594015625 0.56928778125 0.5233635015625 0.5605145109375 0.5233635015625
2 0.5673381671875 0.51989751875 0.5673381671875 0.5510913687500001 0.57708624375 0.5510913687500001 0.57708624375 0.51989751875 0.5673381671875 0.51989751875
2 0.5751366296875 0.5164315359375 0.5751366296875 0.5597563296875 0.5868343234375 0.5597563296875 0.5868343234375 0.5164315359375 0.5751366296875 0.5164315359375
2 0.5829350921875001 0.50949956875 0.5829350921875001 0.5684212859375 0.6112045187499999 0.5684212859375 0.6112045187499999 0.50949956875 0.5829350921875001 0.50949956875
2 0.5965824015625001 0.5077665765625 0.5965824015625001 0.5840182109375001 0.647272409375 0.5840182109375001 0.647272409375 0.5077665765625 0.5965824015625001 0.5077665765625
2 0.617053365625 0.51469854375 0.617053365625 0.5961491546875 0.6482472171875 0.5961491546875 0.6482472171875 0.51469854375 0.617053365625 0.51469854375
2 0.6307006765625001 0.5164315359375 0.6307006765625001 0.6117460796875 0.6813906843749999 0.6117460796875 0.6813906843749999 0.5164315359375 0.6307006765625001 0.5164315359375
2 0.5351695078125001 0.52509649375 0.5351695078125001 0.5441594015625 0.5468672015625 0.5441594015625 0.5468672015625 0.52509649375 0.5351695078125001 0.52509649375
2 0.524446621875 0.5233635015625 0.524446621875 0.549358378125 0.5341947 0.549358378125 0.5341947 0.5233635015625 0.524446621875 0.5233635015625
2 0.5146985421875 0.521630509375 0.5146985421875 0.5528243625 0.5273710453125 0.5528243625 0.5273710453125 0.521630509375 0.5146985421875 0.521630509375
2 0.4971520015625 0.521630509375 0.4971520015625 0.5597563296875 0.518597775 0.5597563296875 0.518597775 0.521630509375 0.4971520015625 0.521630509375
2 0.4952023859375 0.5233635015625 0.4952023859375 0.564955303125 0.5156733515624999 0.564955303125 0.5156733515624999 0.5233635015625 0.4952023859375 0.5233635015625
2 0.49325277031250003 0.526829484375 0.49325277031250003 0.5684212859375 0.5088496953125 0.5684212859375 0.5088496953125 0.526829484375 0.49325277031250003 0.526829484375
2 0.4805802671875 0.5164315359375 0.4805802671875 0.580552228125 0.499101615625 0.580552228125 0.499101615625 0.5164315359375 0.4805802671875 0.5164315359375
2 0.44646199375 0.51469854375 0.44646199375 0.5926831703125 0.4952023859375 0.5926831703125 0.4952023859375 0.51469854375 0.44646199375 0.51469854375
2 0.42014218124999997 0.526829484375 0.42014218124999997 0.6169450546874999 0.4737566125 0.6169450546874999 0.4737566125 0.526829484375 0.42014218124999997 0.526829484375
2 0.41136891093749994 0.53549444375 0.41136891093749994 0.6290759953125 0.456210071875 0.6290759953125 0.456210071875 0.53549444375 0.41136891093749994 0.53549444375
2 0.332409475 0.51989751875 0.332409475 0.677599765625 0.4347642984375 0.677599765625 0.4347642984375 0.51989751875 0.332409475 0.51989751875
2 0.029244234375 0.44017989843749994 0.029244234375 0.8075741437499999 0.3753010203125 0.8075741437499999 0.3753010203125 0.44017989843749994 0.029244234375 0.44017989843749994
6 0.6726174125 0.19756105625 0.6726174125 0.7469194328125 0.9982032343749999 0.7469194328125 0.9982032343749999 0.19756105625 0.6726174125 0.19756105625
2 0 0.9306165562500001 0.147195984375 0.9306165562500001 0.147195984375 0.67933275625 0 0.67933275625 0 0.9306165562500001
2 0.5468672015625 0.521630509375 0.5468672015625 0.5510913687500001 0.56148931875 0.5510913687500001 0.56148931875 0.521630509375 0.5468672015625 0.521630509375