2 0.11405251875 0.56264465625 0.11405251875 0.5799745734374999 0.1286746359375 0.5799745734374999 0.1286746359375 0.56264465625 0.11405251875 0.56264465625
2 0.1121029015625 0.5614893203125 0.1121029015625 0.5840182125 0.1374479078125 0.5840182125 0.1374479078125 0.5614893203125 0.1121029015625 0.5614893203125
2 0.1894376578125 0.570154278125 0.1894376578125 0.592683171875 0.2060093921875 0.592683171875 0.2060093921875 0.570154278125 0.1894376578125 0.570154278125
2 0.196261315625 0.57708624375 0.196261315625 0.6100130859374999 0.21868189531249999 0.6100130859374999 0.21868189531249999 0.57708624375 0.196261315625 0.57708624375
2 0.21738214843749998 0.56957661875 0.21738214843749998 0.618100390625 0.2612485 0.618100390625 0.2612485 0.56957661875 0.21738214843749998 0.56957661875
2 0.29439196875 0.5661106390625 0.29439196875 0.6336973140625 0.34410716875 0.6336973140625 0.34410716875 0.5661106390625 0.29439196875 0.5661106390625
2 0.41266866562500004 0.5557126875 0.41266866562500004 0.6856870703125 0.53744406875 0.6856870703125 0.53744406875 0.5557126875 0.41266866562500004 0.5557126875
2 0.1286746359375 0.567843628125 0.1286746359375 0.6440952656250001 0.1900875296875 0.6440952656250001 0.1900875296875 0.567843628125 0.1286746359375 0.567843628125
2 0.0038992296875 0.5661106390625 0.0038992296875 0.6077024390625 0.044841159375 0.6077024390625 0.044841159375 0.5661106390625 0.0038992296875 0.5661106390625
2 0.0809090515625 0.560334009375 0.0809090515625 0.5845958953125 0.1101532859375 0.5845958953125 0.1101532859375 0.560334009375 0.0809090515625 0.560334009375
2 0.071160971875 0.5643776468749999 0.071160971875 0.5851735484375 0.08675789843750001 0.5851735484375 0.08675789843750001 0.5643776468749999 0.071160971875 0.5643776468749999