2 0.0858745703125 0.43406219375 0.0858745703125 0.47390591718749997 0.11356009843749999 0.47390591718749997 0.11356009843749999 0.43406219375 0.0858745703125 0.43406219375
2 0.2915384921875 0.441093440625 0.2915384921875 0.46218717500000006 0.30867715156250003 0.46218717500000006 0.30867715156250003 0.441093440625 0.2915384921875 0.441093440625
2 0.298130284375 0.4457809359375 0.298130284375 0.4832809125 0.3218607359375 0.4832809125 0.3218607359375 0.4457809359375 0.298130284375 0.4457809359375
2 0.31922401875 0.441093440625 0.31922401875 0.492655903125 0.3561380578125 0.492655903125 0.3561380578125 0.441093440625 0.31922401875 0.441093440625
2 0.3337259640625 0.45046843281250004 0.3337259640625 0.5043746453125 0.383823584375 0.5043746453125 0.383823584375 0.45046843281250004 0.3337259640625 0.45046843281250004
2 0.3811868671875 0.45984342656250005 0.3811868671875 0.5301558796875 0.4299661296875 0.5301558796875 0.4299661296875 0.45984342656250005 0.3811868671875 0.45984342656250005
2 0.4194192640625 0.45515593125000003 0.4194192640625 0.5512496140625001 0.502475846875 0.5512496140625001 0.502475846875 0.45515593125000003 0.4194192640625 0.45515593125000003
2 0.23616743437499998 0.4457809359375 0.23616743437499998 0.46921842031249994 0.257261171875 0.46921842031249994 0.257261171875 0.4457809359375 0.23616743437499998 0.4457809359375
2 0.0463238171875 0.43640594374999997 0.0463238171875 0.4645309234375 0.0700542703125 0.4645309234375 0.0700542703125 0.43640594374999997 0.0463238171875 0.43640594374999997
2 0.1702495125 0.441093440625 0.1702495125 0.45984342656250005 0.18475145625 0.45984342656250005 0.18475145625 0.441093440625 0.1702495125 0.441093440625
2 0.15574756875 0.438749690625 0.15574756875 0.46218717343750004 0.1702495125 0.46218717343750004 0.1702495125 0.438749690625 0.15574756875 0.438749690625
2 0.11619681562499999 0.42468720156249995 0.11619681562499999 0.4785934140625 0.1517924953125 0.4785934140625 0.1517924953125 0.42468720156249995 0.11619681562499999 0.42468720156249995
2 0.2546244546875 0.42703094999999996 0.2546244546875 0.4973434015625 0.2968119265625 0.4973434015625 0.2968119265625 0.42703094999999996 0.2546244546875 0.42703094999999996
2 0.49588405468749996 0.42703094999999996 0.49588405468749996 0.59812458125 0.6501319953125 0.59812458125 0.6501319953125 0.42703094999999996 0.49588405468749996 0.42703094999999996
2 0.0001812703125 0.43640594374999997 0.0001812703125 0.5160933875 0.02918515625 0.5160933875 0.02918515625 0.43640594374999997 0.0001812703125 0.43640594374999997