0 0.30672140937500003 0.6426535921875 0.30672140937500003 0.687440290625 0.3211171359375 0.687440290625 0.3211171359375 0.6426535921875 0.30672140937500003 0.6426535921875
0 0.29285685 0.6383881890625 0.29285685 0.691705690625 0.309120696875 0.691705690625 0.309120696875 0.6383881890625 0.29285685 0.6383881890625
0 0.235942428125 0.6447862890625 0.235942428125 0.687440290625 0.2767303171875 0.687440290625 0.2767303171875 0.6447862890625 0.235942428125 0.6447862890625
0 0.23954135937499998 0.636255490625 0.23954135937499998 0.6831748921874999 0.2839281796875 0.6831748921874999 0.2839281796875 0.636255490625 0.23954135937499998 0.636255490625
2 0.52985515 0.60213229375 0.52985515 0.6277246937500001 0.5478498046875 0.6277246937500001 0.5478498046875 0.60213229375 0.52985515 0.60213229375
2 0.5214576421875 0.58507069375 0.5214576421875 0.60639769375 0.53345408125 0.60639769375 0.53345408125 0.58507069375 0.5214576421875 0.58507069375
6 0.51066085 0.58933609375 0.51066085 0.61919389375 0.525056575 0.61919389375 0.525056575 0.58933609375 0.51066085 0.58933609375
2 0.49866441093749997 0.6127957937499999 0.49866441093749997 0.63838819375 0.5178587109375 0.63838819375 0.5178587109375 0.6127957937499999 0.49866441093749997 0.6127957937499999
2 0.48186939687499997 0.60426499375 0.48186939687499997 0.63199009375 0.49626512343750007 0.63199009375 0.49626512343750007 0.60426499375 0.48186939687499997 0.60426499375
6 0.43388364843750005 0.565876390625 0.43388364843750005 0.6511843921875 0.48186939687499997 0.6511843921875 0.48186939687499997 0.565876390625 0.43388364843750005 0.565876390625
2 0.369102884375 0.5765398921875 0.369102884375 0.6789094921875 0.43388364843750005 0.6789094921875 0.43388364843750005 0.5765398921875 0.369102884375 0.5765398921875
6 0.5454505171874999 0.58933609375 0.5454505171874999 0.617812075 0.5604836203125 0.617812075 0.5604836203125 0.58933609375 0.5454505171874999 0.58933609375