4 0.9445888015625 0.687997715625 0.9445888015625 0.8422339796875 0.9962536203125 0.8422339796875 0.9962536203125 0.687997715625 0.9445888015625 0.687997715625
4 0.5429679703125 0.6758667734375 0.5429679703125 0.7261235328125 0.55369085625 0.7261235328125 0.55369085625 0.6758667734375 0.5429679703125 0.6758667734375
4 0.529320659375 0.66373583125 0.529320659375 0.727856525 0.543942778125 0.727856525 0.543942778125 0.66373583125 0.529320659375 0.66373583125
2 0.41234371875000003 0.66893480625 0.41234371875000003 0.7347884921875 0.43573910624999995 0.7347884921875 0.43573910624999995 0.66893480625 0.41234371875000003 0.66893480625
2 0.3967467921875 0.66373583125 0.3967467921875 0.7243905421875 0.42111698906250006 0.7243905421875 0.42111698906250006 0.66373583125 0.3967467921875 0.66373583125
6 0.3782254453125 0.6325419812499999 0.3782254453125 0.6862647234375 0.4181925640625 0.6862647234375 0.4181925640625 0.6325419812499999 0.3782254453125 0.6325419812499999
2 0.330459859375 0.6516048890625 0.330459859375 0.6810657484375 0.3879735234375 0.6810657484375 0.3879735234375 0.6516048890625 0.330459859375 0.6516048890625
2 0.27879504375 0.6706677984375 0.27879504375 0.717458575 0.292442353125 0.717458575 0.292442353125 0.6706677984375 0.27879504375 0.6706677984375
2 0.28366908281250003 0.6758667734375 0.28366908281250003 0.7451864406250001 0.3246110125 0.7451864406250001 0.3246110125 0.6758667734375 0.28366908281250003 0.6758667734375
2 0.26612254218750003 0.66893480625 0.26612254218750003 0.715725584375 0.2856186984375 0.715725584375 0.2856186984375 0.66893480625 0.26612254218750003 0.66893480625
6 0.2281050359375 0.655070871875 0.2281050359375 0.7365214828125 0.2797698515625 0.7365214828125 0.2797698515625 0.655070871875 0.2281050359375 0.655070871875
2 0.0019496156250000001 0.66893480625 0.0019496156250000001 0.7989091875 0.062387701562499995 0.7989091875 0.062387701562499995 0.66893480625 0.0019496156250000001 0.66893480625
2 0.0497152 0.6273430046875 0.0497152 0.8612968875 0.2437019625 0.8612968875 0.2437019625 0.6273430046875 0.0497152 0.6273430046875
6 0.083833475 0.5961491546875 0.083833475 0.6325419812499999 0.1881379140625 0.6325419812499999 0.1881379140625 0.5961491546875 0.083833475 0.5961491546875
2 0.287568315625 0.66893480625 0.287568315625 0.8699618453125 0.42989026093750005 0.8699618453125 0.42989026093750005 0.66893480625 0.287568315625 0.66893480625
2 0.8227378218749999 0.66893480625 0.8227378218749999 0.7919772218750001 0.9991780421875 0.7919772218750001 0.9991780421875 0.66893480625 0.8227378218749999 0.66893480625