2 0.3842077609375 0.41556140937499997 0.3842077609375 0.430867540625 0.3910955203125 0.430867540625 0.3910955203125 0.41556140937499997 0.3842077609375 0.41556140937499997
2 0.435004978125 0.414030796875 0.435004978125 0.4278063109375 0.4418927375 0.4278063109375 0.4418927375 0.414030796875 0.435004978125 0.414030796875
2 0.44103176875 0.41096957187500005 0.44103176875 0.430867540625 0.44964146562499996 0.430867540625 0.44964146562499996 0.41096957187500005 0.44103176875 0.41096957187500005
2 0.44533661562500004 0.417092021875 0.44533661562500004 0.436989990625 0.4539463140625 0.436989990625 0.4539463140625 0.417092021875 0.44533661562500004 0.417092021875
2 0.4496414640625 0.414030796875 0.4496414640625 0.44005121875000003 0.46858279999999997 0.44005121875000003 0.46858279999999997 0.414030796875 0.4496414640625 0.414030796875
2 0.462771253125 0.41556140937499997 0.462771253125 0.4507655078125 0.47826870781249997 0.4507655078125 0.47826870781249997 0.41556140937499997 0.462771253125 0.41556140937499997
2 0.4696590109375 0.40637773125 0.4696590109375 0.4630104109375 0.492044225 0.4630104109375 0.492044225 0.40637773125 0.4696590109375 0.40637773125
2 0.47568580000000005 0.40178589374999996 0.47568580000000005 0.4691328640625 0.504097803125 0.4691328640625 0.504097803125 0.40178589374999996 0.47568580000000005 0.40178589374999996
2 0.5901947812499999 0.40178589374999996 0.5901947812499999 0.43698999374999997 0.6091361171874999 0.43698999374999997 0.6091361171874999 0.40178589374999996 0.5901947812499999 0.40178589374999996
2 0.5807241125 0.40178589374999996 0.5807241125 0.42627570312499996 0.5893338109374999 0.42627570312499996 0.5893338109374999 0.40178589374999996 0.5807241125 0.40178589374999996
2 0.59406914375 0.2836736 0.59406914375 0.6326533484375 0.87818916875 0.6326533484375 0.87818916875 0.2836736 0.59406914375 0.2836736
2 0.2968193296875 0.4247450875 0.2968193296875 0.44158183125 0.3062899984375 0.44158183125 0.3062899984375 0.4247450875 0.2968193296875 0.4247450875
2 0.273573146875 0.41862263750000006 0.273573146875 0.4553573484375 0.3002632078125 0.4553573484375 0.3002632078125 0.41862263750000006 0.273573146875 0.41862263750000006
2 0.2417172640625 0.41096957187500005 0.2417172640625 0.4660716390625 0.279599934375 0.4660716390625 0.279599934375 0.41096957187500005 0.2417172640625 0.41096957187500005
2 0.1902743203125 0.41632671875 0.1902743203125 0.48520430000000003 0.251403175 0.48520430000000003 0.251403175 0.41632671875 0.1902743203125 0.41632671875
2 0.370504 0.41632671875 0.370504 0.4362246859375 0.3851404875 0.4362246859375 0.3851404875 0.41632671875 0.370504 0.41632671875
2 0.3885843671875 0.41785733125 0.3885843671875 0.4362246859375 0.40235988437500003 0.4362246859375 0.40235988437500003 0.41785733125 0.3885843671875 0.41785733125
6 0.41699637031250003 0.39642875 0.41699637031250003 0.4285716203125 0.436798675 0.4285716203125 0.436798675 0.39642875 0.41699637031250003 0.39642875
2 0.0585459453125 0.3941328296875 0.0585459453125 0.51505125 0.175637834375 0.51505125 0.175637834375 0.3941328296875 0.0585459453125 0.3941328296875
2 0.30392233125 0.41096957187500005 0.30392233125 0.48750021875 0.365912153125 0.48750021875 0.365912153125 0.41096957187500005 0.30392233125 0.41096957187500005
2 0.40723870156249997 0.41556140937499997 0.40723870156249997 0.4568879578125 0.43565070468749995 0.4568879578125 0.43565070468749995 0.41556140937499997 0.40723870156249997 0.41556140937499997
2 0.49161374062499996 0.3910716046875 0.49161374062499996 0.4813777671875 0.5570474421875 0.4813777671875 0.5570474421875 0.3910716046875 0.49161374062499996 0.3910716046875
2 0.000304890625 0.400000175 0.000304890625 0.5193879828125 0.0872628390625 0.5193879828125 0.0872628390625 0.400000175 0.000304890625 0.400000175
2 0.8259749062499999 0.32346952500000004 0.8259749062499999 0.7596942109375 0.998709096875 0.7596942109375 0.998709096875 0.32346952500000004 0.8259749062499999 0.32346952500000004