2 0.878026740625 0.538613753125 0.878026740625 0.6156245874999999 0.951791215625 0.6156245874999999 0.951791215625 0.538613753125 0.878026740625 0.538613753125
2 0.6561030921875 0.53454805625 0.6561030921875 0.585831403125 0.7281888875 0.585831403125 0.7281888875 0.53454805625 0.6561030921875 0.53454805625
2 0.61669958125 0.5276178734375 0.61669958125 0.5775151843749999 0.6650376015624999 0.5775151843749999 0.6650376015624999 0.5276178734375 0.61669958125 0.5276178734375
2 0.4984533578125 0.5249996390625 0.4984533578125 0.5594967109375 0.5585445453125 0.5594967109375 0.5585445453125 0.5249996390625 0.4984533578125 0.5249996390625
2 0.49130826406250006 0.5193016546875 0.49130826406250006 0.54840841875 0.55692676875 0.54840841875 0.55692676875 0.5193016546875 0.49130826406250006 0.5193016546875
2 0.4061953 0.5151435453125 0.4061953 0.55312461875 0.4514147390625 0.55312461875 0.4514147390625 0.5151435453125 0.4061953 0.5151435453125
2 0.3893552046875 0.5062496515625 0.3893552046875 0.5507808703125 0.418359090625 0.5507808703125 0.418359090625 0.5062496515625 0.3893552046875 0.5062496515625
2 0.360196215625 0.5137575078125 0.360196215625 0.5456363468750001 0.4012204296875 0.5456363468750001 0.4012204296875 0.5137575078125 0.360196215625 0.5137575078125
2 0.2775537953125 0.5109854359375 0.2775537953125 0.5470223828125 0.3477218890625 0.5470223828125 0.3477218890625 0.5109854359375 0.2775537953125 0.5109854359375
2 0.2221989640625 0.5095994 0.2221989640625 0.5414782375 0.279113084375 0.5414782375 0.279113084375 0.5095994 0.2221989640625 0.5095994
2 0.19023349843749998 0.495739034375 0.19023349843749998 0.529003909375 0.2354529375 0.529003909375 0.2354529375 0.495739034375 0.19023349843749998 0.495739034375