2 0.31814183281249997 0.504429871875 0.31814183281249997 0.5553928921875 0.334522803125 0.5553928921875 0.334522803125 0.504429871875 0.31814183281249997 0.504429871875
2 0.3351078375 0.5013096859374999 0.3351078375 0.56475344375 0.3509037734375 0.56475344375 0.3509037734375 0.5013096859374999 0.3351078375 0.5013096859374999
2 0.5148304875 0.4846687015625 0.5148304875 0.53771184375 0.5516876703125 0.53771184375 0.5516876703125 0.4846687015625 0.5148304875 0.4846687015625
2 0.47270799375 0.486748825 0.47270799375 0.5054699328125001 0.48089847812500003 0.5054699328125001 0.48089847812500003 0.486748825 0.47270799375 0.486748825
2 0.46276240468749996 0.49714944218749996 0.46276240468749996 0.5137904296875 0.4744630984375 0.5137904296875 0.4744630984375 0.49714944218749996 0.46276240468749996 0.49714944218749996
2 0.44508135312499997 0.49485624375 0.44508135312499997 0.515657478125 0.460292253125 0.515657478125 0.460292253125 0.49485624375 0.44508135312499997 0.49485624375
2 0.41114934375 0.49485624375 0.41114934375 0.5260580921875 0.43162555625000004 0.5260580921875 0.43162555625000004 0.49485624375 0.41114934375 0.49485624375
2 0.47550315468750004 0.4802953828125 0.47550315468750004 0.5458192640624999 0.513530409375 0.5458192640624999 0.513530409375 0.4802953828125 0.47550315468750004 0.4802953828125
2 0.23973419218749997 0.4896559390625 0.23973419218749997 0.59782234375 0.328074425 0.59782234375 0.328074425 0.4896559390625 0.23973419218749997 0.4896559390625
6 0.000455021875 0.3378069453125 0.000455021875 0.6269440687500001 0.17011506875 0.6269440687500001 0.17011506875 0.3378069453125 0.000455021875 0.3378069453125
2 0 0.6758269625 0.13150278437500001 0.6758269625 0.13150278437500001 0.4626143375 0 0.4626143375 0 0.6758269625
2 0.34211525625 0.47405501250000004 0.34211525625 0.5905419125 0.41699968906249996 0.5905419125 0.41699968906249996 0.47405501250000004 0.34211525625 0.47405501250000004
2 0.5423270984374999 0.4582229671875 0.5423270984374999 0.61215208125 0.652898646875 0.61215208125 0.652898646875 0.4582229671875 0.5423270984374999 0.4582229671875
4 0.680714403125 0.4778758015625 0.680714403125 0.5465198640625 0.6959784890625 0.5465198640625 0.6959784890625 0.4778758015625 0.680714403125 0.4778758015625