2 0.55907243125 0.45594380624999997 0.55907243125 0.4788683546875 0.573400275 0.4788683546875 0.573400275 0.45594380624999997 0.55907243125 0.45594380624999997
2 0.5304167453125 0.4533966328125 0.5304167453125 0.49160421562499995 0.5619379999999999 0.49160421562499995 0.5619379999999999 0.4533966328125 0.5304167453125 0.4533966328125
2 0.6135182359375 0.463585321875 0.6135182359375 0.4941513875 0.6278460781249999 0.4941513875 0.6278460781249999 0.463585321875 0.6135182359375 0.463585321875
2 0.62641329375 0.46103815 0.62641329375 0.48905704375000003 0.64360670625 0.48905704375000003 0.64360670625 0.46103815 0.62641329375 0.46103815
2 0.46508179531250005 0.46103815 0.46508179531250005 0.48905704375000003 0.4908719125 0.48905704375000003 0.4908719125 0.46103815 0.46508179531250005 0.46103815
2 0.433560540625 0.45849097812500006 0.433560540625 0.48905704375000003 0.46508179531250005 0.48905704375000003 0.46508179531250005 0.45849097812500006 0.433560540625 0.45849097812500006
2 0.280825725 0.49669855937499996 0.280825725 0.5349061390625 0.323809253125 0.5349061390625 0.323809253125 0.49669855937499996 0.280825725 0.49669855937499996
2 0.5696750484375 0.44830228906249997 0.5696750484375 0.5145287640625 0.6155241453125 0.5145287640625 0.6155241453125 0.44830228906249997 0.5696750484375 0.44830228906249997
2 0.6390218 0.44320794531249996 0.6390218 0.50943441875 0.6963331734375 0.50943441875 0.6963331734375 0.44320794531249996 0.6390218 0.44320794531249996
2 0.722123290625 0.4457551171875 0.722123290625 0.517075934375 0.7908969375 0.517075934375 0.7908969375 0.4457551171875 0.722123290625 0.4457551171875
2 0.689455825 0.45594380624999997 0.689455825 0.48905704375000003 0.7138131578125 0.48905704375000003 0.7138131578125 0.45594380624999997 0.689455825 0.45594380624999997
4 0.8527932359375001 0.41671735156249995 0.8527932359375001 0.47784948125 0.867121078125 0.47784948125 0.867121078125 0.41671735156249995 0.8527932359375001 0.41671735156249995
4 0.9000751171875001 0.409075834375 0.9000751171875001 0.47784948125 0.910104609375 0.47784948125 0.910104609375 0.409075834375 0.9000751171875001 0.409075834375
4 0.9086718234375001 0.41162300625 0.9086718234375001 0.48039665468750004 0.9187013140625 0.48039665468750004 0.9187013140625 0.41162300625 0.9086718234375001 0.41162300625
4 0.9229996671875 0.40143431874999996 0.9229996671875 0.5160570640625 0.9459242171875 0.5160570640625 0.9459242171875 0.40143431874999996 0.9229996671875 0.40143431874999996
6 0.1819636078125 0.46867966718750004 0.1819636078125 0.5501891734375 0.2707962328125 0.5501891734375 0.2707962328125 0.46867966718750004 0.1819636078125 0.46867966718750004
6 0.08166870625 0.46103815 0.08166870625 0.529811796875 0.134681725 0.529811796875 0.134681725 0.46103815 0.08166870625 0.46103815