2 0.36721302499999997 0.422741109375 0.36721302499999997 0.5156055484375 0.42958466562500003 0.5156055484375 0.42958466562500003 0.422741109375 0.36721302499999997 0.422741109375
2 0.0623716390625 0.432443365625 0.0623716390625 0.6167862093750001 0.2097246375 0.6167862093750001 0.2097246375 0.432443365625 0.0623716390625 0.432443365625
2 0.4498554484375 0.4255131828125 0.4498554484375 0.47818256718749996 0.49117665937500005 0.47818256718749996 0.49117665937500005 0.4255131828125 0.4498554484375 0.4255131828125
2 0.48493949374999995 0.4241271453125 0.48493949374999995 0.4698663515625 0.5013120515625 0.4698663515625 0.5013120515625 0.4241271453125 0.48493949374999995 0.4241271453125
2 0.50209169375 0.422741109375 0.50209169375 0.4629361671875 0.51768460625 0.4629361671875 0.51768460625 0.422741109375 0.50209169375 0.422741109375
2 0.5137863765625 0.42689922031250005 0.5137863765625 0.45461994375000003 0.5231421234375 0.45461994375000003 0.5231421234375 0.42689922031250005 0.5137863765625 0.42689922031250005
2 0.5208031859375 0.4241271453125 0.5208031859375 0.4532339109375 0.5301589328125 0.4532339109375 0.5301589328125 0.4241271453125 0.5208031859375 0.4241271453125
2 0.5324978687499999 0.4241271453125 0.5324978687499999 0.45600598750000004 0.5402943234375 0.45600598750000004 0.5402943234375 0.4241271453125 0.5324978687499999 0.4241271453125
2 0.5410739703125 0.4255131828125 0.5410739703125 0.4560059859375 0.552768653125 0.4560059859375 0.552768653125 0.4255131828125 0.5410739703125 0.4255131828125
2 0.550429715625 0.4296712921875 0.550429715625 0.4532339109375 0.56056510625 0.4532339109375 0.56056510625 0.4296712921875 0.550429715625 0.4296712921875
2 0.5597854625 0.42828525624999997 0.5597854625 0.44491769375 0.569920853125 0.44491769375 0.569920853125 0.42828525624999997 0.5597854625 0.42828525624999997
2 0.7531375437500001 0.4171969640625 0.7531375437500001 0.6916321765625 0.9940479984374999 0.6916321765625 0.9940479984374999 0.4171969640625 0.7531375437500001 0.4171969640625
2 0.6369703640625 0.41026678125 0.6369703640625 0.479568603125 0.6837490953125 0.479568603125 0.6837490953125 0.41026678125 0.6369703640625 0.41026678125
2 0.6307332 0.4171969640625 0.6307332 0.4573920203125 0.6463261109375 0.4573920203125 0.6463261109375 0.4171969640625 0.6307332 0.4171969640625
2 0.61669958125 0.42689922031250005 0.61669958125 0.45461994375000003 0.63151285 0.45461994375000003 0.63151285 0.42689922031250005 0.61669958125 0.42689922031250005
2 0.606564190625 0.42828525624999997 0.606564190625 0.44907580156250004 0.61669958125 0.44907580156250004 0.61669958125 0.42828525624999997 0.606564190625 0.42828525624999997
2 0.659580084375 0.42135507343749995 0.659580084375 0.5059032953125 0.7188331406249999 0.5059032953125 0.7188331406249999 0.42135507343749995 0.659580084375 0.42135507343749995
2 0.5636836890625 0.40888074531249996 0.5636836890625 0.4241271453125 0.5730394359375001 0.4241271453125 0.5730394359375001 0.40888074531249996 0.5636836890625 0.40888074531249996
2 0.1450140609375 0.39502038125 0.1450140609375 0.6417348656249999 0.388263453125 0.6417348656249999 0.388263453125 0.39502038125 0.1450140609375 0.39502038125
2 0.001559290625 0.44491769375 0.001559290625 0.6833159578125 0.0545751875 0.6833159578125 0.0545751875 0.44491769375 0.001559290625 0.44491769375
2 0.9386931687500001 0.5710470078125 0.9386931687500001 0.87736105625 0.9982032343749999 0.87736105625 0.9982032343749999 0.5710470078125 0.9386931687500001 0.5710470078125