2 0 0.590717059375 0.022784801562500002 0.590717059375 0.022784801562500002 0.5637128515625001 0 0.5637128515625001 0 0.590717059375
2 0 0.6902950796875 0.11772147031249999 0.6902950796875 0.11772147031249999 0.5569618000000001 0 0.5569618000000001 0 0.6902950796875
2 0.224999909375 0.550210746875 0.224999909375 0.5704639046875 0.23354421093750002 0.5704639046875 0.23354421093750002 0.550210746875 0.224999909375 0.550210746875
1 0.2022151078125 0.5333331171875 0.2022151078125 0.5704639046875 0.2240505421875 0.5704639046875 0.2240505421875 0.5333331171875 0.2022151078125 0.5333331171875
2 0.1908227078125 0.5586495625000001 0.1908227078125 0.5755271937499999 0.20031637500000002 0.5755271937499999 0.20031637500000002 0.5586495625000001 0.1908227078125 0.5586495625000001
2 0.1718353734375 0.5518985109375001 0.1718353734375 0.57890271875 0.189873340625 0.57890271875 0.189873340625 0.5518985109375001 0.1718353734375 0.5518985109375001
2 0.12626577187500002 0.53670864375 0.12626577187500002 0.605906928125 0.172784740625 0.605906928125 0.172784740625 0.53670864375 0.12626577187500002 0.53670864375
6 0.2325948421875 0.5316453546875 0.2325948421875 0.5721516671875 0.2544302765625 0.5721516671875 0.2544302765625 0.5316453546875 0.2325948421875 0.5316453546875
2 0.2544302765625 0.5535862734375 0.2544302765625 0.5738394312499999 0.267721409375 0.5738394312499999 0.267721409375 0.5535862734375 0.2544302765625 0.5535862734375
4 0.5193035874999999 0.5316453546875 0.5193035874999999 0.5569618000000001 0.526898521875 0.5569618000000001 0.526898521875 0.5316453546875 0.5193035874999999 0.5316453546875
4 0.639873159375 0.5299575921875 0.639873159375 0.5940925859374999 0.6645566921875 0.5940925859374999 0.6645566921875 0.5299575921875 0.639873159375 0.5299575921875
2 0.26582267656249997 0.548522984375 0.26582267656249997 0.57890271875 0.2743669765625 0.57890271875 0.2743669765625 0.548522984375 0.26582267656249997 0.548522984375
2 0.268670778125 0.5434596953125 0.268670778125 0.58059048125 0.28670874375 0.58059048125 0.28670874375 0.5434596953125 0.268670778125 0.5434596953125
2 0.27151887812500003 0.5552740359375 0.27151887812500003 0.5822782453124999 0.28481001093749997 0.5822782453124999 0.28481001093749997 0.5552740359375 0.27151887812500003 0.5552740359375
2 0.2791138109375 0.5535862734375 0.2791138109375 0.5856537703125 0.3018986125 0.5856537703125 0.3018986125 0.5535862734375 0.2791138109375 0.5535862734375
2 0.29715177812500004 0.550210746875 0.29715177812500004 0.592404821875 0.31234164531249997 0.592404821875 0.31234164531249997 0.550210746875 0.29715177812500004 0.550210746875
2 0.3094935453125 0.546835221875 0.3094935453125 0.6025314015625 0.32753151406250003 0.6025314015625 0.32753151406250003 0.546835221875 0.3094935453125 0.546835221875
4 0.3094935453125 0.53839640625 0.3094935453125 0.6025314015625 0.3199365796875 0.6025314015625 0.3199365796875 0.53839640625 0.3094935453125 0.53839640625
2 0.4310124828125 0.53502088125 0.4310124828125 0.65653981875 0.5193035874999999 0.65653981875 0.5193035874999999 0.53502088125 0.4310124828125 0.53502088125
2 0.49177195312500005 0.53839640625 0.49177195312500005 0.7139237609375 0.6408225265625 0.7139237609375 0.6408225265625 0.53839640625 0.49177195312500005 0.53839640625
2 0.604746590625 0.5296200437499999 0.604746590625 0.80978870625 0.9189869703125 0.80978870625 0.9189869703125 0.5296200437499999 0.604746590625 0.5296200437499999
2 0.320885946875 0.5127424140625 0.320885946875 0.669704375 0.44050615156250006 0.669704375 0.44050615156250006 0.5127424140625 0.320885946875 0.5127424140625
2 0.8648137328125 0.6241347687500001 0.8648137328125 0.8975523796875 0.9986744375000001 0.8975523796875 0.9986744375000001 0.6241347687500001 0.8648137328125 0.6241347687500001