2 0.0325173328125 0.5100758328125 0.0325173328125 0.727708190625 0.277353734375 0.727708190625 0.277353734375 0.5100758328125 0.0325173328125 0.5100758328125
2 0.3270861296875 0.52367785625 0.3270861296875 0.59168796875 0.4112486421875 0.59168796875 0.4112486421875 0.52367785625 0.3270861296875 0.52367785625
2 0.40359750468750005 0.504975075 0.40359750468750005 0.5627553562500001 0.4482782671875 0.5627553562500001 0.4482782671875 0.504975075 0.40359750468750005 0.504975075
2 0.801456653125 0.5372798796875 0.801456653125 0.7702969000000001 0.997002971875 0.7702969000000001 0.997002971875 0.5372798796875 0.801456653125 0.5372798796875
2 0.7488550828125 0.564483925 0.7488550828125 0.6784008609375001 0.85310183125 0.6784008609375001 0.85310183125 0.564483925 0.7488550828125 0.564483925
2 0.6991226890625 0.555982659375 0.6991226890625 0.65289706875 0.8091077906249999 0.65289706875 0.8091077906249999 0.555982659375 0.6991226890625 0.555982659375
2 0.672343709375 0.511776084375 0.672343709375 0.60699024375 0.817715321875 0.60699024375 0.817715321875 0.511776084375 0.672343709375 0.511776084375
2 0.6053962546875 0.5032748218750001 0.6053962546875 0.56887780625 0.6686865296875 0.56887780625 0.6686865296875 0.5032748218750001 0.6053962546875 0.5032748218750001
2 0.58148645 0.5032748218750001 0.58148645 0.5525821578125 0.6312188421875 0.5525821578125 0.6312188421875 0.5032748218750001 0.58148645 0.5032748218750001
2 0.565227784375 0.49647381093750004 0.565227784375 0.537279878125 0.5967887265625 0.537279878125 0.5967887265625 0.49647381093750004 0.565227784375 0.49647381093750004
2 0.4434471765625 0.50724208125 0.4434471765625 0.5480481484374999 0.472138940625 0.5480481484374999 0.472138940625 0.50724208125 0.4434471765625 0.50724208125
2 0.4769209015625 0.5038415781250001 0.4769209015625 0.53444613125 0.5113510203125 0.53444613125 0.5113510203125 0.5038415781250001 0.4769209015625 0.5038415781250001
3 0.40350783906250004 0.52295941875 0.40350783906250004 0.5719390328125 0.43278080937499996 0.5719390328125 0.43278080937499996 0.52295941875 0.40350783906250004 0.52295941875