2 0.3865910609375 0.5418050359375 0.3865910609375 0.5616579859375 0.4028343828125 0.5616579859375 0.4028343828125 0.5418050359375 0.3865910609375 0.5418050359375
2 0.368317321875 0.5381954078125 0.368317321875 0.5616579859375 0.390651890625 0.5616579859375 0.390651890625 0.5381954078125 0.368317321875 0.5381954078125
2 0.350043584375 0.53278096875 0.350043584375 0.5670724265625 0.3703477375 0.5670724265625 0.3703477375 0.53278096875 0.350043584375 0.53278096875
2 0.32973943125 0.5291713421875001 0.32973943125 0.5724868671875 0.3510587921875 0.5724868671875 0.3510587921875 0.5291713421875001 0.32973943125 0.5291713421875001
2 0.2921767484375 0.5472194765625 0.2921767484375 0.581510934375 0.31248090156249997 0.581510934375 0.31248090156249997 0.5472194765625 0.2921767484375 0.5472194765625
2 0.268826971875 0.5454146640624999 0.268826971875 0.5923398171875001 0.2972527859375 0.5923398171875001 0.2972527859375 0.5454146640624999 0.268826971875 0.5454146640624999
2 0.22923387343749999 0.5381954078125 0.22923387343749999 0.5869253765625 0.2688269734375 0.5869253765625 0.2688269734375 0.5381954078125 0.22923387343749999 0.5381954078125
2 0.2038536828125 0.527366528125 0.2038536828125 0.588730190625 0.2404011578125 0.588730190625 0.2404011578125 0.527366528125 0.2038536828125 0.527366528125
2 0.1733974546875 0.53278096875 0.1733974546875 0.59233981875 0.21197534375 0.59233981875 0.21197534375 0.53278096875 0.1733974546875 0.53278096875
2 0.1358347703125 0.5291713421875001 0.1358347703125 0.6013638859375 0.1987776453125 0.6013638859375 0.1987776453125 0.5291713421875001 0.1358347703125 0.5291713421875001
2 0.036344421875 0.5093183921875 0.036344421875 0.619412021875 0.154108509375 0.619412021875 0.154108509375 0.5093183921875 0.036344421875 0.5093183921875
2 0 0.63746015625 0.0404052515625 0.63746015625 0.0404052515625 0.51473283125 0 0.51473283125 0 0.63746015625
2 0.5165376390625 0.5381954078125 0.5165376390625 0.559853171875 0.5277049234375 0.559853171875 0.5277049234375 0.5381954078125 0.5165376390625 0.5381954078125
2 0.5256745078125 0.5291713421875001 0.5256745078125 0.5670724265625 0.5601915671875 0.5670724265625 0.5601915671875 0.5291713421875001 0.5256745078125 0.5291713421875001
2 0.57846530625 0.4840510015625 0.57846530625 0.5797061218749999 0.622119234375 0.5797061218749999 0.622119234375 0.4840510015625 0.57846530625 0.4840510015625
2 0.60181508125 0.48044137343750004 0.60181508125 0.6031686984375 0.6870925234375 0.6031686984375 0.6870925234375 0.48044137343750004 0.60181508125 0.48044137343750004
2 0.65156025625 0.46961249218749995 0.65156025625 0.6464842234375 0.7977501578124999 0.6464842234375 0.7977501578124999 0.46961249218749995 0.65156025625 0.46961249218749995
2 0.7439441515625 0.437125846875 0.7439441515625 0.7674067359375 0.9987612718750001 0.7674067359375 0.9987612718750001 0.437125846875 0.7439441515625 0.437125846875