2 0.424033428125 0.480092790625 0.424033428125 0.5029741640625 0.4509450421875 0.5029741640625 0.4509450421875 0.480092790625 0.424033428125 0.480092790625
2 0.41467286718749996 0.48425304062499996 0.41467286718749996 0.5050542874999999 0.42637356875 0.5050542874999999 0.42637356875 0.48425304062499996 0.41467286718749996 0.48425304062499996
2 0.4018020953125 0.482172915625 0.4018020953125 0.5050542874999999 0.41935314687499997 0.5050542874999999 0.41935314687499997 0.482172915625 0.4018020953125 0.482172915625
2 0.386591184375 0.480092790625 0.386591184375 0.5071344125 0.41467286718749996 0.5071344125 0.41467286718749996 0.480092790625 0.386591184375 0.480092790625
2 0.36904013125 0.480092790625 0.36904013125 0.5092145375 0.4041422359375 0.5092145375 0.4041422359375 0.480092790625 0.36904013125 0.480092790625
2 0.3549992890625 0.478012665625 0.3549992890625 0.5154549109375 0.3865911828125 0.5154549109375 0.3865911828125 0.478012665625 0.3549992890625 0.478012665625
2 0.331597884375 0.482172915625 0.331597884375 0.5133747843750001 0.3784006921875 0.5133747843750001 0.3784006921875 0.482172915625 0.331597884375 0.482172915625
2 0.33276795625 0.48425304062499996 0.33276795625 0.5133747843750001 0.3713802703125 0.5133747843750001 0.3713802703125 0.48425304062499996 0.33276795625 0.48425304062499996
2 0.3163869734375 0.48425304062499996 0.3163869734375 0.5154549109375 0.339788378125 0.5154549109375 0.339788378125 0.48425304062499996 0.3163869734375 0.48425304062499996
2 0.3163869734375 0.4988139140625 0.3163869734375 0.5216952859374999 0.330427815625 0.5216952859374999 0.330427815625 0.4988139140625 0.3163869734375 0.4988139140625
6 0.2216112890625 0.46345179375 0.2216112890625 0.56329778125 0.3187271140625 0.56329778125 0.3187271140625 0.46345179375 0.2216112890625 0.46345179375
2 0.5124907328125 0.484669065625 0.5124907328125 0.5054703125 0.5195111546875 0.5054703125 0.5195111546875 0.484669065625 0.5124907328125 0.484669065625
2 0.50664038125 0.482588940625 0.50664038125 0.5075504359375 0.51600094375 0.5075504359375 0.51600094375 0.482588940625 0.50664038125 0.482588940625
6 0.47504848749999995 0.47426844062500007 0.47504848749999995 0.5054703125 0.492599540625 0.5054703125 0.492599540625 0.47426844062500007 0.47504848749999995 0.47426844062500007
2 0.48557912031250006 0.47634856562500005 0.48557912031250006 0.5221113093749999 0.5124907328125 0.5221113093749999 0.5124907328125 0.47634856562500005 0.48557912031250006 0.47634856562500005
2 0.5429125578125 0.48050881562500003 0.5429125578125 0.5117106859375 0.560463609375 0.5117106859375 0.560463609375 0.48050881562500003 0.5429125578125 0.48050881562500003
2 0.5475928375 0.484669065625 0.5475928375 0.5117106875 0.5592935390625 0.5117106875 0.5592935390625 0.484669065625 0.5475928375 0.484669065625
2 0.5534431890625 0.48882931406249996 0.5534431890625 0.5158709359375 0.565143890625 0.5158709359375 0.565143890625 0.48882931406249996 0.5534431890625 0.48882931406249996
2 0.5639738203125 0.4867491890625 0.5639738203125 0.524191434375 0.5920555046875 0.524191434375 0.5920555046875 0.4867491890625 0.5639738203125 0.4867491890625
2 0.625597521875 0.465254578125 0.625597521875 0.5755011890625 0.6981418703125 0.5755011890625 0.6981418703125 0.465254578125 0.625597521875 0.465254578125
2 0.6700601890625 0.459014203125 0.6700601890625 0.610863309375 0.788237275 0.610863309375 0.788237275 0.459014203125 0.6700601890625 0.459014203125
2 1 0.4170650109375 0.7520626 0.4170650109375 0.7520626 0.7186830984375 1 0.7186830984375 1 0.4170650109375