2 0 0.8107850609374999 0.3202390734375 0.8107850609374999 0.3202390734375 0.27216499375000003 0 0.27216499375000003 0 0.8107850609374999
2 0.26484636875 0.332473453125 0.26484636875 0.5364592890625001 0.4341897796875 0.5364592890625001 0.4341897796875 0.332473453125 0.26484636875 0.332473453125
2 0.8219387093750001 0.34794824062499996 0.8219387093750001 0.5223912984375 0.9200629296875 0.5223912984375 0.9200629296875 0.34794824062499996 0.8219387093750001 0.34794824062499996
2 0.7364756796874999 0.2930830875 0.7364756796874999 0.48440772968749995 0.9129410109375 0.48440772968749995 0.9129410109375 0.2930830875 0.7364756796874999 0.2930830875
2 0.61534235625 0.360799940625 0.61534235625 0.4044107046875 0.6438300328125 0.4044107046875 0.6438300328125 0.360799940625 0.61534235625 0.360799940625
2 0.51088754375 0.3551727453125 0.51088754375 0.3819019203125 0.5267140296874999 0.3819019203125 0.5267140296874999 0.3551727453125 0.51088754375 0.3551727453125
2 0.5140528390625 0.34954555 0.5140528390625 0.4550554671875 0.5852720312499999 0.4550554671875 0.5852720312499999 0.34954555 0.5140528390625 0.34954555
2 0.6020925578125 0.350515521875 0.6020925578125 0.3917526421875 0.62412864375 0.3917526421875 0.62412864375 0.350515521875 0.6020925578125 0.350515521875
2 0.5904946171875001 0.3546392328125 0.5904946171875001 0.3855670765625 0.6044121437500001 0.3855670765625 0.6044121437500001 0.3546392328125 0.5904946171875001 0.3546392328125
4 0.498870890625 0.3381443875 0.498870890625 0.40000006718750003 0.5104688296875 0.40000006718750003 0.5104688296875 0.3381443875 0.498870890625 0.3381443875
4 0.46639665625 0.3546392328125 0.46639665625 0.4061856328125 0.477994596875 0.4061856328125 0.477994596875 0.3546392328125 0.46639665625 0.3546392328125
4 0.48031418593749997 0.3381443875 0.48031418593749997 0.39587635468750004 0.4942317140625 0.39587635468750004 0.4942317140625 0.3381443875 0.48031418593749997 0.3381443875
4 0.7261905171875 0.32989695937499997 0.7261905171875 0.44536089843750004 0.7447472203125 0.44536089843750004 0.7447472203125 0.32989695937499997 0.7261905171875 0.32989695937499997
4 0.71343278125 0.3340206734375 0.71343278125 0.4432990421875 0.7296698968750001 0.4432990421875 0.7296698968750001 0.3340206734375 0.71343278125 0.3340206734375
4 0.692556490625 0.33608252968749996 0.692556490625 0.44742275468750003 0.7134327828125 0.44742275468750003 0.7134327828125 0.33608252968749996 0.692556490625 0.33608252968749996
4 0.6774791671875 0.35876294375 0.6774791671875 0.4309279046875 0.6902369015625001 0.4309279046875 0.6902369015625001 0.35876294375 0.6774791671875 0.35876294375