2 0.455338071875 0.4759453390625 0.455338071875 0.50401718125 0.46610426250000003 0.50401718125 0.46610426250000003 0.4759453390625 0.455338071875 0.4759453390625
2 0.5177819734375 0.47084136875000004 0.5177819734375 0.49508523125000004 0.5400320984375 0.49508523125000004 0.5400320984375 0.47084136875000004 0.5177819734375 0.47084136875000004
2 0.54950635625 0.47339335312499997 0.54950635625 0.5001892046874999 0.5681677515625 0.5001892046874999 0.5681677515625 0.47339335312499997 0.54950635625 0.47339335312499997
2 0.5533821578125 0.47084136875000004 0.5533821578125 0.5537809046875 0.607930853125 0.5537809046875 0.607930853125 0.47084136875000004 0.5533821578125 0.47084136875000004
2 0.57132580625 0.481049309375 0.57132580625 0.5729207953125 0.6151083109375 0.5729207953125 0.6151083109375 0.481049309375 0.57132580625 0.481049309375
2 0.5899872015625001 0.47849732500000003 0.5899872015625001 0.592060690625 0.6739634828125001 0.592060690625 0.6739634828125001 0.47849732500000003 0.5899872015625001 0.47849732500000003
2 0.346097125 0.48615328125 0.346097125 0.5193290953125 0.3712182328125 0.5193290953125 0.3712182328125 0.48615328125 0.346097125 0.48615328125
2 0.369064996875 0.481049309375 0.369064996875 0.5231570750000001 0.4049522953125 0.5231570750000001 0.4049522953125 0.481049309375 0.369064996875 0.481049309375
2 0.6454929218750001 0.461484109375 0.6454929218750001 0.6426751 0.78473564375 0.6426751 0.78473564375 0.461484109375 0.6454929218750001 0.461484109375
2 0.7190789703125 0.49235096875 0.7190789703125 0.7832773421875 0.9989999046875001 0.7832773421875 0.9989999046875001 0.49235096875 0.7190789703125 0.49235096875
6 0.000731765625 0.3107391546875 0.000731765625 0.6667411624999999 0.2462008921875 0.6667411624999999 0.2462008921875 0.3107391546875 0.000731765625 0.3107391546875
2 0.28812374687500003 0.48013791718750004 0.28812374687500003 0.552869509375 0.35200313906249997 0.552869509375 0.35200313906249997 0.48013791718750004 0.28812374687500003 0.48013791718750004
2 0.45915236875 0.47430477812499994 0.45915236875 0.529172471875 0.4971929046875 0.529172471875 0.4971929046875 0.47430477812499994 0.45915236875 0.47430477812499994