2 0.376275828125 0.57708624375 0.376275828125 0.655070871875 0.45523526406250003 0.655070871875 0.45523526406250003 0.57708624375 0.376275828125 0.57708624375
2 0.661894528125 0.56148931875 0.661894528125 0.6273430046875 0.7661989671875 0.6273430046875 0.7661989671875 0.56148931875 0.661894528125 0.56148931875
2 0.5127489265625 0.5736202609375 0.5127489265625 0.5996151375000001 0.5322450828124999 0.5996151375000001 0.5322450828124999 0.5736202609375 0.5127489265625 0.5736202609375
2 0.56928778125 0.559756328125 0.56928778125 0.592683171875 0.608280096875 0.592683171875 0.608280096875 0.559756328125 0.56928778125 0.559756328125
2 0.6433731765624999 0.5701542796875 0.6433731765624999 0.60134813125 0.673592221875 0.60134813125 0.673592221875 0.5701542796875 0.6433731765624999 0.5701542796875
2 0.5000764249999999 0.5701542796875 0.5000764249999999 0.5944161625 0.520547390625 0.5944161625 0.520547390625 0.5701542796875 0.5000764249999999 0.5701542796875
2 0.4669329578125 0.564955303125 0.4669329578125 0.5978821453125 0.49325277031250003 0.5978821453125 0.49325277031250003 0.564955303125 0.4669329578125 0.564955303125
2 0.45913449531249995 0.559756328125 0.45913449531249995 0.592683171875 0.47083219062500004 0.592683171875 0.47083219062500004 0.559756328125 0.45913449531249995 0.559756328125
2 0.1271598078125 0.5657939296875 0.1271598078125 0.5907554265625 0.18098303437500002 0.5907554265625 0.18098303437500002 0.5657939296875 0.1271598078125 0.5657939296875
2 0.097908053125 0.5741144296875 0.097908053125 0.5886753015624999 0.12130945625 0.5886753015624999 0.12130945625 0.5741144296875 0.097908053125 0.5741144296875
2 0.0522753171875 0.5741144296875 0.0522753171875 0.5907554265625 0.0768467890625 0.5907554265625 0.0768467890625 0.5741144296875 0.0522753171875 0.5741144296875
2 0 0.624037421875 0.01834328125 0.624037421875 0.01834328125 0.5865951765624999 0 0.5865951765624999 0 0.624037421875