2 0.0007796453125 0.36314154374999996 0.0007796453125 0.758161925 0.1567087453125 0.758161925 0.1567087453125 0.36314154374999996 0.0007796453125 0.36314154374999996
2 0.8708640109375001 0.47679653125000004 0.8708640109375001 0.8621146562499999 0.9995055203125001 0.8621146562499999 0.9995055203125001 0.47679653125000004 0.8708640109375001 0.47679653125000004
2 0.151251225 0.46016409375 0.151251225 0.5918375546875 0.27677414843750003 0.5918375546875 0.27677414843750003 0.46016409375 0.151251225 0.46016409375
2 0.23467329218750002 0.44491769375 0.23467329218750002 0.5530285312500001 0.305621034375 0.5530285312500001 0.305621034375 0.44491769375 0.23467329218750002 0.44491769375
2 0.2956805515625 0.455312965625 0.2956805515625 0.5260008203125001 0.32140885468749997 0.5260008203125001 0.32140885468749997 0.455312965625 0.2956805515625 0.455312965625
2 0.309714171875 0.4580850390625 0.309714171875 0.51768460625 0.3299849515625 0.51768460625 0.3299849515625 0.4580850390625 0.309714171875 0.4580850390625
2 0.32296814375 0.46224314843750003 0.32296814375 0.5038242375 0.33856105468750003 0.5038242375 0.33856105468750003 0.46224314843750003 0.32296814375 0.46224314843750003
2 0.333103534375 0.45669900312499995 0.333103534375 0.49689405468750003 0.3440185734375 0.49689405468750003 0.3440185734375 0.45669900312499995 0.333103534375 0.45669900312499995
2 0.33856105468750003 0.46085711093750004 0.33856105468750003 0.49273595312499996 0.35103538125 0.49273595312499996 0.35103538125 0.46085711093750004 0.33856105468750003 0.46085711093750004
2 0.3455778640625 0.46224314843750003 0.3455778640625 0.49134991093749997 0.357272546875 0.49134991093749997 0.357272546875 0.46224314843750003 0.3455778640625 0.46224314843750003
2 0.39235659218749996 0.45669900312499995 0.39235659218749996 0.4858057640625 0.4102884390625 0.4858057640625 0.4102884390625 0.45669900312499995 0.39235659218749996 0.45669900312499995
2 0.4079495015625 0.45392692968750004 0.4079495015625 0.49689405937500003 0.43523709374999997 0.49689405937500003 0.43523709374999997 0.45392692968750004 0.4079495015625 0.45392692968750004
2 0.4258813484375 0.45254089375 0.4258813484375 0.4955080234375 0.440694615625 0.4955080234375 0.440694615625 0.45254089375 0.4258813484375 0.45254089375
2 0.43445745 0.446996746875 0.43445745 0.5038242421875 0.44615213125000003 0.5038242421875 0.44615213125000003 0.446996746875 0.43445745 0.446996746875
2 0.44303355 0.4386805296875 0.44303355 0.5190706390625001 0.47032114218750004 0.5190706390625001 0.47032114218750004 0.4386805296875 0.44303355 0.4386805296875
2 0.534252071875 0.3638345609375 0.534252071875 0.613321115625 0.706553725 0.613321115625 0.706553725 0.3638345609375 0.534252071875 0.3638345609375
2 0.6258604156249999 0.3970994359375 0.6258604156249999 0.7276691203125 0.9839126078125 0.7276691203125 0.9839126078125 0.3970994359375 0.6258604156249999 0.3970994359375
2 0.45550787656249997 0.44145260156250005 0.45550787656249997 0.5315449703125 0.524896325 0.5315449703125 0.524896325 0.44145260156250005 0.45550787656249997 0.44145260156250005
2 0.3822212015625 0.4650152203125 0.3822212015625 0.480261621875 0.3915769453125 0.480261621875 0.3915769453125 0.4650152203125 0.3822212015625 0.4650152203125
2 0.35571325468750004 0.4636291828125 0.35571325468750004 0.480261621875 0.3674079359375 0.480261621875 0.3674079359375 0.4636291828125 0.35571325468750004 0.4636291828125