2 0.1501204078125 0.5025676 0.1501204078125 0.698395665625 0.353855246875 0.698395665625 0.353855246875 0.5025676 0.1501204078125 0.5025676
2 0.45133603281249995 0.497368625 0.45133603281249995 0.5961491546875 0.524446621875 0.5961491546875 0.524446621875 0.497368625 0.45133603281249995 0.497368625
2 0.5273710453125 0.497368625 0.5273710453125 0.5528243609375 0.5683129734375 0.5528243609375 0.5683129734375 0.497368625 0.5273710453125 0.497368625
2 0.71453415 0.49563563281249995 0.71453415 0.655070871875 0.8627049421875 0.655070871875 0.8627049421875 0.49563563281249995 0.71453415 0.49563563281249995
2 0.3957719859375 0.47310674218750004 0.3957719859375 0.5493583796875 0.4474368015625 0.5493583796875 0.4474368015625 0.47310674218750004 0.3957719859375 0.47310674218750004
2 0.32851024375 0.5043005921875 0.32851024375 0.5545573515625 0.3480064015625 0.5545573515625 0.3480064015625 0.5043005921875 0.32851024375 0.5043005921875
2 0.669692990625 0.50949956875 0.669692990625 0.5978821453125 0.7486524265625001 0.5978821453125 0.7486524265625001 0.50949956875 0.669692990625 0.50949956875
2 0.6258266359375 0.4887036671875 0.6258266359375 0.5788192375000001 0.7008868421875001 0.5788192375000001 0.7008868421875001 0.4887036671875 0.6258266359375 0.4887036671875
2 0.6073052890625 0.5025676 0.6073052890625 0.55629034375 0.6414235625 0.55629034375 0.6414235625 0.5025676 0.6073052890625 0.5025676
2 0.581960284375 0.48697067499999996 0.581960284375 0.542426409375 0.627776253125 0.542426409375 0.627776253125 0.48697067499999996 0.581960284375 0.48697067499999996
2 0.5751366296875 0.49216965 0.5751366296875 0.54069341875 0.58780913125 0.54069341875 0.58780913125 0.49216965 0.5751366296875 0.49216965
2 0.5634389343749999 0.4904366578125 0.5634389343749999 0.5337614515625 0.5751366296875 0.5337614515625 0.5751366296875 0.4904366578125 0.5634389343749999 0.4904366578125
2 0.4698573828125 0.4783057171875 0.4698573828125 0.49910161718749996 0.5010512328125001 0.49910161718749996 0.5010512328125001 0.4783057171875 0.4698573828125 0.4783057171875
2 0.51177411875 0.48697067499999996 0.51177411875 0.516431534375 0.5283458515625 0.516431534375 0.5283458515625 0.48697067499999996 0.51177411875 0.48697067499999996
2 0.4406131453125 0.4800387078125 0.4406131453125 0.5164315328125 0.45523526406250003 0.5164315328125 0.45523526406250003 0.4800387078125 0.4406131453125 0.4800387078125
2 0.45426045625 0.4783057171875 0.45426045625 0.511232559375 0.46595814999999996 0.511232559375 0.46595814999999996 0.4783057171875 0.45426045625 0.4783057171875