2 0.5195952578125 0.70331664375 0.5195952578125 0.7247452265625001 0.5307878640625 0.7247452265625001 0.5307878640625 0.70331664375 0.5195952578125 0.70331664375
2 0.49721004375 0.6880105125 0.49721004375 0.70637786875 0.5195952578125 0.70637786875 0.5195952578125 0.6880105125 0.49721004375 0.6880105125
2 0.5049587718749999 0.7079084812499999 0.5049587718749999 0.7752554484374999 0.5299268968749999 0.7752554484374999 0.5299268968749999 0.7079084812499999 0.5049587718749999 0.7079084812499999
2 0.5471462921875 0.695663578125 0.5471462921875 0.7247452234375 0.5635047171875 0.7247452234375 0.5635047171875 0.695663578125 0.5471462921875 0.695663578125
2 0.7094390953125 0.6819974125 0.7094390953125 0.7721942234375 0.774011828125 0.7721942234375 0.774011828125 0.6819974125 0.7094390953125 0.6819974125
2 0.569273225 0.6890819593749999 0.569273225 0.6997962531249999 0.5813268015624999 0.6997962531249999 0.5813268015624999 0.6890819593749999 0.569273225 0.6890819593749999
2 0.5589415890625 0.696735025 0.5589415890625 0.7181636078125 0.569273225 0.7181636078125 0.569273225 0.696735025 0.5589415890625 0.696735025
2 0.5796048625 0.6875513468750001 0.5796048625 0.6982656406250001 0.593380378125 0.6982656406250001 0.593380378125 0.6875513468750001 0.5796048625 0.6875513468750001
2 0.5916584390625 0.690612571875 0.5916584390625 0.710510540625 0.60543395625 0.710510540625 0.60543395625 0.690612571875 0.5916584390625 0.690612571875
2 0.3732918953125 0.6819974125 0.3732918953125 0.917711803125 0.52998839375 0.917711803125 0.52998839375 0.6819974125 0.3732918953125 0.6819974125
2 0.528758459375 0.697303540625 0.528758459375 0.7325076390625 0.5571704625 0.7325076390625 0.5571704625 0.697303540625 0.528758459375 0.697303540625
2 0.5614753109375 0.695772928125 0.5614753109375 0.7615892843750001 0.6062457390625 0.7615892843750001 0.6062457390625 0.695772928125 0.5614753109375 0.695772928125
2 0.749166721875 0.67434434375 0.749166721875 0.79832399375 0.8679805515625001 0.79832399375 0.8679805515625001 0.67434434375 0.749166721875 0.67434434375
2 0.6737088484375 0.6926023531250001 0.6737088484375 0.7075805046875 0.6926501843749999 0.7075805046875 0.6926501843749999 0.6926023531250001 0.6737088484375 0.6926023531250001
2 0.651323634375 0.6926023531250001 0.651323634375 0.7079084828125 0.6737088484375 0.7079084828125 0.6737088484375 0.6926023531250001 0.651323634375 0.6926023531250001
5 0.6239161 0.686735009375 0.6239161 0.7377554328125 0.63941355625 0.7377554328125 0.63941355625 0.686735009375 0.6239161 0.686735009375
0 0.6239161 0.699490109375 0.6239161 0.7438778859374999 0.6376916171875 0.7438778859374999 0.6376916171875 0.699490109375 0.6239161 0.699490109375