2 0.4993645625 0.688181425 0.4993645625 0.7100339609375 0.5239486640625 0.7100339609375 0.5239486640625 0.688181425 0.4993645625 0.688181425
2 0.585408921875 0.6833253046875 0.585408921875 0.7076059015625 0.60316410625 0.7076059015625 0.60316410625 0.6833253046875 0.585408921875 0.6833253046875
2 0.5949694046875 0.685753365625 0.5949694046875 0.7246023187499999 0.64140604375 0.7246023187499999 0.64140604375 0.685753365625 0.5949694046875 0.685753365625
2 0.678282196875 0.6760411296875 0.678282196875 0.69303754375 0.7137925671875001 0.69303754375 0.7137925671875001 0.6760411296875 0.678282196875 0.6760411296875
2 0.7178899171875 0.6784691875 0.7178899171875 0.6954656031249999 0.7342793203125 0.6954656031249999 0.7342793203125 0.6784691875 0.7178899171875 0.6784691875
2 0.7370108859375 0.6760411296875 0.7370108859375 0.69546560625 0.7643265546875 0.69546560625 0.7643265546875 0.6760411296875 0.7370108859375 0.6760411296875
2 0.7370108859375 0.6784691875 0.7370108859375 0.7246023187499999 0.793008009375 0.7246023187499999 0.793008009375 0.6784691875 0.7370108859375 0.6784691875
2 0.762960771875 0.6784691875 0.762960771875 0.7270303765625 0.808031628125 0.7270303765625 0.808031628125 0.6784691875 0.762960771875 0.6784691875
2 0.6864768984375 0.6833253046875 0.6864768984375 0.7124620187499999 0.716524134375 0.7124620187499999 0.716524134375 0.6833253046875 0.6864768984375 0.6833253046875
2 0.6905742484374999 0.688181425 0.6905742484374999 0.7246023187499999 0.742474021875 0.7246023187499999 0.742474021875 0.688181425 0.6905742484374999 0.688181425
2 0.608627240625 0.6808972453125001 0.608627240625 0.73431455625 0.6823795484375 0.73431455625 0.6823795484375 0.6808972453125001 0.608627240625 0.6808972453125001
2 0.5061934796875 0.688181425 0.5061934796875 0.7270303765625 0.543069634375 0.7270303765625 0.543069634375 0.688181425 0.5061934796875 0.688181425
2 0.305423309375 0.7076059015625 0.305423309375 0.7246023187499999 0.31771536093749997 0.7246023187499999 0.31771536093749997 0.7076059015625 0.305423309375 0.7076059015625
2 0.0732401171875 0.7221742578125 0.0732401171875 0.7998721625 0.10055578750000001 0.7998721625 0.10055578750000001 0.7221742578125 0.0732401171875 0.7221742578125
4 0.21528160000000002 0.7076059015625 0.21528160000000002 0.74402679375 0.22211051718750002 0.74402679375 0.22211051718750002 0.7076059015625 0.21528160000000002 0.7076059015625
2 0.469317325 0.688181425 0.469317325 0.7488829124999999 0.5130223968750001 0.7488829124999999 0.5130223968750001 0.688181425 0.469317325 0.688181425
2 0.521217096875 0.6760411296875 0.521217096875 0.7780196265625 0.601798321875 0.7780196265625 0.601798321875 0.6760411296875 0.521217096875 0.6760411296875
2 0.332738978125 0.649332471875 0.332738978125 0.8702858875 0.46248840781249995 0.8702858875 0.46248840781249995 0.649332471875 0.332738978125 0.649332471875
1 0 0.8387211140625 0.0759716859375 0.8387211140625 0.0759716859375 0.6104835203125 0 0.6104835203125 0 0.8387211140625
1 0.7875448765625 0.513361140625 0.7875448765625 0.765879328125 0.9978755296875 0.765879328125 0.9978755296875 0.513361140625 0.7875448765625 0.513361140625