2 0.08578309218749999 0.346598346875 0.08578309218749999 0.460975796875 0.1881379140625 0.460975796875 0.1881379140625 0.346598346875 0.08578309218749999 0.346598346875
2 0.23980273125 0.3431323609375 0.23980273125 0.584018209375 0.41819256562499996 0.584018209375 0.41819256562499996 0.3431323609375 0.23980273125 0.3431323609375
2 0.029244234375 0.356996296875 0.029244234375 0.40725305624999997 0.083833475 0.40725305624999997 0.083833475 0.356996296875 0.029244234375 0.356996296875
2 0.169616565625 0.3639282625 0.169616565625 0.40032108906249997 0.196911184375 0.40032108906249997 0.196911184375 0.3639282625 0.169616565625 0.3639282625
2 0.18716310625000002 0.3552633015625 0.18716310625000002 0.40552006093750004 0.220306571875 0.40552006093750004 0.220306571875 0.3552633015625 0.18716310625000002 0.3552633015625
2 0.23492869062500002 0.3708602296875 0.23492869062500002 0.39685510625 0.254424846875 0.39685510625 0.254424846875 0.3708602296875 0.23492869062500002 0.3708602296875
2 0.08578309218749999 0.356996296875 0.08578309218749999 0.3777921984375 0.09748078593750001 0.3777921984375 0.09748078593750001 0.356996296875 0.08578309218749999 0.356996296875
2 0.005848846875 0.3656612546875 0.005848846875 0.38125818125 0.024370195312500002 0.38125818125 0.024370195312500002 0.3656612546875 0.005848846875 0.3656612546875
2 0.3967467921875 0.37432621250000003 0.3967467921875 0.40205408125000003 0.40357044843749995 0.40205408125000003 0.40357044843749995 0.37432621250000003 0.3967467921875 0.37432621250000003
2 0.2592988859375 0.3656612546875 0.2592988859375 0.3899231421875 0.2700217734375 0.3899231421875 0.2700217734375 0.3656612546875 0.2592988859375 0.3656612546875
2 0.26904696562499997 0.32406945 0.26904696562499997 0.3517973203125 0.31291331875 0.3517973203125 0.31291331875 0.32406945 0.26904696562499997 0.32406945
2 0.310963703125 0.322336459375 0.310963703125 0.3431323625 0.3275354359375 0.3431323625 0.3275354359375 0.322336459375 0.310963703125 0.322336459375
2 0.26709735 0.237419865625 0.26709735 0.2963415828125 0.3197369734375 0.2963415828125 0.3197369734375 0.237419865625 0.26709735 0.237419865625
2 0.3177873578125 0.2547497828125 0.3177873578125 0.301540559375 0.3353339 0.301540559375 0.3353339 0.2547497828125 0.3177873578125 0.2547497828125
2 0.330459859375 0.26514773593749996 0.330459859375 0.3067395359375 0.3450819765625 0.3067395359375 0.3450819765625 0.26514773593749996 0.330459859375 0.26514773593749996
2 0.41039410312499996 0.38125818125 0.41039410312499996 0.398588096875 0.42014218281250004 0.398588096875 0.42014218281250004 0.38125818125 0.41039410312499996 0.38125818125
2 0.425016221875 0.3829911703125 0.425016221875 0.3968551078125 0.43671391562500006 0.3968551078125 0.43671391562500006 0.3829911703125 0.425016221875 0.3829911703125