4 0.043242171875 0.46437483124999995 0.043242171875 0.6199997765624999 0.08437496875 0.6199997765624999 0.08437496875 0.46437483124999995 0.043242171875 0.46437483124999995
2 0.4619529640625 0.5862497890625 0.4619529640625 0.7062497453125001 0.5009763875 0.7062497453125001 0.5009763875 0.5862497890625 0.4619529640625 0.5862497890625
1 0.635976340625 0.623749778125 0.635976340625 0.69874975 0.7129685015625 0.69874975 0.7129685015625 0.623749778125 0.635976340625 0.623749778125
4 0.6233200937500001 0.661249765625 0.6233200937500001 0.7081247453125 0.6370310265625 0.7081247453125 0.6370310265625 0.661249765625 0.6233200937500001 0.661249765625
4 0.6391403999999999 0.661249765625 0.6391403999999999 0.6968747515625 0.6539060203125 0.6968747515625 0.6539060203125 0.661249765625 0.6391403999999999 0.661249765625
4 0.669726328125 0.661249765625 0.669726328125 0.7081247453125 0.6802731984375 0.7081247453125 0.6802731984375 0.661249765625 0.669726328125 0.661249765625
4 0.6802731984375 0.6668747609375 0.6802731984375 0.7099997453125 0.69609350625 0.7099997453125 0.69609350625 0.6668747609375 0.6802731984375 0.6668747609375
4 0.6992575671875 0.6949997515625 0.6992575671875 0.72124974375 0.7087497515625001 0.72124974375 0.7087497515625001 0.6949997515625 0.6992575671875 0.6949997515625
4 0.7087497515625001 0.68562475625 0.7087497515625001 0.7174997453125 0.720351309375 0.7174997453125 0.720351309375 0.68562475625 0.7087497515625001 0.68562475625
4 0.7161325609375 0.6781247593749999 0.7161325609375 0.71937474375 0.7340622421874999 0.71937474375 0.7340622421874999 0.6781247593749999 0.7161325609375 0.6781247593749999
4 0.7333591203125 0.68562475625 0.7333591203125 0.7231247421875 0.7533981765625 0.7231247421875 0.7533981765625 0.68562475625 0.7333591203125 0.68562475625
4 0.76781223125 0.7043747484375 0.76781223125 0.7399997359375 0.7825778515625 0.7399997359375 0.7825778515625 0.7043747484375 0.76781223125 0.7043747484375
4 0.7920700359375 0.7043747484375 0.7920700359375 0.7474997328125 0.8163278390625001 0.7474997328125 0.8163278390625001 0.7043747484375 0.7920700359375 0.7043747484375
5 0.8247653359375 0.7118747453125 0.8247653359375 0.762499728125 0.8585153249999999 0.762499728125 0.8585153249999999 0.7118747453125 0.8247653359375 0.7118747453125
4 0.5305076265625 0.6192854984375 0.5305076265625 0.6717854796875 0.5399998109374999 0.6717854796875 0.5399998109374999 0.6192854984375 0.5305076265625 0.6192854984375
3 0.5042854640625001 0.6361604937500001 0.5042854640625001 0.6717854812499999 0.5294529390625 0.6717854812499999 0.5294529390625 0.6361604937500001 0.5042854640625001 0.6361604937500001
2 0.0803012375 0.3521248796875 0.0803012375 0.9840858625 0.470905875 0.9840858625 0.470905875 0.3521248796875 0.0803012375 0.3521248796875
2 0.8864645328125 0.79593721875 0.8864645328125 0.8840621890625 0.9676754437499999 0.8840621890625 0.9676754437499999 0.79593721875 0.8864645328125 0.79593721875