2 0.4596984828125 0.552830534375 0.4596984828125 0.5680769390625 0.471393165625 0.5680769390625 0.471393165625 0.552830534375 0.4596984828125 0.552830534375
2 0.47273317031250006 0.5460983515625 0.47273317031250006 0.5599587171875 0.48364820625 0.5599587171875 0.48364820625 0.5460983515625 0.47273317031250006 0.5460983515625
2 0.49066501718750005 0.5488704249999999 0.49066501718750005 0.5682749328125001 0.5054782796875 0.5682749328125001 0.5054782796875 0.5488704249999999 0.49066501718750005 0.5488704249999999
2 0.3136854890625 0.5308519515625 0.3136854890625 0.609856025 0.3760571296875 0.609856025 0.3760571296875 0.5308519515625 0.3136854890625 0.5308519515625
2 0.30796808750000004 0.55349055 0.30796808750000004 0.5867554234375 0.3212220609375 0.5867554234375 0.3212220609375 0.55349055 0.30796808750000004 0.55349055
2 0.2845787234375 0.5507184765625001 0.2845787234375 0.5964576765625 0.3079680890625 0.5964576765625 0.3079680890625 0.5507184765625001 0.2845787234375 0.5507184765625001
2 0.2697654578125 0.5548765859375 0.2697654578125 0.6006157875 0.289256596875 0.6006157875 0.289256596875 0.5548765859375 0.2697654578125 0.5548765859375
2 0.2346814109375 0.56180676875 0.2346814109375 0.6047738984375 0.26664687656249997 0.6047738984375 0.26664687656249997 0.56180676875 0.2346814109375 0.56180676875
2 0.1941398453125 0.5479464046875 0.1941398453125 0.6172482265625 0.23390176718750003 0.6172482265625 0.23390176718750003 0.5479464046875 0.1941398453125 0.5479464046875
2 0.522370596875 0.539630184375 0.522370596875 0.5895274984375 0.5527767703124999 0.5895274984375 0.5527767703124999 0.539630184375 0.522370596875 0.539630184375
2 0.12501128125 0.5576486578125001 0.12501128125 0.63665273125 0.19829795781249998 0.63665273125 0.19829795781249998 0.5576486578125001 0.12501128125 0.5576486578125001
2 0.5304269359375 0.54240225625 0.5304269359375 0.597843715625 0.5725277906249999 0.597843715625 0.5725277906249999 0.54240225625 0.5304269359375 0.54240225625
2 0.8697920109374999 0.545900353125 0.8697920109374999 0.59025351875 0.9040964125000001 0.59025351875 0.9040964125000001 0.545900353125 0.8697920109374999 0.545900353125
2 1 0.5260008234375 0.8963974015625 0.5260008234375 0.8963974015625 0.6202513 1 0.6202513 1 0.5260008234375
2 0.7240957484375 0.5232287515625 0.7240957484375 0.6285675203125 0.8963974 0.6285675203125 0.8963974 0.5232287515625 0.7240957484375 0.5232287515625
2 0.6405762375 0.547484409375 0.6405762375 0.5752051375 0.659287728125 0.5752051375 0.659287728125 0.547484409375 0.6405762375 0.547484409375