2 0.551741240625 0.49216964843750005 0.551741240625 0.5112325609374999 0.5605145109375 0.5112325609374999 0.5605145109375 0.49216964843750005 0.551741240625 0.49216964843750005
2 0.5332198921875 0.49563563125 0.5332198921875 0.51296555 0.5468672015625 0.51296555 0.5468672015625 0.49563563125 0.5332198921875 0.49563563125
2 0.558808596875 0.4939026421875 0.558808596875 0.5164315359375 0.5744055218749999 0.5164315359375 0.5744055218749999 0.4939026421875 0.558808596875 0.4939026421875
2 0.5714811 0.4939026421875 0.5714811 0.507766578125 0.5802543703125 0.507766578125 0.5802543703125 0.4939026421875 0.5714811 0.4939026421875
2 0.57538033125 0.4904366578125 0.57538033125 0.5181645265625 0.590002446875 0.5181645265625 0.590002446875 0.4904366578125 0.57538033125 0.4904366578125
2 0.585128409375 0.49563563125 0.585128409375 0.5198975171875 0.6036497578125 0.5198975171875 0.6036497578125 0.49563563125 0.585128409375 0.49563563125
2 0.5978009109375 0.497368625 0.5978009109375 0.5337614515625 0.6094986046875001 0.5337614515625 0.6094986046875001 0.497368625 0.5978009109375 0.497368625
2 0.6055993734375 0.49216964843750005 0.6055993734375 0.5320284578125001 0.619246684375 0.5320284578125001 0.619246684375 0.49216964843750005 0.6055993734375 0.49216964843750005
2 0.6075489890625 0.49216964843750005 0.6075489890625 0.538960425 0.6475161125 0.538960425 0.6475161125 0.49216964843750005 0.6075489890625 0.49216964843750005
2 0.738904346875 0.4683410125 0.738904346875 0.51166580625 0.7915439703125 0.51166580625 0.7915439703125 0.4683410125 0.738904346875 0.4683410125
2 0.6611634203125 0.47527298125 0.6611634203125 0.5792524859375 0.7518205499999999 0.5792524859375 0.7518205499999999 0.47527298125 0.6611634203125 0.47527298125
2 0.4649833421875 0.50949956875 0.4649833421875 0.5406934203125 0.4825298828125 0.5406934203125 0.4825298828125 0.50949956875 0.4649833421875 0.50949956875
2 0.45426045625 0.5077665765625 0.45426045625 0.545892390625 0.46985738125000004 0.545892390625 0.46985738125000004 0.5077665765625 0.45426045625 0.5077665765625
2 0.4883787296875 0.4939026421875 0.4883787296875 0.54069341875 0.518597775 0.54069341875 0.518597775 0.4939026421875 0.4883787296875 0.4939026421875
2 0.3616537109375 0.49086990625000004 0.3616537109375 0.56192256875 0.395771984375 0.56192256875 0.395771984375 0.49086990625000004 0.3616537109375 0.49086990625000004
2 0.262223309375 0.4874039234375 0.262223309375 0.608713346875 0.36555294374999997 0.608713346875 0.36555294374999997 0.4874039234375 0.262223309375 0.4874039234375
2 0.364578134375 0.48281150625 0.364578134375 0.617984859375 0.4610841109375 0.617984859375 0.4610841109375 0.48281150625 0.364578134375 0.48281150625
2 0.7533315218750001 0.40829284843749997 0.7533315218750001 0.7098334109375 0.9989830968750001 0.7098334109375 0.9989830968750001 0.40829284843749997 0.7533315218750001 0.40829284843749997
6 0.000243703125 0.4219834859375 0.000243703125 0.7079271203124999 0.29853490312500003 0.7079271203124999 0.29853490312500003 0.4219834859375 0.000243703125 0.4219834859375