2 0.15530103281250002 0.3049114125 0.15530103281250002 0.37832530468750003 0.21953818749999998 0.37832530468750003 0.21953818749999998 0.3049114125 0.15530103281250002 0.3049114125
2 0.3847194484375 0.32122561250000004 0.3847194484375 0.35997183125 0.404793559375 0.35997183125 0.404793559375 0.32122561250000004 0.3847194484375 0.32122561250000004
2 0.391028453125 0.32122561250000004 0.391028453125 0.3416183609375 0.40708774375 0.3416183609375 0.40708774375 0.32122561250000004 0.391028453125 0.32122561250000004
2 0.3514537765625 0.3181666984375 0.3514537765625 0.37016820625 0.391028453125 0.37016820625 0.391028453125 0.3181666984375 0.3514537765625 0.3181666984375
2 0.3118791015625 0.32428452343749997 0.3118791015625 0.4007573265625 0.3634982453125 0.4007573265625 0.3634982453125 0.32428452343749997 0.3118791015625 0.32428452343749997
2 0.14555075 0.25336788125 0.14555075 0.5893902468750001 0.36067034531250003 0.5893902468750001 0.36067034531250003 0.25336788125 0.14555075 0.25336788125
2 0.00044360156250000004 0.2967543125 0.00044360156250000004 0.5465654765625 0.049195015625 0.5465654765625 0.049195015625 0.2967543125 0.00044360156250000004 0.2967543125
2 0.45698625000000004 0.3181666984375 0.45698625000000004 0.3905609546875 0.4827958203125 0.3905609546875 0.4827958203125 0.3181666984375 0.45698625000000004 0.3181666984375
2 0.47017780625 0.327343434375 0.47017780625 0.408914428125 0.520649859375 0.408914428125 0.520649859375 0.327343434375 0.47017780625 0.327343434375
6 0.40995547187500003 0.274322290625 0.40995547187500003 0.35385400625 0.45010369531250005 0.35385400625 0.45010369531250005 0.274322290625 0.40995547187500003 0.274322290625
5 0.41741157187500005 0.326323796875 0.41741157187500005 0.36608965625 0.43060313125 0.36608965625 0.43060313125 0.326323796875 0.41741157187500005 0.326323796875
5 0.423720578125 0.32428452343749997 0.423720578125 0.36914856875 0.44092695937500004 0.36914856875 0.44092695937500004 0.32428452343749997 0.423720578125 0.32428452343749997
5 0.4621481625 0.344677271875 0.4621481625 0.42828753906249994 0.5000022015625001 0.42828753906249994 0.5000022015625001 0.344677271875 0.4621481625 0.344677271875
3 0.41339675 0.35691291875000003 0.41339675 0.409934065625 0.43117667812500005 0.409934065625 0.43117667812500005 0.35691291875000003 0.41339675 0.35691291875000003
3 0.419132209375 0.35691291875000003 0.419132209375 0.4344053609375 0.444368234375 0.4344053609375 0.444368234375 0.35691291875000003 0.419132209375 0.35691291875000003
3 0.46673653125000003 0.3854627671875 0.46673653125000003 0.4711123078125 0.5080318453125 0.4711123078125 0.5080318453125 0.3854627671875 0.46673653125000003 0.3854627671875