1 0 0.88382578125 0.195936378125 0.88382578125 0.195936378125 0.5753532531250001 0 0.5753532531250001 0 0.88382578125
2 0.2320042671875 0.5736202609375 0.2320042671875 0.64293993125 0.28951793124999997 0.64293993125 0.28951793124999997 0.5736202609375 0.2320042671875 0.5736202609375
1 0.322661396875 0.5250964921875 0.322661396875 0.6013481296875 0.37725063593749997 0.6013481296875 0.37725063593749997 0.5250964921875 0.322661396875 0.5250964921875
2 0.609254903125 0.47310674218750004 0.609254903125 0.8422339781250001 0.9338659171874999 0.8422339781250001 0.9338659171874999 0.47310674218750004 0.609254903125 0.47310674218750004
2 0.42111698906250006 0.544159403125 0.42111698906250006 0.68973070625 0.5468672 0.68973070625 0.5468672 0.544159403125 0.42111698906250006 0.544159403125
2 0.398696409375 0.5476253859375 0.398696409375 0.6152120640625001 0.43866353125 0.6152120640625001 0.43866353125 0.5476253859375 0.398696409375 0.5476253859375
2 0.3714017890625 0.544159403125 0.3714017890625 0.5753532546875 0.3918727546875 0.5753532546875 0.3918727546875 0.544159403125 0.3714017890625 0.544159403125
2 0.3938223703125 0.544159403125 0.3938223703125 0.56668829375 0.400646025 0.56668829375 0.400646025 0.544159403125 0.3938223703125 0.544159403125
2 0.3850490984375 0.53029546875 0.3850490984375 0.5476253843750001 0.40357044843749995 0.5476253843750001 0.40357044843749995 0.53029546875 0.3850490984375 0.53029546875
2 0.45426045625 0.53029546875 0.45426045625 0.5441594000000001 0.4708321890625 0.5441594000000001 0.4708321890625 0.53029546875 0.45426045625 0.53029546875
2 0.43866353125 0.53029546875 0.43866353125 0.5441594000000001 0.450361225 0.5441594000000001 0.450361225 0.53029546875 0.43866353125 0.53029546875
6 0.40746967968750003 0.511232559375 0.40746967968750003 0.5441594000000001 0.4347642984375 0.5441594000000001 0.4347642984375 0.511232559375 0.40746967968750003 0.511232559375