4 0.20584519218750003 0.5278121312499999 0.20584519218750003 0.57937459375 0.219028775 0.57937459375 0.219028775 0.5278121312499999 0.20584519218750003 0.5278121312499999
2 0.4985207703125 0.5465621171875 0.4985207703125 0.574687096875 0.51170435625 0.574687096875 0.51170435625 0.5465621171875 0.4985207703125 0.5465621171875
2 0.48401882812499997 0.5418746203125 0.48401882812499997 0.574687096875 0.5011574875 0.574687096875 0.5011574875 0.5418746203125 0.48401882812499997 0.5418746203125
2 0.4774270359375 0.548905865625 0.4774270359375 0.58171834375 0.49061062031249997 0.58171834375 0.49061062031249997 0.548905865625 0.4774270359375 0.548905865625
2 0.4695168859375 0.5371871234375 0.4695168859375 0.5723433499999999 0.48270046874999994 0.5723433499999999 0.48270046874999994 0.5371871234375 0.4695168859375 0.5371871234375
2 0.44578643281249997 0.5301558796875 0.44578643281249997 0.5770308453124999 0.47215360312500004 0.5770308453124999 0.47215360312500004 0.5301558796875 0.44578643281249997 0.5301558796875
2 0.4352395640625 0.539530871875 0.4352395640625 0.58171834375 0.4563333015625 0.58171834375 0.4563333015625 0.539530871875 0.4352395640625 0.539530871875
2 0.41941926250000006 0.5465621171875 0.41941926250000006 0.586405840625 0.43787628125 0.586405840625 0.43787628125 0.5465621171875 0.41941926250000006 0.5465621171875
2 0.3785501515625 0.5231246328125 0.3785501515625 0.59812458125 0.41941926250000006 0.59812458125 0.41941926250000006 0.5231246328125 0.3785501515625 0.5231246328125
2 0.651450353125 0.5559371093750001 0.651450353125 0.5770308453124999 0.665952296875 0.5770308453124999 0.665952296875 0.5559371093750001 0.651450353125 0.5559371093750001
2 0.6606788640625 0.548905865625 0.6606788640625 0.586405840625 0.6791358828125 0.586405840625 0.6791358828125 0.548905865625 0.6606788640625 0.548905865625
6 0.676499165625 0.5301558796875 0.676499165625 0.5840620921874999 0.7041846921875 0.5840620921874999 0.7041846921875 0.5301558796875 0.676499165625 0.5301558796875
2 0.762192465625 0.54421836875 0.762192465625 0.586405840625 0.7753760515625 0.586405840625 0.7753760515625 0.54421836875 0.762192465625 0.54421836875
2 0.7714209750000001 0.56062460625 0.7714209750000001 0.6215620656249999 0.8162451640624999 0.6215620656249999 0.8162451640624999 0.56062460625 0.7714209750000001 0.56062460625
2 0.5196145078125001 0.558280859375 0.5196145078125001 0.577030846875 0.5341164484375 0.577030846875 0.5341164484375 0.558280859375 0.5196145078125001 0.558280859375
2 0.6830909562499999 0.534843375 0.6830909562499999 0.6614057890625 0.7740576921875 0.6614057890625 0.7740576921875 0.534843375 0.6830909562499999 0.534843375
2 0.7898779921875 0.5676558546875 0.7898779921875 0.6473433 0.876889653125 0.6473433 0.876889653125 0.5676558546875 0.7898779921875 0.5676558546875
2 0.53411645 0.502030896875 0.53411645 0.6473433 0.6092628828125 0.6473433 0.6092628828125 0.502030896875 0.53411645 0.502030896875
2 0.31131386875 0.5184371343749999 0.31131386875 0.605155825 0.387778659375 0.605155825 0.387778659375 0.5184371343749999 0.31131386875 0.5184371343749999
2 0.870297859375 0.534843375 0.870297859375 0.9004681250000001 0.9994969890625001 0.9004681250000001 0.9994969890625001 0.534843375 0.870297859375 0.534843375