2 0.2160851390625 0.42226532343749995 0.2160851390625 0.4430665703125 0.23597633125 0.4430665703125 0.23597633125 0.42226532343749995 0.2160851390625 0.42226532343749995
2 0.2336361921875 0.4181050734375 0.2336361921875 0.43266594375 0.2488471046875 0.43266594375 0.2488471046875 0.4181050734375 0.2336361921875 0.4181050734375
2 0.322561525 0.4368261953125 0.322561525 0.4784286921875 0.3471329984375 0.4784286921875 0.3471329984375 0.4368261953125 0.322561525 0.4368261953125
2 0.1587517015625 0.40354419999999996 0.1587517015625 0.430585821875 0.1985340859375 0.430585821875 0.1985340859375 0.40354419999999996 0.1587517015625 0.40354419999999996
2 0.196193946875 0.4181050734375 0.196193946875 0.4451466953125 0.2172552078125 0.4451466953125 0.2172552078125 0.4181050734375 0.196193946875 0.4181050734375
2 0.23597633281250002 0.43266594375 0.23597633281250002 0.45346719375 0.25937773750000004 0.45346719375 0.25937773750000004 0.43266594375 0.23597633281250002 0.43266594375
2 0.268738296875 0.43266594375 0.268738296875 0.46178769218750004 0.29564991093750004 0.46178769218750004 0.29564991093750004 0.43266594375 0.268738296875 0.43266594375
2 0.315541103125 0.4368261953125 0.315541103125 0.6365181718749999 0.4711604359375 0.6365181718749999 0.4711604359375 0.4368261953125 0.315541103125 0.4368261953125
2 0 0.382742953125 0.0592957375 0.382742953125 0.0592957375 0.34530070625 0 0.34530070625 0 0.382742953125
2 0.0651460890625 0.328659709375 0.0651460890625 0.37026220468750004 0.0990781234375 0.37026220468750004 0.0990781234375 0.328659709375 0.0651460890625 0.328659709375
2 0.2558675265625 0.40978457187500006 0.2558675265625 0.42642557031250006 0.273418578125 0.42642557031250006 0.273418578125 0.40978457187500006 0.2558675265625 0.40978457187500006