2 0.29896661875 0.671279715625 0.29896661875 0.692539565625 0.31690461718749996 0.692539565625 0.31690461718749996 0.671279715625 0.29896661875 0.671279715625
2 0.161441975 0.674468690625 0.161441975 0.7148624031249999 0.21764769843749998 0.7148624031249999 0.21764769843749998 0.674468690625 0.161441975 0.674468690625
2 0.21406009843749998 0.6872246 0.21406009843749998 0.70848445 0.24395676093750002 0.70848445 0.24395676093750002 0.6872246 0.21406009843749998 0.6872246
6 0.230802228125 0.655334828125 0.230802228125 0.695728540625 0.2858120859375 0.695728540625 0.2858120859375 0.655334828125 0.230802228125 0.655334828125
2 0 0.8604923624999999 0.038267728125 0.8604923624999999 0.038267728125 0.758445090625 0 0.758445090625 0 0.8604923624999999
2 0.6170671 0.627697025 0.6170671 0.6468308875 0.625438165625 0.6468308875 0.625438165625 0.627697025 0.6170671 0.627697025
2 0.6051084359375001 0.63194899375 0.6051084359375001 0.6489568718750001 0.6230464328124999 0.6489568718750001 0.6230464328124999 0.63194899375 0.6051084359375001 0.63194899375
2 0.5919539046875 0.627697025 0.5919539046875 0.6574608125 0.60750016875 0.6574608125 0.60750016875 0.627697025 0.5919539046875 0.627697025
2 0.5799952390625001 0.636200965625 0.5799952390625001 0.6617127828125 0.5979332359375 0.6617127828125 0.5979332359375 0.636200965625 0.5799952390625001 0.636200965625
2 0.571624175 0.644704903125 0.571624175 0.6702167218749999 0.5895621703125 0.6702167218749999 0.5895621703125 0.644704903125 0.571624175 0.644704903125
2 0.5536861765625 0.63832695 0.5536861765625 0.6468308875 0.564448975 0.6468308875 0.564448975 0.63832695 0.5536861765625 0.63832695
2 0.5309647140625 0.636200965625 0.5309647140625 0.66383876875 0.5500985765624999 0.66383876875 0.5500985765624999 0.636200965625 0.5309647140625 0.636200965625
2 0.5632531078125 0.634074978125 0.5632531078125 0.644704903125 0.576407640625 0.644704903125 0.576407640625 0.634074978125 0.5632531078125 0.634074978125
2 0.5453151109375 0.6468308875 0.5453151109375 0.6936025531250001 0.579995240625 0.6936025531250001 0.579995240625 0.6468308875 0.5453151109375 0.6468308875
2 0.30853355 0.60750016875 0.30853355 0.78820888125 0.44366646093749995 0.78820888125 0.44366646093749995 0.60750016875 0.30853355 0.60750016875
2 0.71512815 0.6202560781249999 0.71512815 0.639389940625 0.727086815625 0.639389940625 0.727086815625 0.6202560781249999 0.71512815 0.6202560781249999