2 0.576376571875 0.437658246875 0.576376571875 0.46677999375 0.5897153640624999 0.46677999375 0.5897153640624999 0.437658246875 0.576376571875 0.437658246875
2 0.5815248734375 0.437658246875 0.5815248734375 0.47302036875000003 0.6096065562499999 0.47302036875000003 0.6096065562499999 0.437658246875 0.5815248734375 0.437658246875
2 0.599075925 0.4293377515625 0.599075925 0.49382161562500004 0.6259875390625 0.49382161562500004 0.6259875390625 0.4293377515625 0.599075925 0.4293377515625
2 0.459837575 0.4605396203125 0.459837575 0.4959017421875 0.4797287671875 0.4959017421875 0.4797287671875 0.4605396203125 0.459837575 0.4605396203125
2 0.43643617187499995 0.46469986875 0.43643617187499995 0.504222240625 0.46217771562500004 0.504222240625 0.46217771562500004 0.46469986875 0.43643617187499995 0.46469986875
2 0.40835448906250005 0.4626197453125 0.40835448906250005 0.5187831140625 0.44345659375 0.5187831140625 0.44345659375 0.4626197453125 0.40835448906250005 0.4626197453125
2 0.3849530859375 0.47302036875000003 0.3849530859375 0.5250234875 0.42239533125 0.5250234875 0.42239533125 0.47302036875000003 0.3849530859375 0.47302036875000003
2 0.497279821875 0.44597874531250004 0.497279821875 0.4605396203125 0.512490734375 0.4605396203125 0.512490734375 0.44597874531250004 0.497279821875 0.44597874531250004
2 0.487919259375 0.45429924687499995 0.487919259375 0.47718061875 0.50079003125 0.47718061875 0.50079003125 0.45429924687499995 0.487919259375 0.45429924687499995
2 0.34259655 0.4825889421875 0.34259655 0.55331318125 0.40110005624999995 0.55331318125 0.40110005624999995 0.4825889421875 0.34259655 0.4825889421875
2 0.615222896875 0.4326659453125 0.615222896875 0.495069690625 0.666705984375 0.495069690625 0.666705984375 0.4326659453125 0.615222896875 0.4326659453125
2 0.9610956281249999 0.4097845734375 0.9610956281249999 0.49090943749999993 0.9985378734375001 0.49090943749999993 0.9985378734375001 0.4097845734375 0.9610956281249999 0.4097845734375
4 0.0011700703124999999 0.52211130625 0.0011700703124999999 0.6157169234375 0.0315918953125 0.6157169234375 0.0315918953125 0.52211130625 0.0011700703124999999 0.52211130625
4 0.023401403125 0.520031184375 0.023401403125 0.619877171875 0.057333439062500005 0.619877171875 0.057333439062500005 0.520031184375 0.023401403125 0.520031184375