2 0.4671505140625 0.46490788125 0.4671505140625 0.48778925156249997 0.48119135625 0.48778925156249997 0.48119135625 0.46490788125 0.4671505140625 0.46490788125
2 0.4776811453125 0.46490788125 0.4776811453125 0.4836290046875 0.4882117765625 0.4836290046875 0.4882117765625 0.46490788125 0.4776811453125 0.46490788125
2 0.48353149531249995 0.46282775468750004 0.48353149531249995 0.4857091265625 0.4964022671875 0.4857091265625 0.4964022671875 0.46282775468750004 0.48353149531249995 0.46282775468750004
2 0.51161318125 0.46906813124999996 0.51161318125 0.4857091265625 0.5209737421875 0.4857091265625 0.5209737421875 0.46906813124999996 0.51161318125 0.46906813124999996
2 0.49406212812500006 0.45658737968749996 0.49406212812500006 0.4857091234375 0.5104431093749999 0.4857091234375 0.5104431093749999 0.45658737968749996 0.49406212812500006 0.45658737968749996
2 0.5689466171875 0.47114825312499997 0.5689466171875 0.48986937499999994 0.582987459375 0.48986937499999994 0.582987459375 0.47114825312499997 0.5689466171875 0.47114825312499997
2 0.5794772499999999 0.46282775468750004 0.5794772499999999 0.491949503125 0.6017085843750001 0.491949503125 0.6017085843750001 0.46282775468750004 0.5794772499999999 0.46282775468750004
2 0.6466100078125 0.45851891250000004 0.6466100078125 0.5105220312500001 0.6782019015625 0.5105220312500001 0.6782019015625 0.45851891250000004 0.6466100078125 0.45851891250000004
2 0.6665012015625 0.46059903750000003 0.6665012015625 0.50220153125 0.69575295625 0.50220153125 0.69575295625 0.46059903750000003 0.6665012015625 0.46059903750000003
2 0.6840522546875001 0.45643879062500003 0.6840522546875001 0.508441909375 0.7144740796875 0.508441909375 0.7144740796875 0.45643879062500003 0.6840522546875001 0.45643879062500003
2 0.703943446875 0.45643879062500003 0.703943446875 0.51676240625 0.7495761812499999 0.51676240625 0.7495761812499999 0.45643879062500003 0.703943446875 0.45643879062500003
2 0.7238346390625 0.431477290625 0.7238346390625 0.60204751875 0.9332771984375 0.60204751875 0.9332771984375 0.431477290625 0.7238346390625 0.431477290625
2 0.389194571875 0.46891953906249995 0.389194571875 0.4938810359375 0.41142590468750007 0.4938810359375 0.41142590468750007 0.46891953906249995 0.389194571875 0.46891953906249995
2 0.3517523265625 0.4647592875 0.3517523265625 0.5001214078125 0.384514290625 0.5001214078125 0.384514290625 0.4647592875 0.3517523265625 0.4647592875
2 0.296759028125 0.45851891250000004 0.296759028125 0.51260215625 0.35292239531249997 0.51260215625 0.35292239531249997 0.45851891250000004 0.296759028125 0.45851891250000004
2 0.2686773453125 0.4626791625 0.2686773453125 0.5188425296875 0.3014393078125 0.5188425296875 0.3014393078125 0.4626791625 0.2686773453125 0.4626791625
2 0.1645411 0.433557415625 0.1645411 0.5438040265625 0.273357625 0.5438040265625 0.273357625 0.433557415625 0.1645411 0.433557415625
2 0 0.62076864375 0.1563506046875 0.62076864375 0.1563506046875 0.4189965421875 0 0.4189965421875 0 0.62076864375
4 0.520242428125 0.46059903750000003 0.520242428125 0.48764065624999997 0.5284329203125 0.48764065624999997 0.5284329203125 0.46059903750000003 0.520242428125 0.46059903750000003