2 0.49774860781249997 0.3755666421875 0.49774860781249997 0.39256915625 0.50795011875 0.39256915625 0.50795011875 0.3755666421875 0.49774860781249997 0.3755666421875
2 0.4873345609375 0.3748109703125 0.4873345609375 0.39181348437499997 0.499448853125 0.39181348437499997 0.499448853125 0.3748109703125 0.4873345609375 0.3748109703125
2 0.475857865625 0.37707797187500003 0.475857865625 0.3952139875 0.49052253281249997 0.3952139875 0.49052253281249997 0.37707797187500003 0.475857865625 0.37707797187500003
2 0.4637435734375 0.37707797187500003 0.4637435734375 0.40654899687499996 0.477770646875 0.40654899687499996 0.477770646875 0.37707797187500003 0.4637435734375 0.37707797187500003
2 0.45035409375 0.375944471875 0.45035409375 0.4156170046875 0.46820673125 0.4156170046875 0.46820673125 0.375944471875 0.45035409375 0.375944471875
2 0.438239803125 0.37707797187500003 0.438239803125 0.4235515109375 0.4554548484375 0.4235515109375 0.4554548484375 0.37707797187500003 0.438239803125 0.37707797187500003
2 0.4242127296875 0.37254396875 0.4242127296875 0.42015100624999996 0.44079017968749995 0.42015100624999996 0.44079017968749995 0.37254396875 0.4242127296875 0.37254396875
2 0.5173014921875 0.37367746875 0.5173014921875 0.3952139875 0.5275030015625 0.3952139875 0.5275030015625 0.37367746875 0.5173014921875 0.37367746875
2 0.522402246875 0.37707797187500003 0.522402246875 0.40768249687499997 0.5370669140625 0.40768249687499997 0.5370669140625 0.37707797187500003 0.522402246875 0.37707797187500003
2 0.531328565625 0.37934497500000003 0.531328565625 0.413350003125 0.5517315828125 0.413350003125 0.5517315828125 0.37934497500000003 0.531328565625 0.37934497500000003
2 0.5396172921875 0.38501247968749996 0.5396172921875 0.422418009375 0.56193309375 0.422418009375 0.56193309375 0.38501247968749996 0.5396172921875 0.38501247968749996
2 0.54790601875 0.383878978125 0.54790601875 0.43602002031250003 0.579148134375 0.43602002031250003 0.579148134375 0.383878978125 0.54790601875 0.383878978125
2 0.5653336015625 0.3657429640625 0.5653336015625 0.4828713953125 0.6450328859375001 0.4828713953125 0.6450328859375001 0.3657429640625 0.5653336015625 0.3657429640625
2 0.36555405625000004 0.37518880625 0.36555405625000004 0.47266988750000005 0.43568942499999996 0.47266988750000005 0.43568942499999996 0.37518880625 0.36555405625000004 0.37518880625
2 0.153341421875 0.354785790625 0.153341421875 0.6052894953125 0.3643851265625 0.6052894953125 0.3643851265625 0.354785790625 0.153341421875 0.354785790625
2 0.6064938390625 0.35770219375 0.6064938390625 0.574200871875 0.7467645796875 0.574200871875 0.7467645796875 0.35770219375 0.6064938390625 0.35770219375
2 0.684280340625 0.32596416875 0.684280340625 0.8813796234375 0.9967015343750001 0.8813796234375 0.9967015343750001 0.32596416875 0.684280340625 0.32596416875
2 0 0.8148809 0.207501503125 0.8148809 0.207501503125 0.3988860609375 0 0.3988860609375 0 0.8148809