2 0.13992726718749998 0.4832809109375 0.13992726718749998 0.50906214375 0.20848190937500002 0.50906214375 0.20848190937500002 0.4832809109375 0.13992726718749998 0.4832809109375
2 0.29944864375 0.4832809109375 0.29944864375 0.50906214375 0.33899939687499997 0.50906214375 0.33899939687499997 0.4832809109375 0.29944864375 0.4832809109375
2 0.3600931328125 0.4926559046875 0.3600931328125 0.5207808843749999 0.4035989625 0.5207808843749999 0.4035989625 0.4926559046875 0.3600931328125 0.4926559046875
2 0.39305209375 0.49031215625 0.39305209375 0.5184371359375 0.44051299843749997 0.5184371359375 0.44051299843749997 0.49031215625 0.39305209375 0.49031215625
2 0.443149715625 0.502030896875 0.443149715625 0.5160933859375 0.465561809375 0.5160933859375 0.465561809375 0.502030896875 0.443149715625 0.502030896875
2 0.6593605046875 0.50671839375 0.6593605046875 0.548905865625 0.6738624484375 0.548905865625 0.6738624484375 0.50671839375 0.6593605046875 0.50671839375
2 0.5960792984375 0.50906214375 0.5960792984375 0.534843375 0.6092628828125 0.534843375 0.6092628828125 0.50906214375 0.5960792984375 0.50906214375
2 0 0.5114058921875 0.0990581546875 0.5114058921875 0.0990581546875 0.46921842031249994 0 0.46921842031249994 0 0.5114058921875
2 0.66727065625 0.485624659375 0.66727065625 0.5653121046875 0.7226417109375001 0.5653121046875 0.7226417109375001 0.485624659375 0.66727065625 0.485624659375
1 0.4866555453125 0.3918747234375 0.4866555453125 0.5723433499999999 0.5921242234374999 0.5723433499999999 0.5921242234374999 0.3918747234375 0.4866555453125 0.3918747234375
2 0.63826676875 0.52546838125 0.63826676875 0.54421836875 0.651450353125 0.54421836875 0.651450353125 0.52546838125 0.63826676875 0.52546838125