2 0.4169587734375 0.49464580312499995 0.4169587734375 0.518031634375 0.43011330625 0.518031634375 0.43011330625 0.49464580312499995 0.4169587734375 0.49464580312499995
2 0.35238198593750003 0.5031497390624999 0.35238198593750003 0.5371654968749999 0.36912411562499997 0.5371654968749999 0.36912411562499997 0.5031497390624999 0.35238198593750003 0.5031497390624999
2 0.34281505156250003 0.5010237546874999 0.34281505156250003 0.5329135265625 0.3547737171875 0.5329135265625 0.3547737171875 0.5010237546874999 0.34281505156250003 0.5010237546874999
2 0.308134925 0.5010237546874999 0.308134925 0.52866155625 0.32128945625 0.52866155625 0.32128945625 0.5010237546874999 0.308134925 0.5010237546874999
2 0.290196928125 0.49889776875 0.290196928125 0.5520473906250001 0.316505990625 0.5520473906250001 0.316505990625 0.49889776875 0.290196928125 0.49889776875
2 0.2591044 0.51448833125 0.2591044 0.56126 0.2949803953125 0.56126 0.2949803953125 0.51448833125 0.2591044 0.51448833125
2 0.16343508125 0.5074017093750001 0.16343508125 0.5966930734375 0.22562013749999998 0.5966930734375 0.22562013749999998 0.5074017093750001 0.16343508125 0.5074017093750001
6 0.098858290625 0.5159056515625 0.098858290625 0.6030710296875 0.1730020125 0.6030710296875 0.1730020125 0.5159056515625 0.098858290625 0.5159056515625
2 0.0271063046875 0.53291353125 0.0271063046875 0.6264568640625 0.108425225 0.6264568640625 0.108425225 0.53291353125 0.0271063046875 0.53291353125
2 0.0007972421875 0.5137796640625 0.0007972421875 0.6413387546875 0.043848434375 0.6413387546875 0.043848434375 0.5137796640625 0.0007972421875 0.5137796640625
2 0.1885482765625 0.5074017093750001 0.1885482765625 0.603071028125 0.27584653124999997 0.603071028125 0.27584653124999997 0.5074017093750001 0.1885482765625 0.5074017093750001
2 0.36075305 0.488267846875 0.36075305 0.592441103125 0.431309171875 0.592441103125 0.431309171875 0.488267846875 0.36075305 0.488267846875
2 0.4265257046875 0.49889776875 0.4265257046875 0.5222836046875 0.4432678375 0.5222836046875 0.4432678375 0.49889776875 0.4265257046875 0.49889776875
1 0.4384843703125 0.4755119375 0.4384843703125 0.5201576203125 0.46359756562500004 0.5201576203125 0.46359756562500004 0.4755119375 0.4384843703125 0.4755119375
6 0.46000996718750004 0.42236231875 0.46000996718750004 0.569055271875 0.5377412890625 0.569055271875 0.5377412890625 0.42236231875 0.46000996718750004 0.42236231875
2 0.9467810234374999 0.6347410421874999 0.9467810234374999 0.8497688437500001 0.9983175765625001 0.8497688437500001 0.9983175765625001 0.6347410421874999 0.9467810234374999 0.6347410421874999
2 0.31203089375 0.4992299375 0.31203089375 0.55331318125 0.3471329984375 0.55331318125 0.3471329984375 0.4992299375 0.31203089375 0.4992299375