2 0.7145502890625 0.3500846796875 0.7145502890625 0.56953085625 0.9571282484375001 0.56953085625 0.9571282484375001 0.3500846796875 0.7145502890625 0.3500846796875
2 0.5752437593749999 0.300781040625 0.5752437593749999 0.42499970468750004 0.6622554171874999 0.42499970468750004 0.6622554171874999 0.300781040625 0.5752437593749999 0.300781040625
2 0.250488109375 0.330468521875 0.250488109375 0.358593503125 0.3019040875 0.358593503125 0.3019040875 0.330468521875 0.250488109375 0.330468521875
2 0.3455799125 0.330254175 0.3455799125 0.35618637343750004 0.36788923125 0.35618637343750004 0.36788923125 0.330254175 0.3455799125 0.330254175
2 0.260156075 0.314843528125 0.260156075 0.3570309984375 0.29838847031250004 0.3570309984375 0.29838847031250004 0.314843528125 0.260156075 0.314843528125
4 0.4561520296875 0.307812284375 0.4561520296875 0.38749973125000003 0.4746090484375 0.38749973125000003 0.4746090484375 0.307812284375 0.4561520296875 0.307812284375
5 0.49306606718749996 0.3058474 0.49306606718749996 0.335156021875 0.5128414453125 0.335156021875 0.5128414453125 0.3058474 0.49306606718749996 0.3058474
6 0.36574410468749996 0.22652538125000002 0.36574410468749996 0.3897456890625 0.44039451406249996 0.3897456890625 0.44039451406249996 0.22652538125000002 0.36574410468749996 0.22652538125000002
2 0.4708553125 0.3195762109375 0.4708553125 0.34855925625 0.487158275 0.34855925625 0.487158275 0.3195762109375 0.4708553125 0.3195762109375
2 0.552370128125 0.32262705625 0.552370128125 0.3439829859375 0.5703891921875 0.3439829859375 0.5703891921875 0.32262705625 0.552370128125 0.32262705625
2 0.528344709375 0.3211016328125 0.528344709375 0.33788129218749996 0.5463637734375 0.33788129218749996 0.5463637734375 0.3211016328125 0.528344709375 0.3211016328125
2 0.5146158984375 0.3088982453125 0.5146158984375 0.330254175 0.5231964046875001 0.330254175 0.5231964046875001 0.3088982453125 0.5146158984375 0.3088982453125