2 0.46292509375 0.567655853125 0.46292509375 0.5934370859375 0.48006375312499994 0.5934370859375 0.48006375312499994 0.567655853125 0.46292509375 0.567655853125
2 0.452378225 0.5629683562500001 0.452378225 0.6098433234375 0.47083524375 0.6098433234375 0.47083524375 0.5629683562500001 0.452378225 0.5629683562500001
2 0.383823584375 0.567655853125 0.383823584375 0.6637495375 0.4194192640625 0.6637495375 0.4194192640625 0.567655853125 0.383823584375 0.567655853125
2 0.2823099828125 0.539530871875 0.2823099828125 0.7106245046875 0.39568881093749997 0.7106245046875 0.39568881093749997 0.539530871875 0.2823099828125 0.539530871875
2 0.15574756875 0.567655853125 0.15574756875 0.7809369562499999 0.3587747734375 0.7809369562499999 0.3587747734375 0.567655853125 0.15574756875 0.567655853125
2 0.5209328656250001 0.5770308453124999 0.5209328656250001 0.59812458125 0.535434809375 0.59812458125 0.535434809375 0.5770308453124999 0.5209328656250001 0.5770308453124999
2 0.5591652609375 0.5746870984375 0.5591652609375 0.60281208125 0.5670754125 0.60281208125 0.5670754125 0.5746870984375 0.5591652609375 0.5746870984375
2 0.5644386953125 0.5746870984375 0.5644386953125 0.6074995750000001 0.5776222796875 0.6074995750000001 0.5776222796875 0.5746870984375 0.5644386953125 0.5746870984375
2 0.5749855625 0.57937459375 0.5749855625 0.612187071875 0.5987160140625 0.612187071875 0.5987160140625 0.57937459375 0.5749855625 0.57937459375
2 0.606626165625 0.58171834375 0.606626165625 0.630937059375 0.647495278125 0.630937059375 0.647495278125 0.58171834375 0.606626165625 0.58171834375
2 0.5314797328124999 0.5746870984375 0.5314797328124999 0.6121870734375 0.55652854375 0.6121870734375 0.55652854375 0.5746870984375 0.5314797328124999 0.5746870984375
2 0.41810090468750005 0.5723433499999999 0.41810090468750005 0.6239058140625 0.453696584375 0.6239058140625 0.453696584375 0.5723433499999999 0.41810090468750005 0.5723433499999999
2 0 0.9989055562500001 0.23484907812500003 0.9989055562500001 0.23484907812500003 0.4973434015625 0 0.4973434015625 0 0.9989055562500001
2 0.6962745406249999 0.41765595624999996 0.6962745406249999 0.9989055562500001 0.9994969906250001 0.9989055562500001 0.9994969906250001 0.41765595624999996 0.6962745406249999 0.41765595624999996
2 0.487973903125 0.5709371078125 0.487973903125 0.5896870953125 0.5011574875 0.5896870953125 0.5011574875 0.5709371078125 0.487973903125 0.5709371078125