2 0 0.6498718984375 0.2563744625 0.6498718984375 0.2563744625 0.2530167921875 0 0.2530167921875 0 0.6498718984375
2 0.79739281875 0.221822940625 0.79739281875 0.6533378812499999 0.9991780421875 0.6533378812499999 0.9991780421875 0.221822940625 0.79739281875 0.221822940625
2 0.200810415625 0.280744659375 0.200810415625 0.46097579843750003 0.3889483296875 0.46097579843750003 0.3889483296875 0.280744659375 0.200810415625 0.280744659375
2 0.314862934375 0.26168175 0.314862934375 0.39685510625 0.4240414140625 0.39685510625 0.4240414140625 0.26168175 0.314862934375 0.26168175
2 0.4084444859375 0.28594363437500003 0.4084444859375 0.3535303125 0.45036122343749996 0.3535303125 0.45036122343749996 0.28594363437500003 0.4084444859375 0.28594363437500003
2 0.44646199375 0.28767662656250004 0.44646199375 0.3362003953125 0.4669329578125 0.3362003953125 0.4669329578125 0.28767662656250004 0.44646199375 0.28767662656250004
2 0.460109303125 0.28594363437500003 0.460109303125 0.3275354359375 0.47765584531250005 0.3275354359375 0.47765584531250005 0.28594363437500003 0.460109303125 0.28594363437500003
2 0.4737566125 0.2824776515625 0.4737566125 0.31540449531250003 0.486429115625 0.31540449531250003 0.486429115625 0.2824776515625 0.4737566125 0.2824776515625
2 0.48545430781250004 0.280744659375 0.48545430781250004 0.3032735515625 0.498126809375 0.3032735515625 0.498126809375 0.280744659375 0.48545430781250004 0.280744659375
2 0.6862647234375 0.23222089218750003 0.6862647234375 0.47657272500000003 0.8402843640625001 0.47657272500000003 0.8402843640625001 0.23222089218750003 0.6862647234375 0.23222089218750003
2 0.639473946875 0.23395388281249999 0.639473946875 0.40032108906249997 0.7379295390625 0.40032108906249997 0.7379295390625 0.23395388281249999 0.639473946875 0.23395388281249999
2 0.6209525984375001 0.24955080624999998 0.6209525984375001 0.3691272375 0.649222025 0.3691272375 0.649222025 0.24955080624999998 0.6209525984375001 0.24955080624999998
2 0.6043808640624999 0.2772786765625 0.6043808640624999 0.3535303125 0.631675484375 0.3535303125 0.631675484375 0.2772786765625 0.6043808640624999 0.2772786765625
2 0.5917083625 0.280744659375 0.5917083625 0.344865353125 0.6112045187499999 0.344865353125 0.6112045187499999 0.280744659375 0.5917083625 0.280744659375
2 0.5800106671874999 0.28421064375 0.5800106671874999 0.329268428125 0.5956075937499999 0.329268428125 0.5956075937499999 0.28421064375 0.5800106671874999 0.28421064375
2 0.56928778125 0.28594363437500003 0.56928778125 0.3223364609375 0.5809854765625 0.3223364609375 0.5809854765625 0.28594363437500003 0.56928778125 0.28594363437500003
2 0.56148931875 0.28421064375 0.56148931875 0.3119385125 0.5702625890624999 0.3119385125 0.5702625890624999 0.28421064375 0.56148931875 0.28421064375
2 0.5468672 0.280744659375 0.5468672 0.30500654374999997 0.5595397046875 0.30500654374999997 0.5595397046875 0.280744659375 0.5468672 0.280744659375
2 0.509824503125 0.280744659375 0.509824503125 0.2980745765625 0.518597775 0.2980745765625 0.518597775 0.280744659375 0.509824503125 0.280744659375
2 0.5358873843749999 0.2789403875 0.5358873843749999 0.2986092609375 0.5499685109375 0.2986092609375 0.5499685109375 0.2789403875 0.5358873843749999 0.2789403875