2 0.29910658125 0.4328016078125 0.29910658125 0.46193832031250004 0.3195933328125 0.46193832031250004 0.3195933328125 0.4328016078125 0.29910658125 0.4328016078125
2 0.2881803125 0.4400857875 0.2881803125 0.46679444062500003 0.3073012828125 0.46679444062500003 0.3073012828125 0.4400857875 0.2881803125 0.4400857875
2 0.1980386046875 0.447369965625 0.1980386046875 0.486218915625 0.228085840625 0.486218915625 0.228085840625 0.447369965625 0.1980386046875 0.447369965625
2 0.16799136718750002 0.4522260828125 0.16799136718750002 0.49593115625 0.200770171875 0.49593115625 0.200770171875 0.4522260828125 0.16799136718750002 0.4522260828125
6 0.257901175 0.4156984875 0.257901175 0.47683061875000005 0.2980191359375 0.47683061875000005 0.2980191359375 0.4156984875 0.257901175 0.4156984875
2 0.43841649374999997 0.42066130937499996 0.43841649374999997 0.46922249843749997 0.46026903125 0.46922249843749997 0.46026903125 0.42066130937499996 0.43841649374999997 0.42066130937499996
2 0.5422160390624999 0.4085210109375 0.5422160390624999 0.46193832031250004 0.580457978125 0.46193832031250004 0.580457978125 0.4085210109375 0.5422160390624999 0.4085210109375
2 0.614944009375 0.3988087734375 0.614944009375 0.5032153328125 0.6832331843749999 0.5032153328125 0.6832331843749999 0.3988087734375 0.614944009375 0.3988087734375
2 0.65660040625 0.39395265468749996 0.65660040625 0.5177836890624999 0.76859465 0.5177836890624999 0.76859465 0.39395265468749996 0.65660040625 0.39395265468749996
2 0.002219378125 0.4720841296875 0.002219378125 0.554638153125 0.04592445 0.554638153125 0.04592445 0.4720841296875 0.002219378125 0.4720841296875
2 0.00085359375 0.47936830781250006 0.00085359375 0.57163456875 0.0322666140625 0.57163456875 0.0322666140625 0.47936830781250006 0.00085359375 0.47936830781250006
2 0.727450403125 0.41138264218750004 0.727450403125 0.5570662125 0.8940759875 0.5570662125 0.8940759875 0.41138264218750004 0.727450403125 0.41138264218750004
2 0.455659490625 0.3579653328125 0.455659490625 0.53278561875 0.547166984375 0.53278561875 0.547166984375 0.3579653328125 0.455659490625 0.3579653328125
2 0.1270178625 0.45809389375 0.1270178625 0.5090831421875001 0.1830149859375 0.5090831421875001 0.1830149859375 0.45809389375 0.1270178625 0.45809389375
2 0.2308174078125 0.44757230000000003 0.2308174078125 0.4831838421875 0.26496199374999996 0.4831838421875 0.26496199374999996 0.44757230000000003 0.2308174078125 0.44757230000000003
2 0.38378515625 0.42491041406249996 0.38378515625 0.44190682968750006 0.39607720625 0.44190682968750006 0.39607720625 0.42491041406249996 0.38378515625 0.42491041406249996
2 0.5982131609375 0.33183479843749997 0.5982131609375 0.34640315625 0.6173341296875 0.34640315625 0.6173341296875 0.33183479843749997 0.5982131609375 0.33183479843749997