1 0 0.85077101875 0.3728745421875 0.85077101875 0.3728745421875 0.00416025 0 0.00416025 0 0.85077101875
2 0.492599540625 0.391063453125 0.492599540625 0.41186470000000003 0.50430024375 0.41186470000000003 0.50430024375 0.391063453125 0.492599540625 0.391063453125
2 0.50079003125 0.3841297015625 0.50079003125 0.4153315734375 0.508980521875 0.4153315734375 0.508980521875 0.3841297015625 0.50079003125 0.3841297015625
2 0.503130171875 0.3820495796875 0.503130171875 0.4174116984375 0.5183410828125 0.4174116984375 0.5183410828125 0.3820495796875 0.503130171875 0.3820495796875
2 0.5113206625 0.36956883125 0.5113206625 0.44653344375000004 0.5616336796875 0.44653344375000004 0.5616336796875 0.36956883125 0.5113206625 0.36956883125
2 0.5277016453125001 0.37580920624999997 0.5277016453125001 0.46733469375 0.586205153125 0.46733469375 0.586205153125 0.37580920624999997 0.5277016453125001 0.37580920624999997
2 0.6142868375 0.36748870624999996 0.6142868375 0.40285082499999997 0.62949775 0.40285082499999997 0.62949775 0.36748870624999996 0.6142868375 0.36748870624999996
2 0.621307259375 0.371648953125 0.621307259375 0.417411696875 0.6388583109375 0.417411696875 0.6388583109375 0.371648953125 0.621307259375 0.371648953125
2 0.4727083484375 0.392450203125 0.4727083484375 0.4111713234375 0.4808988375 0.4111713234375 0.4808988375 0.392450203125 0.4727083484375 0.392450203125
2 0.453987225 0.3882899515625 0.453987225 0.4111713234375 0.4633477859375 0.4111713234375 0.4633477859375 0.3882899515625 0.453987225 0.3882899515625
2 0.44696680312500003 0.392450203125 0.44696680312500003 0.4153315734375 0.457497434375 0.4153315734375 0.457497434375 0.392450203125 0.44696680312500003 0.392450203125
2 0.4376062421875 0.390370078125 0.4376062421875 0.417411696875 0.45164708437499995 0.417411696875 0.45164708437499995 0.390370078125 0.4376062421875 0.390370078125
2 0.42707561250000003 0.38620982656249997 0.42707561250000003 0.419491821875 0.4422865234375 0.419491821875 0.4422865234375 0.38620982656249997 0.42707561250000003 0.38620982656249997
2 0.40484427656250005 0.3882899515625 0.40484427656250005 0.423652071875 0.43292596093749997 0.423652071875 0.43292596093749997 0.3882899515625 0.40484427656250005 0.3882899515625
2 0.47738862812500005 0.38620982656249997 0.47738862812500005 0.4132514453125 0.49610975 0.4132514453125 0.49610975 0.38620982656249997 0.47738862812500005 0.38620982656249997
2 0.45866750781250004 0.392450203125 0.45866750781250004 0.4111713234375 0.47387841875000003 0.4111713234375 0.47387841875000003 0.392450203125 0.45866750781250004 0.392450203125
2 0.5405724171874999 0.390370078125 0.5405724171874999 0.5047769390625 0.633007959375 0.5047769390625 0.633007959375 0.390370078125 0.5405724171874999 0.390370078125
2 0.3802728046875 0.3882899515625 0.3802728046875 0.4382129453125 0.40016399687500004 0.4382129453125 0.40016399687500004 0.3882899515625 0.3802728046875 0.3882899515625
2 0.36974217187499997 0.390370078125 0.36974217187499997 0.44653344375000004 0.3884632953125 0.44653344375000004 0.3884632953125 0.390370078125 0.36974217187499997 0.390370078125
2 0.63417803125 0.40631770625 0.63417803125 0.7491420671875 0.9227465671875 0.7491420671875 0.9227465671875 0.40631770625 0.63417803125 0.40631770625
2 0.7776578656249999 0.3934407359375 0.7776578656249999 0.8760296765625 0.998801128125 0.8760296765625 0.998801128125 0.3934407359375 0.7776578656249999 0.3934407359375
4 0.6711814828125 0.3649133 0.6711814828125 0.43979779218750004 0.6852223234375 0.43979779218750004 0.6852223234375 0.3649133 0.6711814828125 0.3649133
4 0.685222321875 0.360753053125 0.685222321875 0.4189965421875 0.7062835859375001 0.4189965421875 0.7062835859375001 0.360753053125 0.685222321875 0.360753053125
4 0.7062835875 0.3503524265625 0.7062835875 0.40235554531249995 0.7261747796875 0.40235554531249995 0.7261747796875 0.3503524265625 0.7062835875 0.3503524265625