2 0.2854687046875 0.46562493906249997 0.2854687046875 0.48906243906249997 0.2995312015625 0.48906243906249997 0.2995312015625 0.46562493906249997 0.2854687046875 0.46562493906249997
2 0.27843745468750003 0.47343743906249997 0.27843745468750003 0.49062493749999997 0.287226515625 0.49062493749999997 0.287226515625 0.47343743906249997 0.27843745468750003 0.47343743906249997
2 0.26789058125 0.47031244218749996 0.26789058125 0.4874999375 0.2793163609375 0.4874999375 0.2793163609375 0.47031244218749996 0.26789058125 0.47031244218749996
2 0.2599804265625 0.47343743906249997 0.2599804265625 0.49062493749999997 0.26964839375 0.49062493749999997 0.26964839375 0.47343743906249997 0.2599804265625 0.47343743906249997
2 0.2511913640625 0.4718749421875 0.2511913640625 0.4874999390625 0.2626171453125 0.4874999390625 0.2626171453125 0.4718749421875 0.2511913640625 0.4718749421875
2 0.23624995937499998 0.46562493906249997 0.23624995937499998 0.49062493749999997 0.2538280828125 0.49062493749999997 0.2538280828125 0.46562493906249997 0.23624995937499998 0.46562493906249997
2 0.19479484687499998 0.4749999390625 0.19479484687499998 0.49324294375 0.2177929296875 0.49324294375 0.2177929296875 0.4749999390625 0.19479484687499998 0.4749999390625
2 0.4190624359375 0.44374994375 0.4190624359375 0.4609374421875 0.4296093109375 0.4609374421875 0.4296093109375 0.44374994375 0.4190624359375 0.44374994375
2 0.428730403125 0.42968744687499993 0.428730403125 0.45781244374999996 0.44015618281249996 0.45781244374999996 0.44015618281249996 0.42968744687499993 0.428730403125 0.42968744687499993
2 0.40499993749999996 0.44062494374999994 0.40499993749999996 0.46562493906249997 0.4164257171875 0.46562493906249997 0.4164257171875 0.44062494374999994 0.40499993749999996 0.44062494374999994
2 0.387421815625 0.43749994687499993 0.387421815625 0.47656243906249995 0.41027337499999994 0.47656243906249995 0.41027337499999994 0.43749994687499993 0.387421815625 0.43749994687499993
2 0.36369134999999997 0.44999994374999996 0.36369134999999997 0.4906249390625 0.392695253125 0.4906249390625 0.392695253125 0.44999994374999996 0.36369134999999997 0.44999994374999996
2 0.4366405578125 0.42812494687499997 0.4366405578125 0.4953124390625 0.4797069609375 0.4953124390625 0.4797069609375 0.42812494687499997 0.4366405578125 0.42812494687499997
2 0.0011186171875 0.43198236874999996 0.0011186171875 0.758544825 0.1804154703125 0.758544825 0.1804154703125 0.43198236874999996 0.0011186171875 0.43198236874999996