2 0 0.8578309046875001 0.21835695781250003 0.8578309046875001 0.21835695781250003 0.31887047812499997 0 0.31887047812499997 0 0.8578309046875001
2 0.4347642984375 0.4887036671875 0.4347642984375 0.7261235328125 0.5985320187500001 0.7261235328125 0.5985320187500001 0.4887036671875 0.4347642984375 0.4887036671875
2 0.66481895 0.5181645265625 0.66481895 0.634274971875 0.738904346875 0.634274971875 0.738904346875 0.5181645265625 0.66481895 0.5181645265625
2 0.5809854765625 0.447111865625 0.5809854765625 0.6377409562499999 0.6628693359375 0.6377409562499999 0.6628693359375 0.447111865625 0.5809854765625 0.447111865625
6 0.56148931875 0.40378707187499996 0.56148931875 0.5337614515625 0.64532279375 0.5337614515625 0.64532279375 0.40378707187499996 0.56148931875 0.40378707187499996
2 0.350930825 0.5233635015625 0.350930825 0.54589239375 0.3782254453125 0.54589239375 0.3782254453125 0.5233635015625 0.350930825 0.5233635015625
2 0.41136891093749994 0.5233635015625 0.41136891093749994 0.5476253875 0.44256276093749997 0.5476253875 0.44256276093749997 0.5233635015625 0.41136891093749994 0.5233635015625
4 0.28246522500000004 0.4793995875 0.28246522500000004 0.5832457890625 0.301669659375 0.5832457890625 0.301669659375 0.4793995875 0.28246522500000004 0.4793995875
4 0.22005081249999997 0.48082213906250004 0.22005081249999997 0.5562173265625 0.23605450781249998 0.5562173265625 0.23605450781249998 0.48082213906250004 0.22005081249999997 0.48082213906250004
4 0.1584365859375 0.51496335625 0.1584365859375 0.5448369203125 0.172039725 0.5448369203125 0.172039725 0.51496335625 0.1584365859375 0.51496335625
4 0.2528583875 0.4950476453125 0.2528583875 0.554794775 0.264060975 0.554794775 0.264060975 0.4950476453125 0.2528583875 0.4950476453125