2 0.31546396875 0.6810997921874999 0.31546396875 0.70378020625 0.327061909375 0.70378020625 0.327061909375 0.6810997921874999 0.31546396875 0.6810997921874999
2 0.301546440625 0.6769760796875001 0.301546440625 0.7058420609375 0.3177835578125 0.7058420609375 0.3177835578125 0.6769760796875001 0.301546440625 0.6769760796875001
2 0.2887887078125 0.6872853578125 0.2887887078125 0.709965775 0.3038660296875 0.709965775 0.3038660296875 0.6872853578125 0.2887887078125 0.6872853578125
2 0.27139179687500004 0.6852235015625 0.27139179687500004 0.716151340625 0.2922680890625 0.716151340625 0.2922680890625 0.6852235015625 0.27139179687500004 0.6852235015625
2 0.2458763296875 0.6886599062500001 0.2458763296875 0.7257733171874999 0.2725515921875 0.7257733171874999 0.2725515921875 0.6886599062500001 0.2458763296875 0.6886599062500001
2 0.155412396875 0.6934709265625 0.155412396875 0.7491410375 0.2168814796875 0.7491410375 0.2168814796875 0.6934709265625 0.155412396875 0.6934709265625
2 0 0.7993128546875 0.1182989890625 0.7993128546875 0.1182989890625 0.70859119375 0 0.70859119375 0 0.7993128546875
2 0.3792526390625 0.6735396406249999 0.3792526390625 0.6920963437500001 0.39664955 0.6920963437500001 0.39664955 0.6735396406249999 0.3792526390625 0.6735396406249999
2 0.352577378125 0.677663353125 0.352577378125 0.6982819124999999 0.3792526390625 0.6982819124999999 0.3792526390625 0.677663353125 0.352577378125 0.677663353125
2 0.413273275 0.6687286546875 0.413273275 0.6872853578125 0.4271908015625 0.6872853578125 0.4271908015625 0.6687286546875 0.413273275 0.6687286546875
2 0.39162378124999997 0.6625430859375 0.39162378124999997 0.6975946359375 0.41365986875000005 0.6975946359375 0.41365986875000005 0.6625430859375 0.39162378124999997 0.6625430859375
2 0.42525780781250005 0.6604812296875 0.42525780781250005 0.6893472125 0.44497430624999995 0.6893472125 0.44497430624999995 0.6604812296875 0.42525780781250005 0.6604812296875
2 0.44226811718750003 0.65360835625 0.44226811718750003 0.6907217640625001 0.45618564531250005 0.6907217640625001 0.45618564531250005 0.65360835625 0.44226811718750003 0.65360835625
2 0.4496134828125 0.65704479375 0.4496134828125 0.6900344875 0.46932998125000003 0.6900344875 0.46932998125000003 0.65704479375 0.4496134828125 0.65704479375