2 0.2344820625 0.439738375 0.2344820625 0.516702990625 0.2871352203125 0.516702990625 0.2871352203125 0.439738375 0.2344820625 0.439738375
2 0.1853391125 0.435578121875 0.1853391125 0.5000619921875 0.23097184999999998 0.5000619921875 0.23097184999999998 0.435578121875 0.1853391125 0.435578121875
2 0.2883052890625 0.42933775 0.2883052890625 0.45845949687500004 0.3222373234375 0.45845949687500004 0.3222373234375 0.42933775 0.2883052890625 0.42933775
2 0.3210672546875 0.4210172515625 0.3210672546875 0.45221912187499996 0.339788378125 0.45221912187499996 0.339788378125 0.4210172515625 0.3210672546875 0.4210172515625
2 0.340958446875 0.4210172515625 0.340958446875 0.4501389984375 0.3585095 0.4501389984375 0.3585095 0.4210172515625 0.340958446875 0.4210172515625
2 0.366699990625 0.41269675 0.366699990625 0.439738371875 0.3830809703125 0.439738371875 0.3830809703125 0.41269675 0.366699990625 0.41269675
2 0.377230621875 0.4147768734375 0.377230621875 0.4480588703125 0.3994619546875 0.4480588703125 0.3994619546875 0.4147768734375 0.377230621875 0.4147768734375
2 0.46030560468750004 0.45845949375000006 0.46030560468750004 0.541664484375 0.5188091109374999 0.541664484375 0.5188091109374999 0.45845949375000006 0.46030560468750004 0.45845949375000006
2 0.522319321875 0.43765825156249993 0.522319321875 0.6165489796875 0.6884692859375 0.6165489796875 0.6884692859375 0.43765825156249993 0.522319321875 0.43765825156249993
2 0.001170071875 0.3869032015625 0.001170071875 0.6781206640625 0.23284396406250002 0.6781206640625 0.23284396406250002 0.3869032015625 0.001170071875 0.3869032015625
2 0.1848710875 0.43543945156249997 0.1848710875 0.8133287765625001 0.549932975 0.8133287765625001 0.549932975 0.43543945156249997 0.1848710875 0.43543945156249997
2 0.5858151375 0.4721883171875 0.5858151375 0.9235753843750001 0.9988499046875001 0.9235753843750001 0.9988499046875001 0.4721883171875 0.5858151375 0.4721883171875
6 0.41449735624999995 0.3338600203125 0.41449735624999995 0.4669880046875 0.5022526187499999 0.4669880046875 0.5022526187499999 0.3338600203125 0.41449735624999995 0.3338600203125
2 0.39577623281249996 0.3962637625 0.39577623281249996 0.45242713125 0.4308783390625 0.45242713125 0.4308783390625 0.3962637625 0.39577623281249996 0.3962637625