4 0.6021175109375 0.35357118125000003 0.6021175109375 0.7101323890625 0.6714955765624999 0.7101323890625 0.6714955765624999 0.35357118125000003 0.6021175109375 0.35357118125000003
4 0.528955184375 0.43654454375 0.528955184375 0.63612911875 0.586980478125 0.63612911875 0.586980478125 0.43654454375 0.528955184375 0.43654454375
4 0.148006534375 0.4215943859375 0.148006534375 0.45747476249999997 0.1555750515625 0.45747476249999997 0.1555750515625 0.4215943859375 0.148006534375 0.4215943859375
4 0.1580978875 0.4215943859375 0.1580978875 0.45747476249999997 0.16566640625 0.45747476249999997 0.16566640625 0.4215943859375 0.1580978875 0.4215943859375
4 0.1782805984375 0.4260794375 0.1782805984375 0.46644485468749997 0.1908947921875 0.46644485468749997 0.1908947921875 0.4260794375 0.1782805984375 0.4260794375
4 0.4948968625 0.4499996828125 0.4948968625 0.6129563734375 0.5150795718750001 0.6129563734375 0.5150795718750001 0.4499996828125 0.4948968625 0.4499996828125
4 0.4583157 0.4499996828125 0.4583157 0.5957637015625 0.47975983125 0.5957637015625 0.47975983125 0.4499996828125 0.4583157 0.4499996828125
4 0.704292478125 0.4320594953125 0.704292478125 0.61893644375 0.7333051234375 0.61893644375 0.7333051234375 0.4320594953125 0.704292478125 0.4320594953125
4 0.73204370625 0.4372920515625 0.73204370625 0.6234214890625001 0.7648406125 0.6234214890625001 0.7648406125 0.4372920515625 0.73204370625 0.4372920515625
4 0.8165588046875 0.472424915625 0.8165588046875 0.6428566890625 0.851878546875 0.6428566890625 0.851878546875 0.472424915625 0.8165588046875 0.472424915625
4 0.7862847390625001 0.47018239375000004 0.7862847390625001 0.6428566921875001 0.817820221875 0.6428566921875001 0.817820221875 0.47018239375000004 0.7862847390625001 0.47018239375000004
4 0.9086424171875 0.4186043578125 0.9086424171875 0.7504978140625 0.9603606125 0.7504978140625 0.9603606125 0.4186043578125 0.9086424171875 0.4186043578125
2 0.16566640625 0.464202328125 0.16566640625 0.7504978109375 0.4305644734375 0.7504978109375 0.4305644734375 0.464202328125 0.16566640625 0.464202328125
2 0.002219378125 0.23725610156250002 0.002219378125 0.8588393359375001 0.14972399218750002 0.8588393359375001 0.14972399218750002 0.23725610156250002 0.002219378125 0.23725610156250002