2 0.30672140937500003 0.4308054015625 0.30672140937500003 0.4777248 0.321117134375 0.4777248 0.321117134375 0.4308054015625 0.30672140937500003 0.4308054015625
2 0.2875271109375 0.42227460156249996 0.2875271109375 0.48199020312499996 0.30792105625 0.48199020312499996 0.30792105625 0.42227460156249996 0.2875271109375 0.42227460156249996
2 0.2731313859375 0.42654 0.2731313859375 0.4947864 0.3019228359375 0.4947864 0.3019228359375 0.42654 0.2731313859375 0.42654
2 0.251537796875 0.4286727015625 0.251537796875 0.5075826015625 0.2899263984375 0.5075826015625 0.2899263984375 0.4286727015625 0.251537796875 0.4286727015625
2 0.22154670312500002 0.4244073015625 0.22154670312500002 0.5331750015625001 0.2731313859375 0.5331750015625001 0.2731313859375 0.4244073015625 0.22154670312500002 0.4244073015625
2 0.083587671875 0.3817533 0.083587671875 0.6376773 0.253937084375 0.6376773 0.253937084375 0.3817533 0.083587671875 0.3817533
2 0.000812253125 0.40734570156250005 0.000812253125 0.784833603125 0.1939548984375 0.784833603125 0.1939548984375 0.40734570156250005 0.000812253125 0.40734570156250005
2 0.8873489859375001 0.49905180312499997 0.8873489859375001 0.7656393046875001 0.9965165671875 0.7656393046875001 0.9965165671875 0.49905180312499997 0.8873489859375001 0.49905180312499997
2 0.6498195234375 0.45426510000000003 0.6498195234375 0.6568716 0.9233382984375 0.6568716 0.9233382984375 0.45426510000000003 0.6498195234375 0.45426510000000003
2 0.5466501609375001 0.4350708015625 0.5466501609375001 0.5758290015624999 0.6762116859375 0.5758290015624999 0.6762116859375 0.4350708015625 0.5466501609375001 0.4350708015625
2 0.49986405468750006 0.40947839999999996 0.49986405468750006 0.5417058015625 0.6030334171875 0.5417058015625 0.6030334171875 0.40947839999999996 0.49986405468750006 0.40947839999999996
2 0.34271072187499996 0.4393362015625 0.34271072187499996 0.454265103125 0.35830609375 0.454265103125 0.35830609375 0.4393362015625 0.34271072187499996 0.4393362015625
2 0.3667035984375 0.4350708015625 0.3667035984375 0.45426510000000003 0.375101103125 0.45426510000000003 0.375101103125 0.4350708015625 0.3667035984375 0.4350708015625
2 0.375101103125 0.4350708015625 0.375101103125 0.4563978015625 0.3858978984375 0.4563978015625 0.3858978984375 0.4350708015625 0.375101103125 0.4350708015625
2 0.383498609375 0.4286727015625 0.383498609375 0.454265103125 0.4110904171875 0.454265103125 0.4110904171875 0.4286727015625 0.383498609375 0.4286727015625