2 0.358306090625 0.5118480015625 0.358306090625 0.5395731015624999 0.371502171875 0.5395731015624999 0.371502171875 0.5118480015625 0.358306090625 0.5118480015625
2 0.3667035984375 0.5246442 0.3667035984375 0.5459712 0.3834986109375 0.5459712 0.3834986109375 0.5246442 0.3667035984375 0.5246442
2 0.3595057359375 0.5310423 0.3595057359375 0.5587674 0.3834986109375 0.5587674 0.3834986109375 0.5310423 0.3595057359375 0.5310423
2 0.325915709375 0.5267769015625 0.325915709375 0.5438385015625 0.34151107812500003 0.5438385015625 0.34151107812500003 0.5267769015625 0.325915709375 0.5267769015625
2 0.311519984375 0.5331750015625001 0.311519984375 0.558767403125 0.33551285937499997 0.558767403125 0.33551285937499997 0.5331750015625001 0.311519984375 0.5331750015625001
2 0.2875271109375 0.5395731015624999 0.2875271109375 0.575829003125 0.318717846875 0.575829003125 0.318717846875 0.5395731015624999 0.2875271109375 0.5395731015624999
2 0.2659335234375 0.5374404015625001 0.2659335234375 0.5971560015625 0.29232568593749997 0.5971560015625 0.29232568593749997 0.5374404015625001 0.2659335234375 0.5374404015625001
2 0.24673922187500003 0.5331750015625001 0.24673922187500003 0.6056868015625 0.28272853593749997 0.6056868015625 0.28272853593749997 0.5331750015625001 0.24673922187500003 0.5331750015625001
2 0.181958459375 0.5459712015625 0.181958459375 0.627013803125 0.26833280937500004 0.627013803125 0.26833280937500004 0.5459712015625 0.181958459375 0.5459712015625
2 0.075190165625 0.5139807000000001 0.075190165625 0.6590043015625 0.2215467046875 0.6590043015625 0.2215467046875 0.5139807000000001 0.075190165625 0.5139807000000001
2 0 0.7336488015625 0.148368434375 0.7336488015625 0.148368434375 0.5203788015625 0 0.5203788015625 0 0.7336488015625
2 0.3846982546875 0.5331750015625001 0.3846982546875 0.5545020015625 0.405092196875 0.5545020015625 0.405092196875 0.5331750015625001 0.3846982546875 0.5331750015625001
2 0.39909397812499997 0.5417058 0.39909397812499997 0.5715636015625 0.4122900609375 0.5715636015625 0.4122900609375 0.5417058 0.39909397812499997 0.5417058
2 0.40989077187499995 0.5481039 0.40989077187499995 0.5800944 0.436282934375 0.5800944 0.436282934375 0.5481039 0.40989077187499995 0.5481039
2 0.5430512296875001 0.5246442 0.5430512296875001 0.7613739015625 0.7337945859375 0.7613739015625 0.7337945859375 0.5246442 0.5430512296875001 0.5246442
2 0.6546180984375 0.5075826 0.6546180984375 0.8530800015625 0.9989158546875 0.8530800015625 0.9989158546875 0.5075826 0.6546180984375 0.5075826