2 0.39152669375000004 0.4230709828125 0.39152669375000004 0.46559068124999997 0.4142481578125 0.46559068124999997 0.4142481578125 0.4230709828125 0.39152669375000004 0.4230709828125
2 0.3635434078125 0.427322953125 0.3635434078125 0.48259855781249994 0.4030070015625 0.48259855781249994 0.4030070015625 0.427322953125 0.3635434078125 0.427322953125
2 0.27744102187499997 0.42094499843750005 0.27744102187499997 0.53574818125 0.352780609375 0.53574818125 0.352780609375 0.42094499843750005 0.27744102187499997 0.42094499843750005
2 0.50585151875 0.4294489375 0.50585151875 0.48897651406250003 0.5548820421875 0.48897651406250003 0.5548820421875 0.4294489375 0.50585151875 0.4294489375
3 0.4340995296875 0.4549607546875 0.4340995296875 0.4996064359375 0.4532333921875 0.4996064359375 0.4532333921875 0.4549607546875 0.4340995296875 0.4549607546875
5 0.4340995296875 0.4166930296875 0.4340995296875 0.4528347703125 0.45203752656249996 0.4528347703125 0.45203752656249996 0.4166930296875 0.4340995296875 0.4166930296875
6 0.17579237187500002 0.4230709828125 0.17579237187500002 0.457086740625 0.2367815609375 0.457086740625 0.2367815609375 0.4230709828125 0.17579237187500002 0.4230709828125
1 0.11839078125 0.43582689375 0.11839078125 0.4592127265625 0.14469984375 0.4592127265625 0.14469984375 0.43582689375 0.11839078125 0.43582689375
2 0.14469984375 0.44433083125 0.14469984375 0.457086740625 0.1578543734375 0.457086740625 0.1578543734375 0.44433083125 0.14469984375 0.44433083125
2 0.16024610625 0.442204846875 0.16024610625 0.457086740625 0.1734006390625 0.457086740625 0.1734006390625 0.442204846875 0.16024610625 0.442204846875
2 0.2355856953125 0.44007886249999995 0.2355856953125 0.457086740625 0.2475443609375 0.457086740625 0.2475443609375 0.44007886249999995 0.2355856953125 0.44007886249999995