2 0.399419403125 0.5081103765625 0.399419403125 0.5229922734375 0.4101822015625 0.5229922734375 0.4101822015625 0.5081103765625 0.399419403125 0.5081103765625
2 0.3814814046875 0.5017324249999999 0.3814814046875 0.520866290625 0.39941939843749996 0.520866290625 0.39941939843749996 0.5017324249999999 0.3814814046875 0.5017324249999999
2 0.35636820937499997 0.5017324249999999 0.35636820937499997 0.5293702265625 0.3766979390625 0.5293702265625 0.3766979390625 0.5017324249999999 0.35636820937499997 0.5017324249999999
2 0.3420178125 0.5038584078125 0.3420178125 0.533622196875 0.35875994218749996 0.533622196875 0.35875994218749996 0.5038584078125 0.3420178125 0.5038584078125
2 0.3240798125 0.5102363640625 0.3240798125 0.5357481828124999 0.3396260765625 0.5357481828124999 0.3396260765625 0.5102363640625 0.3240798125 0.5102363640625
2 0.2834203546875 0.5038584078125 0.2834203546875 0.531496209375 0.30733768125 0.531496209375 0.30733768125 0.5038584078125 0.2834203546875 0.5038584078125
2 0.25830715937500004 0.5102363640625 0.25830715937500004 0.5357481828124999 0.2798327546875 0.5357481828124999 0.2798327546875 0.5102363640625 0.25830715937500004 0.5102363640625
2 0.1243701125 0.505984390625 0.1243701125 0.5548820421875 0.174596503125 0.5548820421875 0.174596503125 0.505984390625 0.1243701125 0.505984390625
2 0.083710653125 0.5123623484375 0.083710653125 0.5591340125 0.12915357656249998 0.5591340125 0.12915357656249998 0.5123623484375 0.083710653125 0.5123623484375
2 0.004783465625 0.5166143140624999 0.004783465625 0.5676379500000001 0.0681643890625 0.5676379500000001 0.0681643890625 0.5166143140624999 0.004783465625 0.5166143140624999
2 0.22482289687499998 0.51448833125 0.22482289687499998 0.5421261328125 0.2618947578125 0.5421261328125 0.2618947578125 0.51448833125 0.22482289687499998 0.51448833125
2 0.41616153125000005 0.5038584078125 0.41616153125000005 0.5187403015625 0.42572846249999996 0.5187403015625 0.42572846249999996 0.5038584078125 0.41616153125000005 0.5038584078125
2 0.42692433281250003 0.505984390625 0.42692433281250003 0.52299226875 0.437687128125 0.52299226875 0.437687128125 0.505984390625 0.42692433281250003 0.505984390625
2 0.437687128125 0.5081103765625 0.437687128125 0.5251182531249999 0.44725405937499996 0.5251182531249999 0.44725405937499996 0.5081103765625 0.437687128125 0.5081103765625
2 0 0.573790840625 0.005509371875 0.573790840625 0.005509371875 0.5215538359375 0 0.5215538359375 0 0.573790840625