2 0.35110822812500003 0.452843290625 0.35110822812500003 0.4656394921875 0.36430431093750004 0.4656394921875 0.36430431093750004 0.452843290625 0.35110822812500003 0.452843290625
2 0.340311434375 0.457108690625 0.340311434375 0.47417029062499993 0.3523078703125 0.47417029062499993 0.3523078703125 0.457108690625 0.340311434375 0.457108690625
2 0.325915709375 0.452843290625 0.325915709375 0.478435690625 0.340311434375 0.478435690625 0.340311434375 0.452843290625 0.325915709375 0.452843290625
2 0.31631855937500003 0.457108690625 0.31631855937500003 0.48696649062499997 0.328314996875 0.48696649062499997 0.328314996875 0.457108690625 0.31631855937500003 0.457108690625
2 0.297124259375 0.457108690625 0.297124259375 0.489099190625 0.318717846875 0.489099190625 0.318717846875 0.457108690625 0.297124259375 0.457108690625
2 0.2803292484375 0.465639490625 0.2803292484375 0.5082934890625 0.2995235484375 0.5082934890625 0.2995235484375 0.465639490625 0.2803292484375 0.465639490625
2 0.2623345921875 0.452843290625 0.2623345921875 0.5168242921874999 0.2863274671875 0.5168242921874999 0.2863274671875 0.452843290625 0.2623345921875 0.452843290625
2 0.205951334375 0.457108690625 0.205951334375 0.5338858906249999 0.267133165625 0.5338858906249999 0.267133165625 0.457108690625 0.205951334375 0.457108690625
2 0.191555609375 0.47417029062499993 0.191555609375 0.521089690625 0.21314919687499997 0.521089690625 0.21314919687499997 0.47417029062499993 0.191555609375 0.47417029062499993
2 0.081188384375 0.452843290625 0.081188384375 0.5808052906250001 0.19635418437500002 0.5808052906250001 0.19635418437500002 0.452843290625 0.081188384375 0.452843290625
2 0.0404004984375 0.461374090625 0.0404004984375 0.5765398921875 0.1075805484375 0.5765398921875 0.1075805484375 0.461374090625 0.0404004984375 0.461374090625
2 0 0.5637436890624999 0.0523969359375 0.5637436890624999 0.0523969359375 0.49123189062500006 0 0.49123189062500006 0 0.5637436890624999
1 0.2851278234375 0.427250890625 0.2851278234375 0.4656394921875 0.3091206984375 0.4656394921875 0.3091206984375 0.427250890625 0.2851278234375 0.427250890625
1 0.21674812812500002 0.425118190625 0.21674812812500002 0.46777218906250007 0.286327465625 0.46777218906250007 0.286327465625 0.425118190625 0.21674812812500002 0.425118190625
2 0.3858978984375 0.44431249062499995 0.3858978984375 0.457108690625 0.395495046875 0.457108690625 0.395495046875 0.44431249062499995 0.3858978984375 0.44431249062499995
2 0.40269290937499996 0.44431249062499995 0.40269290937499996 0.46137408906250005 0.418288278125 0.46137408906250005 0.418288278125 0.44431249062499995 0.40269290937499996 0.44431249062499995
2 0.40869112812499997 0.45071059062499996 0.40869112812499997 0.46777218906250007 0.42668578593750006 0.46777218906250007 0.42668578593750006 0.45071059062499996 0.40869112812499997 0.45071059062499996
2 0.43028471718750005 0.44431249062499995 0.43028471718750005 0.465639490625 0.442281153125 0.465639490625 0.442281153125 0.44431249062499995 0.43028471718750005 0.44431249062499995
2 0.4446804421875 0.44004709062499997 0.4446804421875 0.459241390625 0.45307794687499997 0.459241390625 0.45307794687499997 0.44004709062499997 0.4446804421875 0.44004709062499997
2 0.448279371875 0.44431249062499995 0.448279371875 0.46137408906250005 0.460275809375 0.46137408906250005 0.460275809375 0.44431249062499995 0.448279371875 0.44431249062499995
2 0.4578765234375 0.44431249062499995 0.4578765234375 0.465639490625 0.46987296093750003 0.465639490625 0.46987296093750003 0.44431249062499995 0.4578765234375 0.44431249062499995
2 0.5154594234375 0.45497599062500005 0.5154594234375 0.499762690625 0.5358533671875 0.499762690625 0.5358533671875 0.45497599062500005 0.5154594234375 0.45497599062500005
2 0.5262562187500001 0.461374090625 0.5262562187500001 0.504028090625 0.5622455296875 0.504028090625 0.5622455296875 0.461374090625 0.5262562187500001 0.461374090625
2 0.46267509687499997 0.431516290625 0.46267509687499997 0.5168242921874999 0.51425978125 0.5168242921874999 0.51425978125 0.431516290625 0.46267509687499997 0.431516290625
2 0.3882971859375 0.465639490625 0.3882971859375 0.5274877890624999 0.44108151093750003 0.5274877890624999 0.44108151093750003 0.465639490625 0.3882971859375 0.465639490625
2 0.5730423234375001 0.45497599062500005 0.5730423234375001 0.531753190625 0.628225934375 0.531753190625 0.628225934375 0.45497599062500005 0.5730423234375001 0.45497599062500005
2 0.6006341296875 0.452843290625 0.6006341296875 0.525355090625 0.6426216609375001 0.525355090625 0.6426216609375001 0.452843290625 0.6006341296875 0.452843290625
2 0.8297660859375 0.47417029062499993 0.8297660859375 0.659715190625 0.976122625 0.659715190625 0.976122625 0.47417029062499993 0.8297660859375 0.47417029062499993
2 0.9329354500000001 0.412321990625 0.9329354500000001 0.44004709062499997 0.9701244046875 0.44004709062499997 0.9701244046875 0.412321990625 0.9329354500000001 0.412321990625
2 0.9125415046875001 0.412321990625 0.9125415046875001 0.44431249062499995 0.9425326 0.44431249062499995 0.9425326 0.412321990625 0.9125415046875001 0.412321990625
2 0.8717536171875 0.425118190625 0.8717536171875 0.465639490625 0.9209390109375001 0.465639490625 0.9209390109375001 0.425118190625 0.8717536171875 0.425118190625
2 0.8165700046875 0.44004709062499997 0.8165700046875 0.478435690625 0.8897482734375 0.478435690625 0.8897482734375 0.44004709062499997 0.8165700046875 0.44004709062499997
2 0.9785219125 0.40165849062500003 0.9785219125 0.431516290625 0.9989158546875 0.431516290625 0.9989158546875 0.40165849062500003 0.9785219125 0.40165849062500003
2 0.591036978125 0.429383590625 0.591036978125 0.7343596890625 0.8657554 0.7343596890625 0.8657554 0.429383590625 0.591036978125 0.429383590625