2 0.5789406390625 0.3843747359375 0.5789406390625 0.39843722656249997 0.5934425812499999 0.39843722656249997 0.5934425812499999 0.3843747359375 0.5789406390625 0.3843747359375
2 0.5459816765625 0.45234343906249996 0.5459816765625 0.468749678125 0.557846903125 0.468749678125 0.557846903125 0.45234343906249996 0.5459816765625 0.45234343906249996
2 0.5314797328124999 0.4570309359375 0.5314797328124999 0.48984341562499994 0.5420266015624999 0.48984341562499994 0.5420266015624999 0.4570309359375 0.5314797328124999 0.4570309359375
2 0.5182961484375 0.4476559421875 0.5182961484375 0.4921871609375 0.5288430171875 0.4921871609375 0.5288430171875 0.4476559421875 0.5182961484375 0.4476559421875
2 0.4932473375 0.4382809484375 0.4932473375 0.50156215625 0.5209328671875 0.50156215625 0.5209328671875 0.4382809484375 0.4932473375 0.4382809484375
2 0.48270046874999994 0.459374684375 0.48270046874999994 0.4921871609375 0.49061062031249997 0.4921871609375 0.49061062031249997 0.459374684375 0.48270046874999994 0.459374684375
2 0.47347196093750005 0.46171843125 0.47347196093750005 0.494530909375 0.48270046874999994 0.494530909375 0.48270046874999994 0.46171843125 0.47347196093750005 0.46171843125
6 0.461606734375 0.459374684375 0.461606734375 0.4921871609375 0.4774270359375 0.4921871609375 0.4774270359375 0.459374684375 0.461606734375 0.459374684375
2 0.4471047921875 0.459374684375 0.4471047921875 0.50156215625 0.468198528125 0.50156215625 0.468198528125 0.459374684375 0.4471047921875 0.459374684375
2 0.4194192640625 0.47343717500000004 0.4194192640625 0.5085933984375 0.42864777187499997 0.5085933984375 0.42864777187499997 0.47343717500000004 0.4194192640625 0.47343717500000004
2 0.4088723953125 0.46171843125 0.4088723953125 0.5132808953125 0.42205598125000005 0.5132808953125 0.42205598125000005 0.46171843125 0.4088723953125 0.46171843125
2 0.3772317921875 0.4476559421875 0.3772317921875 0.5203121421875 0.4141458296875 0.5203121421875 0.4141458296875 0.4476559421875 0.3772317921875 0.4476559421875
2 0.3297708875 0.43593719999999997 0.3297708875 0.53671838125 0.3825052265625 0.53671838125 0.3825052265625 0.43593719999999997 0.3297708875 0.43593719999999997
2 0.1913432484375 0.40781221875 0.1913432484375 0.463303065625 0.2243022109375 0.463303065625 0.2243022109375 0.40781221875 0.1913432484375 0.40781221875
2 0.1544292109375 0.4242184578125 0.1544292109375 0.677343284375 0.35218298125 0.677343284375 0.35218298125 0.4242184578125 0.1544292109375 0.4242184578125
2 0.5552101859375 0.46171843125 0.5552101859375 0.4921871609375 0.5670754109375 0.4921871609375 0.5670754109375 0.46171843125 0.5552101859375 0.46171843125
2 0.55652854375 0.4664059296875 0.55652854375 0.5132808984375 0.588169146875 0.5132808984375 0.588169146875 0.4664059296875 0.55652854375 0.4664059296875
2 0.5446633171874999 0.4570309359375 0.5446633171874999 0.48749966562499997 0.55652854375 0.48749966562499997 0.55652854375 0.4570309359375 0.5446633171874999 0.4570309359375
2 0.5736672046875 0.47812467031250006 0.5736672046875 0.5109371484375 0.5908058640625 0.5109371484375 0.5908058640625 0.47812467031250006 0.5736672046875 0.47812467031250006
2 0.5894875046875 0.44531219375 0.5894875046875 0.532030884375 0.64222184375 0.532030884375 0.64222184375 0.44531219375 0.5894875046875 0.44531219375
2 0.6039894484375 0.45234343906249996 0.6039894484375 0.5226558890625 0.6778175234375 0.5226558890625 0.6778175234375 0.45234343906249996 0.6039894484375 0.45234343906249996
2 0.6026710890625 0.4640621796875 0.6026710890625 0.53671838125 0.6883643890625 0.53671838125 0.6883643890625 0.4640621796875 0.6026710890625 0.4640621796875
2 0.615854675 0.4476559421875 0.615854675 0.5437496265624999 0.7740576921875 0.5437496265624999 0.7740576921875 0.4476559421875 0.615854675 0.4476559421875
2 0.6369484109375 0.468749678125 0.6369484109375 0.5671871078125 0.8149268046874999 0.5671871078125 0.8149268046874999 0.468749678125 0.6369484109375 0.468749678125
2 0.737143653125 0.4054684703125 0.737143653125 0.66328079375 0.9981786312500001 0.66328079375 0.9981786312500001 0.4054684703125 0.737143653125 0.4054684703125
2 0.8333838234375 0.494530909375 0.8333838234375 0.75468698125 0.9981786312500001 0.75468698125 0.9981786312500001 0.494530909375 0.8333838234375 0.494530909375