2 0.38233814375 0.40610867187500005 0.38233814375 0.42135507499999997 0.3987106984375 0.42135507499999997 0.3987106984375 0.40610867187500005 0.38233814375 0.40610867187500005
2 0.3464744515625 0.4158109296875 0.3464744515625 0.4324433671875 0.363626653125 0.4324433671875 0.363626653125 0.4158109296875 0.3464744515625 0.4158109296875
2 0.3378983515625 0.383932090625 0.3378983515625 0.3922483078125 0.3503726796875 0.3922483078125 0.3503726796875 0.383932090625 0.3378983515625 0.383932090625
2 0.3316611875 0.3922483078125 0.3316611875 0.40610867187500005 0.34335586875 0.40610867187500005 0.34335586875 0.3922483078125 0.3316611875 0.3922483078125
2 0.3316611875 0.41026678125 0.3316611875 0.42689922031250005 0.3503726796875 0.42689922031250005 0.3503726796875 0.41026678125 0.3316611875 0.41026678125
2 0.41352396249999995 0.4033366 0.41352396249999995 0.4158109296875 0.4221000640625 0.4158109296875 0.4221000640625 0.4033366 0.41352396249999995 0.4033366
2 0.50318319375 0.37838794375 0.50318319375 0.3922483078125 0.5102000046875 0.3922483078125 0.5102000046875 0.37838794375 0.50318319375 0.37838794375
2 0.5102000046875 0.3867041625 0.5102000046875 0.40056452968749995 0.521115040625 0.40056452968749995 0.521115040625 0.3867041625 0.5102000046875 0.3867041625
2 0.5063017765625 0.40749471093749995 0.5063017765625 0.42967129374999996 0.521115040625 0.42967129374999996 0.521115040625 0.40749471093749995 0.5063017765625 0.40749471093749995
2 0.5390468859374999 0.3880901984375 0.5390468859374999 0.3977924546875 0.5476229874999999 0.3977924546875 0.5476229874999999 0.3880901984375 0.5390468859374999 0.3880901984375
2 0.569453059375 0.41165281875000004 0.569453059375 0.425513184375 0.5834866796875 0.425513184375 0.5834866796875 0.41165281875000004 0.569453059375 0.41165281875000004
2 0.58504596875 0.4158109296875 0.58504596875 0.43521543906250004 0.60687604375 0.43521543906250004 0.60687604375 0.4158109296875 0.58504596875 0.4158109296875
2 0.44159119999999996 0.401950565625 0.44159119999999996 0.41303885625000003 0.44938765468749997 0.41303885625000003 0.44938765468749997 0.401950565625 0.44159119999999996 0.401950565625
2 0.4369133265625 0.40749471093749995 0.4369133265625 0.41858300000000004 0.4447097828125 0.41858300000000004 0.4447097828125 0.40749471093749995 0.4369133265625 0.40749471093749995
2 0.42365935312499997 0.4130388546875 0.42365935312499997 0.42274110781249996 0.43613368281250003 0.42274110781249996 0.43613368281250003 0.4130388546875 0.42365935312499997 0.4130388546875
2 0.42365935312499997 0.4199690359375 0.42365935312499997 0.44353165624999996 0.44548942656249996 0.44353165624999996 0.44548942656249996 0.4199690359375 0.42365935312499997 0.4199690359375
2 0.29408228125 0.4130388546875 0.29408228125 0.46155012968750003 0.340081365625 0.46155012968750003 0.340081365625 0.4130388546875 0.29408228125 0.4130388546875
2 0.3829618671875 0.4227411109375 0.3829618671875 0.45600598750000004 0.413368040625 0.45600598750000004 0.413368040625 0.4227411109375 0.3829618671875 0.4227411109375
2 0.4375370515625 0.4033366 0.4375370515625 0.4975870765625 0.4975697546875 0.4975870765625 0.4975697546875 0.4033366 0.4375370515625 0.4033366
2 0.5772021859375001 0.3572013890625 0.5772021859375001 0.615004165625 0.7715566796875 0.615004165625 0.7715566796875 0.3572013890625 0.5772021859375001 0.3572013890625
2 0.930701803125 0.42897827343749995 0.930701803125 0.485805765625 0.9993106046875001 0.485805765625 0.9993106046875001 0.42897827343749995 0.930701803125 0.42897827343749995
2 0.5634887765625 0.390169253125 0.5634887765625 0.40541565312500005 0.5775223953124999 0.40541565312500005 0.5775223953124999 0.390169253125 0.5634887765625 0.390169253125
2 0.5424383500000001 0.4095737640625 0.5424383500000001 0.430364309375 0.563488778125 0.430364309375 0.563488778125 0.4095737640625 0.5424383500000001 0.4095737640625