4 0.169616565625 0.5510913687500001 0.169616565625 0.7261235328125 0.2125081109375 0.7261235328125 0.2125081109375 0.5510913687500001 0.169616565625 0.5510913687500001
2 0.3382583234375 0.549358378125 0.3382583234375 0.6620028390625 0.39674679375 0.6620028390625 0.39674679375 0.549358378125 0.3382583234375 0.549358378125
2 0.20276003281250002 0.532028459375 0.20276003281250002 0.703594640625 0.3450819765625 0.703594640625 0.3450819765625 0.532028459375 0.20276003281250002 0.532028459375
2 0.6833403 0.53029546875 0.6833403 0.559756328125 0.6979624171875 0.559756328125 0.6979624171875 0.53029546875 0.6833403 0.53029546875
2 0.6999120328124999 0.532028459375 0.6999120328124999 0.5597563265625001 0.7213578046875 0.5597563265625001 0.7213578046875 0.532028459375 0.6999120328124999 0.532028459375
2 0.7184333828125 0.53029546875 0.7184333828125 0.56668829375 0.7398791546875 0.56668829375 0.7398791546875 0.53029546875 0.7184333828125 0.53029546875
2 0.791543971875 0.52509649375 0.791543971875 0.6048141125 0.8402843640625001 0.6048141125 0.8402843640625001 0.52509649375 0.791543971875 0.52509649375
2 0.818838590625 0.5337614515625 0.818838590625 0.6256100124999999 0.8919491781250001 0.6256100124999999 0.8919491781250001 0.5337614515625 0.818838590625 0.5337614515625
2 0.8636797515625 0.5441594015625 0.8636797515625 0.64813890625 0.9631101531249999 0.64813890625 0.9631101531249999 0.5441594015625 0.8636797515625 0.5441594015625
2 0.92801706875 0.53549444375 0.92801706875 0.6966626734375 0.9991780421875 0.6966626734375 0.9991780421875 0.53549444375 0.92801706875 0.53549444375
2 0.735005115625 0.5233635015625 0.735005115625 0.6117460796875 0.80519128125 0.6117460796875 0.80519128125 0.5233635015625 0.735005115625 0.5233635015625
2 0.62192740625 0.526829484375 0.62192740625 0.5476253875 0.6414235625 0.5476253875 0.6414235625 0.526829484375 0.62192740625 0.526829484375
2 0.6258266359375 0.5389604265625 0.6258266359375 0.6412069390624999 0.6989372265625 0.6412069390624999 0.6989372265625 0.5389604265625 0.6258266359375 0.5389604265625
2 0.5897587468750001 0.537227434375 0.5897587468750001 0.5597563265625001 0.6053556734375001 0.5597563265625001 0.6053556734375001 0.537227434375 0.5897587468750001 0.537227434375
2 0.579035859375 0.54069341875 0.579035859375 0.5614893203125 0.5907335546875 0.5614893203125 0.5907335546875 0.54069341875 0.579035859375 0.54069341875
2 0.571237396875 0.542426409375 0.571237396875 0.5632223125 0.5829350921875001 0.5632223125 0.5829350921875001 0.542426409375 0.571237396875 0.542426409375
2 0.5566152796875 0.5441594015625 0.5566152796875 0.570154278125 0.57708624375 0.570154278125 0.57708624375 0.5441594015625 0.5566152796875 0.5441594015625
2 0.5283458515625 0.5441594015625 0.5283458515625 0.580552228125 0.5527160484375 0.580552228125 0.5527160484375 0.5441594015625 0.5283458515625 0.5441594015625
2 0.5166481593750001 0.5476253859375 0.5166481593750001 0.5857512015624999 0.5351695078125001 0.5857512015624999 0.5351695078125001 0.5476253859375 0.5166481593750001 0.5476253859375
2 0.49910161718749996 0.542426409375 0.49910161718749996 0.5926831703125 0.521522196875 0.5926831703125 0.521522196875 0.542426409375 0.49910161718749996 0.542426409375
2 0.47765584531250005 0.5476253859375 0.47765584531250005 0.5978821437499999 0.509824503125 0.5978821437499999 0.509824503125 0.5476253859375 0.47765584531250005 0.5476253859375
2 0.4318398765625 0.542426409375 0.4318398765625 0.618678046875 0.4883787296875 0.618678046875 0.4883787296875 0.542426409375 0.4318398765625 0.542426409375