2 0.4772952234375 0.24877873281250001 0.4772952234375 0.287956484375 0.48739573593749996 0.287956484375 0.48739573593749996 0.24877873281250001 0.4772952234375 0.24877873281250001
2 0.46903116406249995 0.247146328125 0.46903116406249995 0.2912213 0.48188636406249996 0.2912213 0.48188636406249996 0.247146328125 0.46903116406249995 0.247146328125
2 0.459848878125 0.247146328125 0.459848878125 0.3010157375 0.47178585 0.3010157375 0.47178585 0.247146328125 0.459848878125 0.247146328125
2 0.4433207640625 0.24551392187499999 0.4433207640625 0.30591295625 0.4671947078125 0.30591295625 0.4671947078125 0.24551392187499999 0.4433207640625 0.24551392187499999
2 0.5333071656249999 0.252043546875 0.5333071656249999 0.301015740625 0.5434076796875 0.301015740625 0.5434076796875 0.252043546875 0.5333071656249999 0.252043546875
2 0.7660530750000001 0.253046178125 0.7660530750000001 0.329769278125 0.8652217609375 0.329769278125 0.8652217609375 0.253046178125 0.7660530750000001 0.253046178125
2 0.1428355453125 0.054804637499999996 0.1428355453125 0.39597756875 0.38065674843749997 0.39597756875 0.38065674843749997 0.054804637499999996 0.1428355453125 0.054804637499999996
2 0.000510115625 0.1625434609375 0.000510115625 0.49555436249999996 0.26404171875000004 0.49555436249999996 0.26404171875000004 0.1625434609375 0.000510115625 0.1625434609375
2 0.8067148124999999 0.20498602500000002 0.8067148124999999 0.57390986875 0.9986245874999999 0.57390986875 0.9986245874999999 0.20498602500000002 0.8067148124999999 0.20498602500000002
2 0.4170069625 0.24439454375 0.4170069625 0.3129556140625 0.4574090203125 0.3129556140625 0.4574090203125 0.24439454375 0.4170069625 0.24439454375
2 0.48679233593750004 0.24112973124999998 0.48679233593750004 0.32111764374999996 0.5363766796875 0.32111764374999996 0.5363766796875 0.24112973124999998 0.48679233593750004 0.24112973124999998