2 0.1626397546875 0.621957296875 0.1626397546875 0.6427585453125 0.17785066562500002 0.6427585453125 0.17785066562500002 0.621957296875 0.1626397546875 0.621957296875
2 0.182530946875 0.621957296875 0.182530946875 0.6406784203125 0.200082 0.6406784203125 0.200082 0.621957296875 0.182530946875 0.621957296875
2 0.2012520671875 0.6198771734374999 0.2012520671875 0.6385982968749999 0.209442559375 0.6385982968749999 0.209442559375 0.6198771734374999 0.2012520671875 0.6198771734374999
2 0.20710242031249998 0.6157169234375 0.20710242031249998 0.6365181718749999 0.22699361406250002 0.6365181718749999 0.22699361406250002 0.6157169234375 0.20710242031249998 0.6157169234375
2 0.1872112265625 0.6115566734375 0.1872112265625 0.624037421875 0.2047622796875 0.624037421875 0.2047622796875 0.6115566734375 0.1872112265625 0.6115566734375
2 0.239864384375 0.665639915625 0.239864384375 0.6968417875 0.266775996875 0.6968417875 0.266775996875 0.665639915625 0.239864384375 0.665639915625
2 0.20710242031249998 0.6760405421875 0.20710242031249998 0.6968417890625 0.2492249453125 0.6968417890625 0.2492249453125 0.6760405421875 0.20710242031249998 0.6760405421875
2 0.167320034375 0.6947616625 0.167320034375 0.7301237828125 0.236354175 0.7301237828125 0.236354175 0.6947616625 0.167320034375 0.6947616625
2 0.3287897171875 0.6011560499999999 0.3287897171875 0.619877171875 0.3451706984375 0.619877171875 0.3451706984375 0.6011560499999999 0.3287897171875 0.6011560499999999
2 0.30421824375 0.628197671875 0.30421824375 0.6573194171875001 0.3217692953125 0.6573194171875001 0.3217692953125 0.628197671875 0.30421824375 0.628197671875
6 0.2438800078125 0.62994365625 0.2438800078125 0.6724499749999999 0.2677898125 0.6724499749999999 0.2677898125 0.62994365625 0.2438800078125 0.62994365625