2 0.077589453125 0.516824290625 0.077589453125 0.54656211875 0.09773979687499999 0.54656211875 0.09773979687499999 0.516824290625 0.077589453125 0.516824290625
2 0.11883353125 0.5231246328125 0.11883353125 0.54656211875 0.1359721921875 0.54656211875 0.1359721921875 0.5231246328125 0.11883353125 0.5231246328125
2 0.402280603125 0.4926559046875 0.402280603125 0.5301558796875 0.42469269687500005 0.5301558796875 0.42469269687500005 0.4926559046875 0.402280603125 0.4926559046875
2 0.476108678125 0.5043746453125 0.476108678125 0.5278121296875 0.4866555453125 0.5278121296875 0.4866555453125 0.5043746453125 0.476108678125 0.5043746453125
2 0.48270047031249996 0.5067183953125001 0.48270047031249996 0.5278121312499999 0.4932473375 0.5278121312499999 0.4932473375 0.5067183953125001 0.48270047031249996 0.5067183953125001
2 0.487973903125 0.5114058906250001 0.487973903125 0.5278121296875 0.50379420625 0.5278121296875 0.50379420625 0.5114058906250001 0.487973903125 0.5114058906250001
2 0.5143410734375 0.49968715 0.5143410734375 0.5278121312499999 0.5288430156249999 0.5278121312499999 0.5288430156249999 0.49968715 0.5143410734375 0.49968715
2 0.5354348078125 0.4926559046875 0.5354348078125 0.50906214375 0.547300034375 0.50906214375 0.547300034375 0.4926559046875 0.5354348078125 0.4926559046875
2 0.6448585609374999 0.485624659375 0.6448585609374999 0.534843375 0.6712257312500001 0.534843375 0.6712257312500001 0.485624659375 0.6448585609374999 0.485624659375
2 0.7305518609375 0.4809371609375 0.7305518609375 0.52546838125 0.7569190296875 0.52546838125 0.7569190296875 0.4809371609375 0.7305518609375 0.4809371609375
2 0.770102615625 0.46687467343750005 0.770102615625 0.5606246078125 0.8584326328125 0.5606246078125 0.8584326328125 0.46687467343750005 0.770102615625 0.46687467343750005
2 0.0924663625 0.5231246328125 0.0924663625 0.54656211875 0.11487845625 0.54656211875 0.11487845625 0.5231246328125 0.0924663625 0.5231246328125
2 0.134653834375 0.5043746453125 0.134653834375 0.5512496125 0.17684130468749998 0.5512496125 0.17684130468749998 0.5043746453125 0.134653834375 0.5043746453125
2 0.24012251093749998 0.5067183953125001 0.24012251093749998 0.541874621875 0.2678080390625 0.541874621875 0.2678080390625 0.5067183953125001 0.24012251093749998 0.5067183953125001
6 0.3785501515625 0.48796840625 0.3785501515625 0.53015588125 0.4009622453125 0.53015588125 0.4009622453125 0.48796840625 0.3785501515625 0.48796840625
2 0.44051299843749997 0.4926559046875 0.44051299843749997 0.539530871875 0.47874539374999997 0.539530871875 0.47874539374999997 0.4926559046875 0.44051299843749997 0.4926559046875
2 0.34822790625 0.4926559046875 0.34822790625 0.539530871875 0.375913434375 0.539530871875 0.375913434375 0.4926559046875 0.34822790625 0.4926559046875
2 0.5420266015624999 0.45749967812500003 0.5420266015624999 0.6051558265625 0.6540870703125 0.6051558265625 0.6540870703125 0.45749967812500003 0.5420266015624999 0.45749967812500003
1 0.7674659 0.39421847187500003 0.7674659 0.54421836875 0.96126459375 0.54421836875 0.96126459375 0.39421847187500003 0.7674659 0.39421847187500003