2 0.48371641875 0.4464715359375 0.48371641875 0.463906965625 0.4991280921875 0.463906965625 0.4991280921875 0.4464715359375 0.48371641875 0.4464715359375
2 0.47075659999999997 0.44896231249999996 0.47075659999999997 0.463906965625 0.486168275 0.463906965625 0.486168275 0.44896231249999996 0.47075659999999997 0.44896231249999996
2 0.45394386249999996 0.4539438640625 0.45394386249999996 0.46888851875000004 0.4707565984375 0.46888851875000004 0.4707565984375 0.4539438640625 0.45394386249999996 0.4539438640625
2 0.43853218906249997 0.4464715359375 0.43853218906249997 0.47387006875 0.45254280312499995 0.47387006875 0.45254280312499995 0.4464715359375 0.43853218906249997 0.4464715359375
2 0.41891733281250004 0.45145308906250003 0.41891733281250004 0.47885162187499997 0.43853218906249997 0.47885162187499997 0.43853218906249997 0.45145308906250003 0.41891733281250004 0.45145308906250003
2 0.5127884390624999 0.4414899859375 0.5127884390624999 0.463906965625 0.5310022375 0.463906965625 0.5310022375 0.4414899859375 0.5127884390624999 0.4414899859375
2 0.529601175 0.43899920937500003 0.529601175 0.46639774218749996 0.5408096671875 0.46639774218749996 0.5408096671875 0.43899920937500003 0.529601175 0.43899920937500003
2 0.540809665625 0.43650843437500003 0.540809665625 0.47137929375 0.5674298296875 0.47137929375 0.5674298296875 0.43650843437500003 0.540809665625 0.43650843437500003
2 0.5688308906249999 0.4340176578125 0.5688308906249999 0.4863239484375 0.5884457484375 0.4863239484375 0.5884457484375 0.4340176578125 0.5688308906249999 0.4340176578125
2 0.58144044375 0.42156378125 0.58144044375 0.4962870515625 0.6290765281249999 0.4962870515625 0.6290765281249999 0.42156378125 0.58144044375 0.42156378125
2 0.6080606093750001 0.42903610781249996 0.6080606093750001 0.5062501546875 0.637482896875 0.5062501546875 0.637482896875 0.42903610781249996 0.6080606093750001 0.42903610781249996
2 0.38809398281249996 0.44896231249999996 0.38809398281249996 0.488814721875 0.41891733125 0.488814721875 0.41891733125 0.44896231249999996 0.38809398281249996 0.44896231249999996
2 0.312436671875 0.4589254171875 0.312436671875 0.51870403125 0.3614738171875 0.51870403125 0.3614738171875 0.4589254171875 0.312436671875 0.4589254171875
2 0.254993159375 0.46141619218749996 0.254993159375 0.5386302359374999 0.2956239359375 0.5386302359374999 0.2956239359375 0.46141619218749996 0.254993159375 0.46141619218749996
2 0.156918865625 0.4414899859375 0.156918865625 0.5585564390625 0.25779528125 0.5585564390625 0.25779528125 0.4414899859375 0.156918865625 0.4414899859375
2 0 0.6183350578125 0.16392417343750001 0.6183350578125 0.16392417343750001 0.4639069671875 0 0.4639069671875 0 0.6183350578125
2 0.6294267921875 0.40412835156250004 0.6294267921875 0.5236855828125 0.7232979015625001 0.5236855828125 0.7232979015625001 0.40412835156250004 0.6294267921875 0.40412835156250004
2 0.7289021453125 0.26713568906249996 0.7289021453125 0.61086273125 0.9979059156250001 0.61086273125 0.9979059156250001 0.26713568906249996 0.7289021453125 0.26713568906249996
2 0.9236496671875001 0.294534221875 0.9236496671875001 0.6656597953125 0.9993069796875 0.6656597953125 0.9993069796875 0.294534221875 0.9236496671875001 0.294534221875
2 0.5001788875 0.44398076093750005 0.5001788875 0.46639774375 0.50718419375 0.46639774375 0.50718419375 0.44398076093750005 0.5001788875 0.44398076093750005