2 0.2682398734375 0.5035795421875 0.2682398734375 0.5157198359375 0.281897709375 0.5157198359375 0.281897709375 0.5035795421875 0.2682398734375 0.5035795421875
2 0.258679390625 0.4890111859375 0.258679390625 0.5181478984375001 0.27370300937500003 0.5181478984375001 0.27370300937500003 0.4890111859375 0.258679390625 0.4890111859375
2 0.2395584203125 0.498723421875 0.2395584203125 0.5181479 0.2573136078125 0.5181479 0.2573136078125 0.498723421875 0.2395584203125 0.498723421875
2 0.21907167031250002 0.4890111859375 0.21907167031250002 0.520575959375 0.242289990625 0.520575959375 0.242289990625 0.4890111859375 0.21907167031250002 0.4890111859375
2 0.052446084375 0.47444282812500005 0.052446084375 0.5254320781249999 0.120735259375 0.5254320781249999 0.120735259375 0.47444282812500005 0.052446084375 0.47444282812500005
2 0.016935714062500003 0.46230252812500006 0.016935714062500003 0.5254320781249999 0.0770301890625 0.5254320781249999 0.0770301890625 0.46230252812500006 0.016935714062500003 0.46230252812500006
2 0.4212076234375 0.5060076015625 0.4212076234375 0.52300401875 0.434865459375 0.52300401875 0.434865459375 0.5060076015625 0.4212076234375 0.5060076015625
6 0.4075497890625 0.484155065625 0.4075497890625 0.50357954375 0.42530497343749996 0.50357954375 0.42530497343749996 0.484155065625 0.4075497890625 0.484155065625
2 0.39389195312499997 0.5035795421875 0.39389195312499997 0.5181478984375001 0.4048182234375 0.5181478984375001 0.4048182234375 0.5035795421875 0.39389195312499997 0.5035795421875
2 0.40208665625 0.50115148125 0.40208665625 0.5375723765625 0.426670759375 0.5375723765625 0.426670759375 0.50115148125 0.40208665625 0.50115148125
2 0.4375970234375 0.498723421875 0.4375970234375 0.537572375 0.46491269375 0.537572375 0.46491269375 0.498723421875 0.4375970234375 0.498723421875
2 0.5031546312499999 0.5060076015625 0.5031546312499999 0.549712671875 0.5413965703125 0.549712671875 0.5413965703125 0.5060076015625 0.5031546312499999 0.5060076015625
2 0.27370300937500003 0.47687088749999995 0.27370300937500003 0.59341774375 0.38842882031250003 0.59341774375 0.38842882031250003 0.47687088749999995 0.27370300937500003 0.47687088749999995
2 0.5990667546874999 0.47687088749999995 0.5990667546874999 0.5667784484375 0.669780215625 0.5667784484375 0.669780215625 0.47687088749999995 0.5990667546874999 0.47687088749999995