2 0.4218747109375 0.44179657031249997 0.4218747109375 0.46054655625 0.43110322031250004 0.46054655625 0.43110322031250004 0.44179657031249997 0.4218747109375 0.44179657031249997
2 0.420556353125 0.44414031875 0.420556353125 0.469921553125 0.4271481453125 0.469921553125 0.4271481453125 0.44414031875 0.420556353125 0.44414031875
2 0.4166012765625 0.44179657031249997 0.4166012765625 0.46992155 0.4245114265625 0.46992155 0.4245114265625 0.44179657031249997 0.4166012765625 0.44179657031249997
2 0.4060544078125 0.43007783125000004 0.4060544078125 0.48164029375000006 0.420556353125 0.48164029375000006 0.420556353125 0.43007783125000004 0.4060544078125 0.43007783125000004
2 0.39418918281250004 0.43476532656250005 0.39418918281250004 0.48632779218750005 0.410009484375 0.48632779218750005 0.410009484375 0.43476532656250005 0.39418918281250004 0.43476532656250005
2 0.3625485796875 0.42773408125 0.3625485796875 0.49804653125 0.4020993328125 0.49804653125 0.4020993328125 0.42773408125 0.3625485796875 0.42773408125
2 0.324316184375 0.43242157812500004 0.324316184375 0.5121090234375 0.3796872390625 0.5121090234375 0.3796872390625 0.43242157812500004 0.324316184375 0.43242157812500004
2 0.242577959375 0.38789035781250003 0.242577959375 0.5660152359375 0.3282712578125 0.5660152359375 0.3282712578125 0.38789035781250003 0.242577959375 0.38789035781250003
2 0.4561520296875 0.44414031875 0.4561520296875 0.46523405625 0.4653805390625 0.46523405625 0.4653805390625 0.44414031875 0.4561520296875 0.44414031875
2 0.4627438234375 0.44179657031249997 0.4627438234375 0.46523405625 0.4746090484375 0.46523405625 0.4746090484375 0.44179657031249997 0.4627438234375 0.44179657031249997
2 0.47065397343750004 0.4394528234375 0.47065397343750004 0.4722653015625 0.4825191984375 0.4722653015625 0.4825191984375 0.4394528234375 0.47065397343750004 0.4394528234375
2 0.47592740781250004 0.44179657031249997 0.47592740781250004 0.47929654531250004 0.4917477078125 0.47929654531250004 0.4917477078125 0.44179657031249997 0.47592740781250004 0.44179657031249997
2 0.48383755781250004 0.4394528234375 0.48383755781250004 0.48164029687500004 0.5022945765625 0.48164029687500004 0.5022945765625 0.4394528234375 0.48383755781250004 0.4394528234375
2 0.49306606718749996 0.43710907656250003 0.49306606718749996 0.49101528749999995 0.5299801046875 0.49101528749999995 0.5299801046875 0.43710907656250003 0.49306606718749996 0.43710907656250003
2 0.507568009375 0.4464840671875 0.507568009375 0.507421525 0.52998010625 0.507421525 0.52998010625 0.4464840671875 0.507568009375 0.4464840671875
2 0.514159803125 0.44414031875 0.514159803125 0.5144527703125 0.552392196875 0.5144527703125 0.552392196875 0.44414031875 0.514159803125 0.44414031875
2 0.5352535375 0.43007783125000004 0.5352535375 0.5378902562500001 0.5840328015625 0.5378902562500001 0.5840328015625 0.43007783125000004 0.5352535375 0.43007783125000004
2 0.5616207078125 0.43007783125000004 0.5616207078125 0.5636714890625 0.657860875 0.5636714890625 0.657860875 0.43007783125000004 0.5616207078125 0.43007783125000004
2 0.6224464671875001 0.3857809875 0.6224464671875001 0.6623432953124999 0.8610693484375 0.6623432953124999 0.8610693484375 0.3857809875 0.6224464671875001 0.3857809875
2 0.075327703125 0.3693747453125 0.075327703125 0.6201558234375 0.2941752078125 0.6201558234375 0.2941752078125 0.3693747453125 0.075327703125 0.3693747453125
2 0 0.51703089375 0.0871929296875 0.51703089375 0.0871929296875 0.40921846874999995 0 0.40921846874999995 0 0.51703089375
2 0.7674659 0.3389060171875 0.7674659 0.88265564375 0.9994969906250001 0.88265564375 0.9994969906250001 0.3389060171875 0.7674659 0.3389060171875