4 0.144710859375 0.2163329734375 0.144710859375 0.33281995625 0.17279254375 0.33281995625 0.17279254375 0.2163329734375 0.144710859375 0.2163329734375
4 0.1599217734375 0.2080124734375 0.1599217734375 0.36610195624999997 0.21023478906249998 0.36610195624999997 0.21023478906249998 0.2080124734375 0.1599217734375 0.2080124734375
4 0.1751326828125 0.218413096875 0.1751326828125 0.2953777140625 0.19736401718750002 0.2953777140625 0.19736401718750002 0.218413096875 0.1751326828125 0.218413096875
4 0.5706164 0.2329739703125 0.5706164 0.395223703125 0.6022082953125001 0.395223703125 0.6022082953125001 0.2329739703125 0.5706164 0.2329739703125
4 0.6806029953125 0.23921434531250002 0.6806029953125 0.39938395312499997 0.7157051015625 0.39938395312499997 0.7157051015625 0.23921434531250002 0.6806029953125 0.23921434531250002
4 0.7086846796875 0.22673359531249998 0.7086846796875 0.4035441984375 0.7344262234375 0.4035441984375 0.7344262234375 0.22673359531249998 0.7086846796875 0.22673359531249998
4 0.7157051015625 0.22049322187499998 0.7157051015625 0.40562432187499997 0.7554874875 0.40562432187499997 0.7554874875 0.22049322187499998 0.7157051015625 0.22049322187499998
2 0.7449568546875 0.2641758421875 0.7449568546875 0.35362120625000004 0.778888890625 0.35362120625000004 0.778888890625 0.2641758421875 0.7449568546875 0.2641758421875
2 0.36000377031249997 0.195531725 0.36000377031249997 0.42642557343750004 0.49339177031250003 0.42642557343750004 0.49339177031250003 0.195531725 0.36000377031249997 0.195531725
6 0.0007922296875 0 0.0007922296875 0.5949156765625 0.1704524046875 0.5949156765625 0.1704524046875 0 0.0007922296875 0
2 0.1657721234375 0.21217272343750002 0.1657721234375 0.721803284375 0.5015822609375 0.721803284375 0.5015822609375 0.21217272343750002 0.1657721234375 0.21217272343750002
4 0.52381359375 0.22049322187499998 0.52381359375 0.399383946875 0.58114703125 0.399383946875 0.58114703125 0.22049322187499998 0.52381359375 0.22049322187499998