2 0.197016790625 0.33528985625 0.197016790625 0.3471916265625 0.21805741875 0.3471916265625 0.21805741875 0.33528985625 0.197016790625 0.33528985625
2 0.39785915 0.29958454687499997 0.39785915 0.3097860625 0.4131614265625 0.3097860625 0.4131614265625 0.29958454687499997 0.39785915 0.29958454687499997
2 0.4495043296875 0.3556928765625 0.4495043296875 0.3777961609375 0.45906824999999996 0.3777961609375 0.45906824999999996 0.3556928765625 0.4495043296875 0.3556928765625
2 0.431332878125 0.3488918640625 0.431332878125 0.40159969999999995 0.4542862890625 0.40159969999999995 0.4542862890625 0.3488918640625 0.431332878125 0.3488918640625
6 0.35195232656250003 0.330274103125 0.35195232656250003 0.435689775 0.44567875937499996 0.435689775 0.44567875937499996 0.330274103125 0.35195232656250003 0.330274103125
6 0.277353734375 0.3132715765625 0.277353734375 0.3506771375 0.3117838546875 0.3506771375 0.3117838546875 0.3132715765625 0.277353734375 0.3132715765625
6 0.32517334375 0.32517334375 0.32517334375 0.3523773890625 0.3548215015625 0.3523773890625 0.3548215015625 0.32517334375 0.32517334375 0.32517334375
2 0.4686321734375 0.3600285265625 0.4686321734375 0.3923333296875 0.49062919374999997 0.3923333296875 0.49062919374999997 0.3600285265625 0.4686321734375 0.3600285265625
2 0.5068878609375 0.346426503125 0.5068878609375 0.43313939375 0.566184175 0.43313939375 0.566184175 0.346426503125 0.5068878609375 0.346426503125
2 0 0.33622498749999996 0.015302275 0.33622498749999996 0.015302275 0.32262296562500004 0 0.32262296562500004 0 0.33622498749999996
2 0.28022291093749996 0.2971191734375 0.28022291093749996 0.3039201828125 0.2945687921875 0.3039201828125 0.2945687921875 0.2971191734375 0.28022291093749996 0.2971191734375
2 0.24674918437499999 0.2954189203125 0.24674918437499999 0.303920184375 0.2630078515625 0.303920184375 0.2630078515625 0.2954189203125 0.24674918437499999 0.2954189203125