2 0.4902703171875 0.2757295015625 0.4902703171875 0.35271890781250004 0.5446552765625 0.35271890781250004 0.5446552765625 0.2757295015625 0.4902703171875 0.2757295015625
2 0.2807875140625 0.297214915625 0.2807875140625 0.35092845625 0.33315821562500003 0.35092845625 0.33315821562500003 0.297214915625 0.2807875140625 0.297214915625
4 0.1700033390625 0.2775199515625 0.1700033390625 0.3545093578125 0.18712452968749999 0.3545093578125 0.18712452968749999 0.2775199515625 0.1700033390625 0.2775199515625
2 0.3291297 0.3061671734375 0.3291297 0.35092845625 0.351286534375 0.35092845625 0.351286534375 0.3061671734375 0.3291297 0.3061671734375
2 0.35027940625 0.3097480765625 0.35027940625 0.343766653125 0.3694148546875 0.343766653125 0.3694148546875 0.3097480765625 0.35027940625 0.3097480765625
2 0.3684077265625 0.3222812359375 0.3684077265625 0.3491380046875 0.3835146578125 0.3491380046875 0.3835146578125 0.3222812359375 0.3684077265625 0.3222812359375
2 0.382507528125 0.3330239421875 0.382507528125 0.3473475546875 0.393585946875 0.3473475546875 0.393585946875 0.3330239421875 0.382507528125 0.3330239421875
2 0.406678621875 0.3330239421875 0.406678621875 0.3419762 0.41574278124999997 0.3419762 0.41574278124999997 0.3330239421875 0.406678621875 0.3330239421875
2 0.41070713750000004 0.318700334375 0.41070713750000004 0.33302394375 0.42178555468749995 0.33302394375 0.42178555468749995 0.318700334375 0.41070713750000004 0.318700334375
2 0.45300655 0.311538528125 0.45300655 0.3401857484375 0.46408496718750003 0.3401857484375 0.46408496718750003 0.311538528125 0.45300655 0.311538528125
2 0.4691206125 0.313328978125 0.4691206125 0.3473475546875 0.4771776421875 0.3473475546875 0.4771776421875 0.313328978125 0.4691206125 0.313328978125
2 0.47516338437499994 0.2936340140625 0.47516338437499994 0.343766653125 0.49228457499999995 0.343766653125 0.49228457499999995 0.2936340140625 0.47516338437499994 0.2936340140625
2 0.9757064265625001 0.2560345375 0.9757064265625001 0.329443040625 0.9998775203125 0.329443040625 0.9998775203125 0.2560345375 0.9757064265625001 0.2560345375