2 0.425991028125 0.46964075781250003 0.425991028125 0.48350469062499996 0.43573910624999995 0.48350469062499996 0.43573910624999995 0.46964075781250003 0.425991028125 0.46964075781250003
2 0.41136891093749994 0.47137375 0.41136891093749994 0.4817717 0.42014218281250004 0.4817717 0.42014218281250004 0.47137375 0.41136891093749994 0.47137375
2 0.39187275312500003 0.46964075781250003 0.39187275312500003 0.48697067499999996 0.4055200640625 0.48697067499999996 0.4055200640625 0.46964075781250003 0.39187275312500003 0.46964075781250003
2 0.380175059375 0.46790776718749993 0.380175059375 0.4852376828125 0.38992313749999996 0.4852376828125 0.38992313749999996 0.46790776718749993 0.380175059375 0.46790776718749993
2 0.364578134375 0.47137375 0.364578134375 0.48697067499999996 0.383099484375 0.48697067499999996 0.383099484375 0.47137375 0.364578134375 0.47137375
2 0.3528804390625 0.47310674218750004 0.3528804390625 0.4887036671875 0.363603328125 0.4887036671875 0.363603328125 0.47310674218750004 0.3528804390625 0.47310674218750004
2 0.3285102421875 0.47310674218750004 0.3285102421875 0.4887036671875 0.3470315921875 0.4887036671875 0.3470315921875 0.47310674218750004 0.3285102421875 0.47310674218750004
2 0.29926600937500003 0.47137375 0.29926600937500003 0.493902640625 0.3255858203125 0.493902640625 0.3255858203125 0.47137375 0.29926600937500003 0.47137375
2 0.27099658125000003 0.46964075781250003 0.27099658125000003 0.49563563125 0.289517928125 0.49563563125 0.289517928125 0.46964075781250003 0.27099658125000003 0.46964075781250003
2 0.2563744625 0.474839734375 0.2563744625 0.49910161875 0.2748958125 0.49910161875 0.2748958125 0.474839734375 0.2563744625 0.474839734375
2 0.2017852234375 0.46790776718749993 0.2017852234375 0.49563563125 0.22225618906250003 0.49563563125 0.22225618906250003 0.46790776718749993 0.2017852234375 0.46790776718749993
2 0.203734840625 0.47310674218750004 0.203734840625 0.507766575 0.251500425 0.507766575 0.251500425 0.47310674218750004 0.203734840625 0.47310674218750004
2 0.11502732499999999 0.46444178125 0.11502732499999999 0.5112325609374999 0.165717334375 0.5112325609374999 0.165717334375 0.46444178125 0.11502732499999999 0.46444178125
2 0 0.53029546875 0.07700981875 0.53029546875 0.07700981875 0.4663637484375 0 0.4663637484375 0 0.53029546875
2 0.49617719375 0.47310674218750004 0.49617719375 0.497368625 0.5098245046875001 0.497368625 0.5098245046875001 0.47310674218750004 0.49617719375 0.47310674218750004
2 0.5273710453125 0.474839734375 0.5273710453125 0.49910161875 0.5429679703125 0.49910161875 0.5429679703125 0.474839734375 0.5273710453125 0.474839734375
2 0.5478420093749999 0.4661747734375 0.5478420093749999 0.5164315375 0.582935090625 0.5164315375 0.582935090625 0.4661747734375 0.5478420093749999 0.4661747734375
1 0.5419931640625 0.44017989843749994 0.5419931640625 0.4783057171875 0.5722122046875 0.4783057171875 0.5722122046875 0.44017989843749994 0.5419931640625 0.44017989843749994
2 0.5156733499999999 0.46964075781250003 0.5156733499999999 0.4887036671875 0.521522196875 0.4887036671875 0.521522196875 0.46964075781250003 0.5156733499999999 0.46964075781250003
2 0.5224970046874999 0.46964075781250003 0.5224970046874999 0.49216965 0.5273710453125 0.49216965 0.5273710453125 0.46964075781250003 0.5224970046874999 0.46964075781250003
6 0.62192740625 0.4661747734375 0.62192740625 0.5077665796875 0.6589701031249999 0.5077665796875 0.6589701031249999 0.4661747734375 0.62192740625 0.4661747734375
2 0.8451584015625 0.4783057171875 0.8451584015625 0.59614915625 0.9718834218750001 0.59614915625 0.9718834218750001 0.4783057171875 0.8451584015625 0.4783057171875