2 0.4503911203125 0.5019649578125 0.4503911203125 0.518289021875 0.4604916375 0.518289021875 0.4604916375 0.5019649578125 0.4503911203125 0.5019649578125
2 0.4595734078125 0.487273303125 0.4595734078125 0.5215538375000001 0.4779379796875 0.5215538375000001 0.4779379796875 0.487273303125 0.4595734078125 0.487273303125
2 0.46875569375000004 0.49543533437500004 0.46875569375000004 0.53298068125 0.491711409375 0.53298068125 0.491711409375 0.49543533437500004 0.46875569375000004 0.49543533437500004
2 0.484365578125 0.492170521875 0.484365578125 0.5411427109375 0.5220129515624999 0.5411427109375 0.5220129515624999 0.492170521875 0.484365578125 0.492170521875
2 0.51374889375 0.492170521875 0.51374889375 0.5525695578125001 0.5431322093750001 0.5525695578125001 0.5431322093750001 0.492170521875 0.51374889375 0.492170521875
2 0.34754951875 0.49543533437500004 0.34754951875 0.52481865 0.3649958625 0.52481865 0.3649958625 0.49543533437500004 0.34754951875 0.49543533437500004
2 0.3383672328125 0.4987001484375 0.3383672328125 0.52645105625 0.35397711875 0.52645105625 0.35397711875 0.4987001484375 0.3383672328125 0.4987001484375
2 0.31632974687500004 0.5003325546874999 0.31632974687500004 0.5346130890625 0.342958375 0.5346130890625 0.342958375 0.5003325546874999 0.31632974687500004 0.5003325546874999
2 0.2956696046875 0.490538115625 0.2956696046875 0.5411427125 0.319543546875 0.5411427125 0.319543546875 0.490538115625 0.2956696046875 0.490538115625
2 0.5256858656250001 0.49625153749999995 0.5256858656250001 0.569709825 0.5853707234375001 0.569709825 0.5853707234375001 0.49625153749999995 0.5256858656250001 0.49625153749999995
2 0.259858690625 0.4925786234375 0.259858690625 0.5513452531249999 0.304851890625 0.5513452531249999 0.304851890625 0.4925786234375 0.259858690625 0.4925786234375
2 0.3716530203125 0.49747584375000004 0.3716530203125 0.52685915625 0.39369050625 0.52685915625 0.39369050625 0.49747584375000004 0.3716530203125 0.49747584375000004
2 0.4019545640625 0.49421102968749997 0.4019545640625 0.510535090625 0.4129733046875 0.510535090625 0.4129733046875 0.49421102968749997 0.4019545640625 0.49421102968749997
2 0.435929021875 0.4925786234375 0.435929021875 0.5089026859375 0.44694776249999996 0.5089026859375 0.44694776249999996 0.4925786234375 0.435929021875 0.4925786234375
5 0.5684164546875 0.45000000937499995 0.5684164546875 0.5409326546875 0.5920239671874999 0.5409326546875 0.5920239671874999 0.45000000937499995 0.5684164546875 0.45000000937499995
0 0.56789185 0.503626953125 0.56789185 0.5782383546875 0.5941224218750001 0.5782383546875 0.5941224218750001 0.503626953125 0.56789185 0.503626953125