2 0.54715404375 0.3961151703125 0.54715404375 0.4210766671875 0.557684675 0.4210766671875 0.557684675 0.3961151703125 0.54715404375 0.3961151703125
2 0.5342832734375 0.3981952953125 0.5342832734375 0.43771766718749994 0.551834325 0.43771766718749994 0.551834325 0.3981952953125 0.5342832734375 0.3981952953125
2 0.5249227109375 0.3981952953125 0.5249227109375 0.43771766718749994 0.5401336234375 0.43771766718749994 0.5401336234375 0.3981952953125 0.5249227109375 0.3981952953125
2 0.5155621484374999 0.3961151703125 0.5155621484374999 0.4460381640625 0.5389635515625 0.4460381640625 0.5389635515625 0.3961151703125 0.5155621484374999 0.3961151703125
2 0.49567095625 0.3981952953125 0.49567095625 0.45851891250000004 0.5284329203125 0.45851891250000004 0.5284329203125 0.3981952953125 0.49567095625 0.3981952953125
2 0.4757797640625 0.40235554531249995 0.4757797640625 0.46891953906249995 0.5155621484374999 0.46891953906249995 0.5155621484374999 0.40235554531249995 0.4757797640625 0.40235554531249995
2 0.43365723906250003 0.40443567031249994 0.43365723906250003 0.48348041249999996 0.5062015875 0.48348041249999996 0.5062015875 0.40443567031249994 0.43365723906250003 0.40443567031249994
4 0.41610618437499997 0.387794671875 0.41610618437499997 0.4793201609375 0.4324871671875 0.4793201609375 0.4324871671875 0.387794671875 0.41610618437499997 0.387794671875
4 0.3880245015625 0.385714546875 0.3880245015625 0.48972078437500005 0.41025583593750004 0.48972078437500005 0.41025583593750004 0.385714546875 0.3880245015625 0.385714546875
4 0.3728135890625 0.3815542984375 0.3728135890625 0.4959611609375 0.393874853125 0.4959611609375 0.393874853125 0.3815542984375 0.3728135890625 0.3815542984375
4 0.20081327343750002 0.366993425 0.20081327343750002 0.43355741875 0.2218745359375 0.43355741875 0.2218745359375 0.366993425 0.20081327343750002 0.366993425
4 0.2604868546875 0.360753053125 0.2604868546875 0.4793201609375 0.2815481171875 0.4793201609375 0.2815481171875 0.360753053125 0.2604868546875 0.360753053125
4 0.0615749265625 0.35243255156250003 0.0615749265625 0.556284778125 0.14113969531249998 0.556284778125 0.14113969531249998 0.35243255156250003 0.0615749265625 0.35243255156250003
4 0.018282328125 0.3711536765625 0.018282328125 0.5105220312500001 0.0475340828125 0.5105220312500001 0.0475340828125 0.3711536765625 0.018282328125 0.3711536765625
4 0.006581628125 0.3794741734375 0.006581628125 0.4938810359375 0.02413268125 0.4938810359375 0.02413268125 0.3794741734375 0.006581628125 0.3794741734375
4 0.7460659703125 0.3711536765625 0.7460659703125 0.460599040625 0.7612768828124999 0.460599040625 0.7612768828124999 0.3711536765625 0.7460659703125 0.3711536765625
4 0.756596603125 0.362833175 0.756596603125 0.45227854062499995 0.769467375 0.45227854062499995 0.769467375 0.362833175 0.756596603125 0.362833175
4 0.7671272359375 0.3649133 0.7671272359375 0.45227854062499995 0.7799980078125001 0.45227854062499995 0.7799980078125001 0.3649133 0.7671272359375 0.3649133
4 0.7776578640625 0.3649133 0.7776578640625 0.4959611609375 0.7975490578125 0.4959611609375 0.7975490578125 0.3649133 0.7776578640625 0.3649133
4 0.79403885 0.3649133 0.79403885 0.48972078437500005 0.812759971875 0.48972078437500005 0.812759971875 0.3649133 0.79403885 0.3649133
4 0.8326511640625001 0.3441120546875 0.8326511640625001 0.42731704531250003 0.8455219359375 0.42731704531250003 0.8455219359375 0.3441120546875 0.8326511640625001 0.3441120546875
4 0.8151001109375 0.3649133 0.8151001109375 0.460599040625 0.8338212328125 0.460599040625 0.8338212328125 0.3649133 0.8151001109375 0.3649133
4 0.8396715875 0.3545126765625 0.8396715875 0.4938810359375 0.8619029203125 0.4938810359375 0.8619029203125 0.3545126765625 0.8396715875 0.3545126765625
2 0.5904466421875 0.3961151703125 0.5904466421875 0.42523691875 0.60448748125 0.42523691875 0.60448748125 0.3961151703125 0.5904466421875 0.3961151703125
2 0.6091677625 0.3981952953125 0.6091677625 0.4210766671875 0.61969839375 0.4210766671875 0.61969839375 0.3981952953125 0.6091677625 0.3981952953125
2 0.5494941843750001 0.3961151703125 0.5494941843750001 0.460599040625 0.590446640625 0.460599040625 0.590446640625 0.3961151703125 0.5494941843750001 0.3961151703125
2 0.6150181140625001 0.3794741734375 0.6150181140625001 0.460599040625 0.668841340625 0.460599040625 0.668841340625 0.3794741734375 0.6150181140625001 0.3794741734375
2 0.6817121125 0.387794671875 0.6817121125 0.4481182890625 0.7542564640625 0.4481182890625 0.7542564640625 0.387794671875 0.6817121125 0.387794671875
4 0.6524603578125 0.35659280312499997 0.6524603578125 0.4980412828125 0.6969230234375 0.4980412828125 0.6969230234375 0.35659280312499997 0.6524603578125 0.35659280312499997
4 0.5576846734375 0.3961151703125 0.5576846734375 0.4959611609375 0.58225615 0.4959611609375 0.58225615 0.3961151703125 0.5576846734375 0.3961151703125