2 0.0011873359375 0.4147757953125 0.0011873359375 0.44643806875000003 0.0379947296875 0.44643806875000003 0.0379947296875 0.4147757953125 0.0011873359375 0.4147757953125
2 0.0534300875 0.4112601296875 0.0534300875 0.43588397968750003 0.0781861609375 0.43588397968750003 0.0781861609375 0.4112601296875 0.0534300875 0.4112601296875
2 0.11160951875 0.44221643281249995 0.11160951875 0.4844328015625 0.147229575 0.4844328015625 0.147229575 0.44221643281249995 0.11160951875 0.44221643281249995
2 0.04986808125 0.43588397968750003 0.04986808125 0.46965706875 0.0807388 0.46965706875 0.0807388 0.43588397968750003 0.04986808125 0.43588397968750003
2 0.2042216703125 0.408443340625 0.2042216703125 0.433773159375 0.23390505 0.433773159375 0.23390505 0.408443340625 0.2042216703125 0.408443340625
2 0.18641164062499999 0.41688661250000003 0.18641164062499999 0.43799479531249996 0.200659665625 0.43799479531249996 0.200659665625 0.41688661250000003 0.18641164062499999 0.41688661250000003
2 0.1211082 0.4189974328125 0.1211082 0.440105615625 0.13891823125 0.440105615625 0.13891823125 0.4189974328125 0.1211082 0.4189974328125
2 0.2825858 0.42532988749999995 0.2825858 0.44221643281249995 0.2908971453125 0.44221643281249995 0.2908971453125 0.42532988749999995 0.2825858 0.42532988749999995
2 0.290897146875 0.43588397968750003 0.290897146875 0.45065970625 0.31226918124999997 0.45065970625 0.31226918124999997 0.43588397968750003 0.290897146875 0.43588397968750003
2 0.26121376406249996 0.4232190703125 0.26121376406249996 0.4569921578125 0.28377313437499996 0.4569921578125 0.28377313437499996 0.4232190703125 0.26121376406249996 0.4232190703125
2 0.320580528125 0.44221643281249995 0.320580528125 0.4612138 0.331266546875 0.4612138 0.331266546875 0.44221643281249995 0.320580528125 0.44221643281249995
2 0.327704540625 0.437994796875 0.327704540625 0.4654354328125 0.340765228125 0.4654354328125 0.340765228125 0.437994796875 0.327704540625 0.437994796875
2 0.33482855312500004 0.44432725156249997 0.33482855312500004 0.4802111625 0.35620058593750004 0.4802111625 0.35620058593750004 0.44432725156249997 0.33482855312500004 0.44432725156249997
2 0.1591029296875 0.44802118281250003 0.1591029296875 0.50290245625 0.227968378125 0.50290245625 0.227968378125 0.44802118281250003 0.1591029296875 0.44802118281250003
2 0.2730871171875 0.44379954687499995 0.2730871171875 0.5007916421874999 0.3110818453125 0.5007916421874999 0.3110818453125 0.44379954687499995 0.2730871171875 0.44379954687499995
2 0.36284656875 0.4522428203125 0.36284656875 0.49059985937499995 0.387342540625 0.49059985937499995 0.387342540625 0.4522428203125 0.36284656875 0.4522428203125
2 0.3906333125 0.4965700046875 0.3906333125 0.5535620953125 0.43337738437500006 0.5535620953125 0.43337738437500006 0.4965700046875 0.3906333125 0.4965700046875
2 0.412005346875 0.5050132765625001 0.412005346875 0.5810027375 0.46899744062500004 0.5810027375 0.46899744062500004 0.5050132765625001 0.412005346875 0.5050132765625001
2 0.4440634 0.51556736875 0.4440634 0.6147758296875 0.5141161828125 0.6147758296875 0.5141161828125 0.51556736875 0.4440634 0.51556736875
2 0.49321907343750004 0.48970984531250006 0.49321907343750004 0.6923483984375001 0.6630080203125 0.6923483984375001 0.6630080203125 0.48970984531250006 0.49321907343750004 0.48970984531250006
2 0 0.7978893171875 0.1258575421875 0.7978893171875 0.1258575421875 0.453825934375 0 0.453825934375 0 0.7978893171875
2 0.6286940375000001 0.57097635 0.6286940375000001 0.9445911875 0.9979553125 0.9445911875 0.9979553125 0.57097635 0.6286940375000001 0.57097635
2 0.079717159375 0.4112601296875 0.079717159375 0.43847787499999996 0.11875761250000001 0.43847787499999996 0.11875761250000001 0.4112601296875 0.079717159375 0.4112601296875