2 0.0019496156250000001 0.552824359375 0.0019496156250000001 0.9514124562499999 0.154071421875 0.9514124562499999 0.154071421875 0.552824359375 0.0019496156250000001 0.552824359375
2 0.1969111859375 0.59095018125 0.1969111859375 0.7330555015625 0.3353339 0.7330555015625 0.3353339 0.59095018125 0.1969111859375 0.59095018125
2 0.3528804390625 0.5788192359375001 0.3528804390625 0.6290759953125 0.3889483296875 0.6290759953125 0.3889483296875 0.5788192359375001 0.3528804390625 0.5788192359375001
2 0.89682321875 0.5983825515625 0.89682321875 0.9583444249999999 0.9988620812500001 0.9583444249999999 0.9988620812500001 0.5983825515625 0.89682321875 0.5983825515625
2 0.67164260625 0.5580233359375 0.67164260625 0.7885112359375 0.9075461031250001 0.7885112359375 0.9075461031250001 0.5580233359375 0.67164260625 0.5580233359375
2 0.5907335546875 0.56668829375 0.5907335546875 0.7053276312500001 0.6979624171875 0.7053276312500001 0.6979624171875 0.56668829375 0.5907335546875 0.56668829375
2 0.540043546875 0.5736202609375 0.540043546875 0.662002840625 0.6063304796875 0.662002840625 0.6063304796875 0.5736202609375 0.540043546875 0.5736202609375
2 0.5224970046874999 0.56148931875 0.5224970046874999 0.6412069390624999 0.56928778125 0.6412069390624999 0.56928778125 0.56148931875 0.5224970046874999 0.56148931875
2 0.50397565625 0.564955303125 0.50397565625 0.6273430046875 0.536144315625 0.6273430046875 0.536144315625 0.564955303125 0.50397565625 0.564955303125
2 0.494227578125 0.5684212843750001 0.494227578125 0.6204110375 0.51177411875 0.6204110375 0.51177411875 0.5684212843750001 0.494227578125 0.5684212843750001
2 0.4825298828125 0.5701542796875 0.4825298828125 0.6134790703124999 0.5010512328125001 0.6134790703124999 0.5010512328125001 0.5701542796875 0.4825298828125 0.5701542796875
2 0.4718069984375 0.5718872687500001 0.4718069984375 0.6048141140625 0.48447950000000006 0.6048141140625 0.48447950000000006 0.5718872687500001 0.4718069984375 0.5718872687500001
2 0.4571848796875 0.5510913687500001 0.4571848796875 0.5996151375000001 0.49227796250000005 0.5996151375000001 0.49227796250000005 0.5510913687500001 0.4571848796875 0.5510913687500001
2 0.4396383390625 0.56668829375 0.4396383390625 0.5944161609374999 0.45913449531249995 0.5944161609374999 0.45913449531249995 0.56668829375 0.4396383390625 0.56668829375
2 0.428915453125 0.564955303125 0.428915453125 0.5996151375000001 0.4464619953125 0.5996151375000001 0.4464619953125 0.564955303125 0.428915453125 0.564955303125
2 0.41526814375 0.5718872687500001 0.41526814375 0.592683171875 0.42989026093750005 0.592683171875 0.42989026093750005 0.5718872687500001 0.41526814375 0.5718872687500001
2 0.40454525625000004 0.5632223109375001 0.40454525625000004 0.5944161625 0.41721775625 0.5944161625 0.41721775625 0.5632223109375001 0.40454525625000004 0.5632223109375001
2 0.3967467921875 0.5701542796875 0.3967467921875 0.5978821453125 0.402595640625 0.5978821453125 0.402595640625 0.5701542796875 0.3967467921875 0.5701542796875
6 0.35415341875 0.54915293125 0.35415341875 0.582434928125 0.3752146828125 0.582434928125 0.3752146828125 0.54915293125 0.35415341875 0.54915293125