4 0.2904927390625 0.6013481296875 0.2904927390625 0.6464059140625 0.30608966249999997 0.6464059140625 0.30608966249999997 0.6013481296875 0.2904927390625 0.6013481296875
2 0.372376596875 0.5978821453125 0.372376596875 0.6689348046875 0.4055200640625 0.6689348046875 0.4055200640625 0.5978821453125 0.372376596875 0.5978821453125
2 0.5527160484375 0.6152120625 0.5527160484375 0.66893480625 0.5848847078125 0.66893480625 0.5848847078125 0.6152120625 0.5527160484375 0.6152120625
4 0.6755418375 0.6325419812499999 0.6755418375 0.6706677984375 0.6843151078124999 0.6706677984375 0.6843151078124999 0.6325419812499999 0.6755418375 0.6325419812499999
4 0.6609197203125 0.634274971875 0.6609197203125 0.6689348046875 0.6745670296874999 0.6689348046875 0.6745670296874999 0.634274971875 0.6609197203125 0.634274971875
4 0.6404487546875 0.6308089890625 0.6404487546875 0.6620028375 0.649222025 0.6620028375 0.649222025 0.6308089890625 0.6404487546875 0.6308089890625
4 0.6336250999999999 0.6308089890625 0.6336250999999999 0.6637358296875 0.6423983703125 0.6637358296875 0.6423983703125 0.6308089890625 0.6336250999999999 0.6308089890625
4 0.8636797515625 0.64293993125 0.8636797515625 0.69492968125 0.8753774453125001 0.69492968125 0.8753774453125001 0.64293993125 0.8636797515625 0.64293993125
4 0.848082825 0.639473946875 0.848082825 0.6914636984375 0.860755328125 0.6914636984375 0.860755328125 0.639473946875 0.848082825 0.639473946875
2 0.848082825 0.6464059140625 0.848082825 0.70012865625 0.895848409375 0.70012865625 0.895848409375 0.6464059140625 0.848082825 0.6464059140625
4 0.948488034375 0.644672921875 0.948488034375 0.6758667734375 0.9660345749999999 0.6758667734375 0.9660345749999999 0.644672921875 0.948488034375 0.644672921875
2 0.8861003328124999 0.66893480625 0.8861003328124999 0.821438078125 0.9972284265625 0.821438078125 0.9972284265625 0.66893480625 0.8861003328124999 0.66893480625
2 0.7057608796875 0.6204110375 0.7057608796875 0.7902442265625 0.860755328125 0.7902442265625 0.860755328125 0.6204110375 0.7057608796875 0.6204110375
2 0.3051148546875 0.585751203125 0.3051148546875 0.738254475 0.40454525781250006 0.738254475 0.40454525781250006 0.585751203125 0.3051148546875 0.585751203125
2 0.3977216 0.45404383125000003 0.3977216 0.8006421781249999 0.555640471875 0.8006421781249999 0.555640471875 0.45404383125000003 0.3977216 0.45404383125000003
4 0.23492869062500002 0.58748419375 0.23492869062500002 0.6152120625 0.24760119375 0.6152120625 0.24760119375 0.58748419375 0.23492869062500002 0.58748419375