2 0.001499628125 0.461550128125 0.001499628125 0.57796835625 0.1418954796875 0.57796835625 0.1418954796875 0.461550128125 0.001499628125 0.461550128125
2 0.0001812703125 0.45046183749999996 0.0001812703125 0.5114474421875 0.02260971875 0.5114474421875 0.02260971875 0.45046183749999996 0.0001812703125 0.45046183749999996
2 0.5324978687499999 0.474024459375 0.5324978687499999 0.5696609718750001 0.6073438375 0.5696609718750001 0.6073438375 0.474024459375 0.5324978687499999 0.474024459375
2 0.073286675 0.41442489374999997 0.073286675 0.5391681687500001 0.1785388171875 0.5391681687500001 0.1785388171875 0.41442489374999997 0.073286675 0.41442489374999997
2 0.173081296875 0.4906568953125 0.173081296875 0.521149696875 0.1800981078125 0.521149696875 0.1800981078125 0.4906568953125 0.173081296875 0.4906568953125
2 0.35473869687500004 0.47541049375 0.35473869687500004 0.5003591484375 0.374229834375 0.5003591484375 0.374229834375 0.47541049375 0.35473869687500004 0.47541049375
2 0.38748380937500004 0.4712523828125 0.38748380937500004 0.4989731125 0.40931388281250003 0.4989731125 0.40931388281250003 0.4712523828125 0.38748380937500004 0.4712523828125
2 0.4498554484375 0.4726384203125 0.4498554484375 0.5169915875 0.4794819765625 0.5169915875 0.4794819765625 0.4726384203125 0.4498554484375 0.4726384203125
2 0.47636339375 0.4684803125 0.47636339375 0.4906568953125 0.4880580765625 0.4906568953125 0.4880580765625 0.4684803125 0.47636339375 0.4684803125
2 0.60812348125 0.4726384203125 0.60812348125 0.5183776234375 0.6502243375 0.5183776234375 0.6502243375 0.4726384203125 0.60812348125 0.4726384203125
2 0.41866962656249995 0.4726384203125 0.41866962656249995 0.480954640625 0.42646608124999996 0.480954640625 0.42646608124999996 0.4726384203125 0.41866962656249995 0.4726384203125
2 0.42880501875 0.4712523828125 0.42880501875 0.48649878593749996 0.43738112031250004 0.48649878593749996 0.43738112031250004 0.4712523828125 0.42880501875 0.4712523828125
2 0.1816573984375 0.48649878593749996 0.1816573984375 0.5114474421875 0.20738569999999998 0.5114474421875 0.20738569999999998 0.48649878593749996 0.1816573984375 0.48649878593749996
2 0.187114915625 0.4712523828125 0.187114915625 0.5059032953125 0.2167414453125 0.5059032953125 0.2167414453125 0.4712523828125 0.187114915625 0.4712523828125