4 0.4657401515625 0.5460972843749999 0.4657401515625 0.6150221890625 0.48595368906249997 0.6150221890625 0.48595368906249997 0.5460972843749999 0.4657401515625 0.5460972843749999
4 0.301546440625 0.5460972843749999 0.301546440625 0.619145903125 0.320103146875 0.619145903125 0.320103146875 0.5460972843749999 0.301546440625 0.5460972843749999
2 0.02551546875 0.559352078125 0.02551546875 0.7696613921875 0.2423969484375 0.7696613921875 0.2423969484375 0.559352078125 0.02551546875 0.559352078125
2 0.21572168593750002 0.5737850703125 0.21572168593750002 0.713991278125 0.301546440625 0.713991278125 0.301546440625 0.5737850703125 0.21572168593750002 0.5737850703125
2 0.38698460625000003 0.55532655625 0.38698460625000003 0.6067747671875 0.4233248140625 0.6067747671875 0.4233248140625 0.55532655625 0.38698460625000003 0.55532655625
4 0.4090206921875 0.5305842843749999 0.4090206921875 0.6130585265625 0.42525780781250005 0.6130585265625 0.42525780781250005 0.5305842843749999 0.4090206921875 0.5305842843749999
2 0.422551628125 0.5532646999999999 0.422551628125 0.592439965625 0.43646915625 0.592439965625 0.43646915625 0.5532646999999999 0.422551628125 0.5532646999999999
2 0.4329897734375 0.55532655625 0.4329897734375 0.592439965625 0.4445877140625 0.592439965625 0.4445877140625 0.55532655625 0.4329897734375 0.55532655625
2 0.4295103921875 0.5408935640625 0.4295103921875 0.586254396875 0.45734544843749997 0.586254396875 0.45734544843749997 0.5408935640625 0.4295103921875 0.5408935640625
2 0.45154647968750006 0.545017278125 0.45154647968750006 0.578006975 0.46314441874999995 0.578006975 0.46314441874999995 0.545017278125 0.45154647968750006 0.545017278125
2 0.4751289671875 0.5388317093749999 0.4751289671875 0.5580757046875 0.4890464953125 0.5580757046875 0.4890464953125 0.5388317093749999 0.4751289671875 0.5388317093749999
2 0.8860826203125001 0.5436427125 0.8860826203125001 0.603436534375 0.9846651124999999 0.603436534375 0.9846651124999999 0.5436427125 0.8860826203125001 0.5436427125
2 0.7213918734375 0.5621994156250001 0.7213918734375 0.80756028125 0.9533506734375001 0.80756028125 0.9533506734375001 0.5621994156250001 0.7213918734375 0.5621994156250001
2 0.6533506359375 0.527147865625 0.6533506359375 0.7230241859375 0.80180426875 0.7230241859375 0.80180426875 0.527147865625 0.6533506359375 0.527147865625
2 0.619716609375 0.53745714375 0.619716609375 0.6797252078125 0.6916238375 0.6797252078125 0.6916238375 0.53745714375 0.619716609375 0.53745714375
2 0.5711985484375 0.54639184375 0.5711985484375 0.608934815625 0.6131444546875 0.608934815625 0.6131444546875 0.54639184375 0.5711985484375 0.54639184375
2 0.566559371875 0.5505155562499999 0.566559371875 0.5958763874999999 0.57699751875 0.5958763874999999 0.57699751875 0.5505155562499999 0.566559371875 0.5505155562499999
2 0.558440815625 0.5484536984374999 0.558440815625 0.5876289640625 0.5688789609375 0.5876289640625 0.5688789609375 0.5484536984374999 0.558440815625 0.5484536984374999
2 0.55264184375 0.5484536984374999 0.55264184375 0.5731959703125 0.563079990625 0.5731959703125 0.563079990625 0.5484536984374999 0.55264184375 0.5484536984374999
2 0.5456830796875 0.54226813125 0.5456830796875 0.5690722593750001 0.5538016375 0.5690722593750001 0.5538016375 0.54226813125 0.5456830796875 0.54226813125
2 0.538724315625 0.52989699375 0.538724315625 0.5546392671875 0.5503222562500001 0.5546392671875 0.5503222562500001 0.52989699375 0.538724315625 0.52989699375
2 0.5340851390625 0.52577328125 0.5340851390625 0.544329984375 0.5445232859375 0.544329984375 0.5445232859375 0.52577328125 0.5340851390625 0.52577328125
2 0.5079897734375 0.5572165874999999 0.5079897734375 0.6128866984375 0.546262975 0.6128866984375 0.546262975 0.5572165874999999 0.5079897734375 0.5572165874999999
2 0.517268128125 0.5304124578125 0.517268128125 0.55515473125 0.53234545 0.55515473125 0.53234545 0.5304124578125 0.517268128125 0.5304124578125
2 0.8670288765624999 0.5263623828124999 0.8670288765624999 0.96347585625 0.9980855999999999 0.96347585625 0.9980855999999999 0.5263623828124999 0.8670288765624999 0.5263623828124999
1 0.7394515359375 0.47893969375 0.7394515359375 0.559352078125 0.994606215625 0.559352078125 0.994606215625 0.47893969375 0.7394515359375 0.47893969375
2 0.49589479531249997 0.53048609375 0.49589479531249997 0.5552283671875 0.5121319109375 0.5552283671875 0.5121319109375 0.53048609375 0.49589479531249997 0.53048609375
2 0.4947350015625 0.5160531015625 0.4947350015625 0.5325479515625 0.5121319109375 0.5325479515625 0.5121319109375 0.5160531015625 0.4947350015625 0.5160531015625
2 0.6095546078125 0.54285723125 0.6095546078125 0.6088366203125 0.6339102828125001 0.6088366203125 0.6339102828125001 0.54285723125 0.6095546078125 0.54285723125