2 0 0.987020309375 0.2550034359375 0.987020309375 0.2550034359375 0.2984119265625 0 0.2984119265625 0 0.987020309375
2 0.856304328125 0.46004454531250005 0.856304328125 0.7924934546875 0.998880828125 0.7924934546875 0.998880828125 0.46004454531250005 0.856304328125 0.46004454531250005
2 0.47267209374999997 0.371938696875 0.47267209374999997 0.5739794687499999 0.6131822671875 0.5739794687499999 0.6131822671875 0.371938696875 0.47267209374999997 0.371938696875
2 0.6989348 0.3425509453125 0.6989348 0.44540806875000005 0.82808018125 0.44540806875000005 0.82808018125 0.3425509453125 0.6989348 0.3425509453125
2 0.6183480828125 0.3333672765625 0.6183480828125 0.412346853125 0.680337865625 0.412346853125 0.680337865625 0.3333672765625 0.6183480828125 0.3333672765625
2 0.5964794765625 0.3281632046875 0.5964794765625 0.3446938109375 0.6192090625 0.3446938109375 0.6192090625 0.3281632046875 0.5964794765625 0.3281632046875
2 0.5964794765625 0.34102034375 0.5964794765625 0.3887754375 0.624374878125 0.3887754375 0.624374878125 0.34102034375 0.5964794765625 0.34102034375
2 0.540688671875 0.335510140625 0.540688671875 0.36489789375 0.5613519328125001 0.36489789375 0.5613519328125001 0.335510140625 0.540688671875 0.335510140625
2 0.53655601875 0.34102034375 0.53655601875 0.3704080953125 0.562385096875 0.3704080953125 0.562385096875 0.34102034375 0.53655601875 0.34102034375
2 0.5551529546875 0.333673409375 0.5551529546875 0.39612237499999997 0.6016452906249999 0.39612237499999997 0.6016452906249999 0.333673409375 0.5551529546875 0.333673409375
2 0.501428475 0.3391836109375 0.501428475 0.37040809375 0.527257553125 0.37040809375 0.527257553125 0.3391836109375 0.501428475 0.3391836109375
2 0.48386470312499996 0.3446938125 0.48386470312499996 0.3759182984375 0.5055611265625 0.3759182984375 0.5055611265625 0.3446938125 0.48386470312499996 0.3446938125
2 0.45080348593749997 0.34102034375 0.45080348593749997 0.37224482812500004 0.484897865625 0.37224482812500004 0.484897865625 0.34102034375 0.45080348593749997 0.34102034375
2 0.5272575515625 0.34102034375 0.5272575515625 0.36306115625 0.540688671875 0.36306115625 0.540688671875 0.34102034375 0.5272575515625 0.34102034375
2 0.42910706249999997 0.34836728125 0.42910706249999997 0.43285705781250006 0.484897865625 0.43285705781250006 0.484897865625 0.34836728125 0.42910706249999997 0.34836728125
2 0.6794769031250001 0.33673461875 0.6794769031250001 0.4028570546875 0.7218365859375 0.4028570546875 0.7218365859375 0.33673461875 0.6794769031250001 0.33673461875
4 0.9117663890625 0.3407142125 0.9117663890625 0.42887745781250003 0.9375954625 0.42887745781250003 0.9375954625 0.3407142125 0.9117663890625 0.3407142125
4 0.2159310765625 0.34438768125 0.2159310765625 0.417857053125 0.233494846875 0.417857053125 0.233494846875 0.34438768125 0.2159310765625 0.34438768125
4 0.26139025 0.3462244171875 0.26139025 0.4196937890625 0.2768876953125 0.4196937890625 0.2768876953125 0.3462244171875 0.26139025 0.3462244171875
4 0.28618616406249997 0.3569387046875 0.28618616406249997 0.4469386828125 0.31718105625000004 0.4469386828125 0.31718105625000004 0.3569387046875 0.28618616406249997 0.3569387046875
4 0.336811153125 0.360612171875 0.336811153125 0.4616325578125 0.36264022812499996 0.4616325578125 0.36264022812499996 0.360612171875 0.336811153125 0.360612171875
4 0.386402978125 0.345918296875 0.386402978125 0.40469379375000003 0.3998340984375 0.40469379375000003 0.3998340984375 0.345918296875 0.386402978125 0.345918296875
4 0.3988009359375 0.34040809375 0.3988009359375 0.38265298593749997 0.4091325640625 0.38265298593749997 0.4091325640625 0.34040809375 0.3988009359375 0.34040809375
4 0.41946419687500003 0.3385713609375 0.41946419687500003 0.3936733921875 0.43289531718749996 0.3936733921875 0.43289531718749996 0.3385713609375 0.41946419687500003 0.3385713609375
4 0.9270916828125 0.331224421875 0.9270916828125 0.37714278125 0.9425891265624999 0.37714278125 0.9425891265624999 0.331224421875 0.9270916828125 0.331224421875
4 0.8430610609375 0.332973690625 0.8430610609375 0.4321573390625 0.8657906484375 0.4321573390625 0.8657906484375 0.332973690625 0.8430610609375 0.332973690625
4 0.8296299406250001 0.3421573578125 0.8296299406250001 0.4395042765625 0.8513263656250001 0.4395042765625 0.8513263656250001 0.3421573578125 0.8296299406250001 0.3421573578125
2 0.8581220125 0.37396257187500004 0.8581220125 0.43303428125 0.8866030125 0.43303428125 0.8866030125 0.37396257187500004 0.8581220125 0.37396257187500004