4 0.3333842828125 0.5043005921875 0.3333842828125 0.5753532531250001 0.34898120781249997 0.5753532531250001 0.34898120781249997 0.5043005921875 0.3333842828125 0.5043005921875
4 0.2982912015625 0.50949956875 0.2982912015625 0.564955303125 0.30998889687500003 0.564955303125 0.30998889687500003 0.50949956875 0.2982912015625 0.50949956875
4 0.6151037515625 0.5233635015625 0.6151037515625 0.5753532531250001 0.62972586875 0.5753532531250001 0.62972586875 0.5233635015625 0.6151037515625 0.5233635015625
2 0 0.89422373125 0.036067890625 0.89422373125 0.036067890625 0.6672018140625 0 0.6672018140625 0 0.89422373125
2 0 0.8093071359374999 0.282694275 0.8093071359374999 0.282694275 0.45404383125000003 0 0.45404383125000003 0 0.8093071359374999
2 0.689189146875 0.398588096875 0.689189146875 0.805841153125 0.9991780421875 0.805841153125 0.9991780421875 0.398588096875 0.689189146875 0.398588096875
2 0.4649833421875 0.46097579843750003 0.4649833421875 0.64813890625 0.5595397046875 0.64813890625 0.5595397046875 0.46097579843750003 0.4649833421875 0.46097579843750003
2 0.433789490625 0.49563563281249995 0.433789490625 0.5580233359375 0.46595814999999996 0.5580233359375 0.46595814999999996 0.49563563281249995 0.433789490625 0.49563563281249995
2 0.5761114375 0.532028459375 0.5761114375 0.5701542765625 0.6053556734375001 0.5701542765625 0.6053556734375001 0.532028459375 0.5761114375 0.532028459375
2 0.5683129734375 0.5285624765625 0.5683129734375 0.559756328125 0.5848847078125 0.559756328125 0.5848847078125 0.5285624765625 0.5683129734375 0.5285624765625
2 0.56148931875 0.526829484375 0.56148931875 0.5632223109375001 0.5702625890624999 0.5632223109375001 0.5702625890624999 0.526829484375 0.56148931875 0.526829484375