2 0.3634290328125 0.45609280781250006 0.3634290328125 0.47309533437500007 0.37108016875 0.47309533437500007 0.37108016875 0.45609280781250006 0.3634290328125 0.45609280781250006
2 0.3548215015625 0.4594933125 0.3548215015625 0.48159660000000004 0.36821099375 0.48159660000000004 0.36821099375 0.4594933125 0.3548215015625 0.4594933125
2 0.3481267578125 0.46629432656249997 0.3481267578125 0.4866973609375 0.362472640625 0.4866973609375 0.362472640625 0.46629432656249997 0.3481267578125 0.46629432656249997
2 0.3395192265625 0.47649584218749996 0.3395192265625 0.49859912968750003 0.357690678125 0.49859912968750003 0.357690678125 0.47649584218749996 0.3395192265625 0.47649584218749996
2 0.3356936578125 0.483296853125 0.3356936578125 0.5088006453125 0.350995934375 0.5088006453125 0.350995934375 0.483296853125 0.3356936578125 0.483296853125
2 0.32517334375 0.49859912656249994 0.32517334375 0.515601653125 0.3423884046875 0.515601653125 0.3423884046875 0.49859912656249994 0.32517334375 0.49859912656249994
2 0.42463813124999994 0.457793059375 0.42463813124999994 0.483296853125 0.4418531921875 0.483296853125 0.4418531921875 0.457793059375 0.42463813124999994 0.457793059375
2 0.4284637 0.47309533593750003 0.4284637 0.49689887656250004 0.4466351515625 0.49689887656250004 0.4466351515625 0.47309533593750003 0.4284637 0.47309533593750003
2 0.43228927031250003 0.47989634687500005 0.43228927031250003 0.5071003937499999 0.446635153125 0.5071003937499999 0.446635153125 0.47989634687500005 0.43228927031250003 0.47989634687500005
2 0.44472236875000004 0.46459407343750003 0.44472236875000004 0.51220115 0.45906824999999996 0.51220115 0.45906824999999996 0.46459407343750003 0.44472236875000004 0.46459407343750003
2 0.45237350625 0.46459407343750003 0.45237350625 0.5190021609375 0.48202166249999995 0.5190021609375 0.48202166249999995 0.46459407343750003 0.45237350625 0.46459407343750003
2 0.46385021093749995 0.46969483125 0.46385021093749995 0.5241029187499999 0.4839344484375 0.5241029187499999 0.4839344484375 0.46969483125 0.46385021093749995 0.46969483125
2 0.4695885640625 0.4594933125 0.4695885640625 0.5411054453124999 0.514538996875 0.5411054453124999 0.514538996875 0.4594933125 0.4695885640625 0.4594933125
2 0.496367546875 0.4594933125 0.496367546875 0.568309490625 0.5413179796875001 0.568309490625 0.5413179796875001 0.4594933125 0.496367546875 0.4594933125
2 0.5202773515625 0.4594933125 0.5202773515625 0.588712525 0.5843556265625 0.588712525 0.5843556265625 0.4594933125 0.5202773515625 0.4594933125
2 0.5592634671875001 0.4386652171875 0.5592634671875001 0.632494034375 0.72303249375 0.632494034375 0.72303249375 0.4386652171875 0.5592634671875001 0.4386652171875
2 0.2362288703125 0.48627229375000003 0.2362288703125 0.5372798796875 0.2811793046875 0.5372798796875 0.2811793046875 0.48627229375000003 0.2362288703125 0.48627229375000003
2 0.136764084375 0.494773559375 0.136764084375 0.5746854421875 0.21614463593750002 0.5746854421875 0.21614463593750002 0.494773559375 0.136764084375 0.494773559375
1 0.39785915 0.44716648125 0.39785915 0.474370525 0.4112486421875 0.474370525 0.4112486421875 0.44716648125 0.39785915 0.44716648125
2 0.39116440625000004 0.4522672375 0.39116440625000004 0.46586925937499996 0.39785915 0.46586925937499996 0.39785915 0.4522672375 0.39116440625000004 0.4522672375
2 0.00040988125 0.5299930828125 0.00040988125 0.6388092609375 0.0271888625 0.6388092609375 0.0271888625 0.5299930828125 0.00040988125 0.5299930828125
2 0.7134685875 0.3058026140625 0.7134685875 0.8348241140624999 0.9994298531249999 0.8348241140624999 0.9994298531249999 0.3058026140625 0.7134685875 0.3058026140625