2 0.3934631609375 0.38812198124999997 0.3934631609375 0.4983261109375 0.4821430484375 0.4983261109375 0.4821430484375 0.38812198124999997 0.3934631609375 0.38812198124999997
2 0.21093756875 0.38353014375 0.21093756875 0.5457751156249999 0.3616072796875 0.5457751156249999 0.3616072796875 0.38353014375 0.21093756875 0.38353014375
2 0.3547195203125 0.421795465625 0.3547195203125 0.49526488593750007 0.4012118875 0.49526488593750007 0.4012118875 0.421795465625 0.3547195203125 0.421795465625
2 0.5816711859375 0.399489975 0.5816711859375 0.41173487968750005 0.5859760328125 0.41173487968750005 0.5859760328125 0.399489975 0.5816711859375 0.399489975
2 0.5739224578125001 0.40102058906250004 0.5739224578125001 0.41479610312500004 0.5816711828125001 0.41479610312500004 0.5816711828125001 0.40102058906250004 0.5739224578125001 0.40102058906250004
2 0.5678956687500001 0.399489975 0.5678956687500001 0.41479610468750006 0.5756443953125 0.41479610468750006 0.5756443953125 0.399489975 0.5678956687500001 0.399489975
2 0.5601469406249999 0.40561242656249996 0.5601469406249999 0.41938794375 0.5670346984375 0.41938794375 0.5670346984375 0.40561242656249996 0.5601469406249999 0.40561242656249996
2 0.545510453125 0.4040818125 0.545510453125 0.4224491671875 0.5601469421874999 0.4224491671875 0.5601469421874999 0.4040818125 0.545510453125 0.4040818125
2 0.6135270671875 0.3964287515625 0.6135270671875 0.408673653125 0.6186928859374999 0.408673653125 0.6186928859374999 0.3964287515625 0.6135270671875 0.3964287515625
2 0.6167987671875 0.3903062984375 0.6167987671875 0.41479610468750006 0.6331571921875 0.41479610468750006 0.6331571921875 0.3903062984375 0.6167987671875 0.3903062984375
6 0.598804478125 0.3864797671875 0.598804478125 0.41556141249999995 0.6134409625 0.41556141249999995 0.6134409625 0.3864797671875 0.598804478125 0.3864797671875
6 0.5863204171875 0.38418384375 0.5863204171875 0.42397978125 0.6009569015625 0.42397978125 0.6009569015625 0.38418384375 0.5863204171875 0.38418384375
2 0.6577809078125 0.3642858765625 0.6577809078125 0.4346940703125 0.7068561843750001 0.4346940703125 0.7068561843750001 0.3642858765625 0.6577809078125 0.3642858765625
5 0.811894496875 0.3581634265625 0.811894496875 0.5234696203125 0.8506381375000001 0.5234696203125 0.8506381375000001 0.3581634265625 0.811894496875 0.3581634265625
0 0.81447740625 0.43316345937499995 0.81447740625 0.55255126875 0.8523600765625 0.55255126875 0.8523600765625 0.43316345937499995 0.81447740625 0.43316345937499995
4 0.769706978125 0.382653234375 0.769706978125 0.4294838625 0.7808995859375 0.4294838625 0.7808995859375 0.382653234375 0.769706978125 0.382653234375
4 0.8532210453125 0.37040833125 0.8532210453125 0.44081652812499994 0.868718503125 0.44081652812499994 0.868718503125 0.37040833125 0.8532210453125 0.37040833125
4 0.47368992031249996 0.3894931625 0.47368992031249996 0.3971462234375 0.48057767812499996 0.3971462234375 0.48057767812499996 0.3894931625 0.47368992031249996 0.3894931625
4 0.70639130625 0.366574509375 0.70639130625 0.42948386406249994 0.7149988359375 0.42948386406249994 0.7149988359375 0.366574509375 0.70639130625 0.366574509375
4 0.6509205578125 0.3835770390625 0.6509205578125 0.4158818421875 0.6566589125 0.4158818421875 0.6566589125 0.3835770390625 0.6509205578125 0.3835770390625