2 0.47956288437500005 0.36298011875 0.47956288437500005 0.63298010625 0.6314378781250001 0.63298010625 0.6314378781250001 0.36298011875 0.47956288437500005 0.36298011875
2 0.3709370609375 0.4327152140625 0.3709370609375 0.5060264703125 0.4332963296875 0.5060264703125 0.4332963296875 0.4327152140625 0.3709370609375 0.4327152140625
2 0.43128474062500005 0.4416556140625 0.43128474062500005 0.4827814390625 0.46347016874999997 0.4827814390625 0.46347016874999997 0.4416556140625 0.43128474062500005 0.4416556140625
2 0.4614585796875 0.43807945468750004 0.4614585796875 0.47920528124999995 0.47553970625 0.47920528124999995 0.47553970625 0.43807945468750004 0.4614585796875 0.43807945468750004
2 0.4745339109375 0.4398675328125 0.4745339109375 0.47026488281249995 0.49061062031249997 0.47026488281249995 0.49061062031249997 0.4398675328125 0.4745339109375 0.4398675328125
2 0.24823010937499998 0.45059601093749996 0.24823010937499998 0.4720529640625 0.2904734859375 0.4720529640625 0.2904734859375 0.45059601093749996 0.24823010937499998 0.45059601093749996
2 0.283432925 0.45238408906250005 0.283432925 0.4738410421875 0.31461255781249997 0.4738410421875 0.31461255781249997 0.45238408906250005 0.283432925 0.45238408906250005
2 0.31058938125 0.44523177187499996 0.31058938125 0.47026488281249995 0.33171106875 0.47026488281249995 0.33171106875 0.44523177187499996 0.31058938125 0.44523177187499996
2 0.342774809375 0.4416556140625 0.342774809375 0.4613244890625 0.3679196765625 0.4613244890625 0.3679196765625 0.4416556140625 0.342774809375 0.4416556140625
2 0.364902290625 0.4416556140625 0.364902290625 0.45953640625 0.378983415625 0.45953640625 0.378983415625 0.4416556140625 0.364902290625 0.4416556140625
2 0.1898940203125 0.45238408906250005 0.1898940203125 0.47026488281249995 0.2059867359375 0.47026488281249995 0.2059867359375 0.45238408906250005 0.1898940203125 0.45238408906250005
2 0.1647491546875 0.45238408906250005 0.1647491546875 0.46847680468749997 0.1808418703125 0.46847680468749997 0.1808418703125 0.45238408906250005 0.1647491546875 0.45238408906250005
2 0.1426216703125 0.45953640625 0.1426216703125 0.4720529640625 0.1657549484375 0.4720529640625 0.1657549484375 0.45953640625 0.1426216703125 0.45953640625
2 0.0973609109375 0.45417216875 0.0973609109375 0.4889059140625 0.13992726718749998 0.4889059140625 0.13992726718749998 0.45417216875 0.0973609109375 0.45417216875