2 0.26922013125 0.26950085625 0.26922013125 0.28447312343750003 0.27623838125 0.28447312343750003 0.27623838125 0.26950085625 0.26922013125 0.26950085625
2 0.2846602859375 0.280730059375 0.2846602859375 0.2919592625 0.2930821859375 0.2919592625 0.2930821859375 0.280730059375 0.2846602859375 0.280730059375
2 0.2804493328125 0.285720815625 0.2804493328125 0.30069308281249996 0.2895730609375 0.30069308281249996 0.2895730609375 0.285720815625 0.2804493328125 0.285720815625
2 0.2769402078125 0.2919592640625 0.2769402078125 0.30942691093749997 0.28816941093750004 0.30942691093749997 0.28816941093750004 0.2919592640625 0.2769402078125 0.2919592640625
2 0.2572891046875 0.3131699765625 0.2572891046875 0.33438069375 0.26922013125 0.33438069375 0.26922013125 0.3131699765625 0.2572891046875 0.3131699765625
2 0.2944858359375 0.2907115734375 0.2944858359375 0.301940775 0.307820515625 0.301940775 0.307820515625 0.2907115734375 0.2944858359375 0.2907115734375
2 0.2902748859375 0.299445396875 0.2902748859375 0.3119222890625 0.30501321406250004 0.3119222890625 0.30501321406250004 0.299445396875 0.2902748859375 0.299445396875
2 0.27483473125 0.3106745984375 0.27483473125 0.35434371875 0.3043113875 0.35434371875 0.3043113875 0.3106745984375 0.27483473125 0.3106745984375
2 0.2600964046875 0.3231514921875 0.2600964046875 0.35434371875 0.2846602828125 0.35434371875 0.2846602828125 0.3231514921875 0.2600964046875 0.3231514921875
2 0.225706971875 0.3031884671875 0.225706971875 0.319408421875 0.2376380015625 0.319408421875 0.2376380015625 0.3031884671875 0.225706971875 0.3031884671875
2 0.2327252234375 0.3131699765625 0.2327252234375 0.35184834062500003 0.2558854546875 0.35184834062500003 0.2558854546875 0.3131699765625 0.2327252234375 0.3131699765625
2 0.32957709375 0.27823468125 0.32957709375 0.29445463906249997 0.3394026453125 0.29445463906249997 0.3394026453125 0.27823468125 0.32957709375 0.27823468125
2 0.3134351171875 0.27698699375 0.3134351171875 0.299445396875 0.3302789203125 0.299445396875 0.3302789203125 0.27698699375 0.3134351171875 0.27698699375
2 0.3134351171875 0.264510103125 0.3134351171875 0.27823468125 0.3225588421875 0.27823468125 0.3225588421875 0.264510103125 0.3134351171875 0.264510103125
2 0.25307815312500004 0.273243925 0.25307815312500004 0.2819777484375 0.2586927546875 0.2819777484375 0.2586927546875 0.273243925 0.25307815312500004 0.273243925
2 0.2607982296875 0.2819777515625 0.2607982296875 0.28946388437500004 0.26781648125 0.28946388437500004 0.26781648125 0.2819777515625 0.2607982296875 0.2819777515625
2 0.2432526015625 0.2844731265625 0.2432526015625 0.29445464062500004 0.250270853125 0.29445464062500004 0.250270853125 0.2844731265625 0.2432526015625 0.2844731265625
2 0.25307815312500004 0.2832254375 0.25307815312500004 0.29695001875 0.26360553124999997 0.29695001875 0.26360553124999997 0.2832254375 0.25307815312500004 0.2832254375
2 0.2671146578125 0.30069308906250003 0.2671146578125 0.31067459999999997 0.2762383828125 0.31067459999999997 0.2762383828125 0.30069308906250003 0.2671146578125 0.30069308906250003
2 0.2671146578125 0.3081792203125 0.2671146578125 0.32190380625000004 0.279045684375 0.32190380625000004 0.279045684375 0.3081792203125 0.2671146578125 0.3081792203125
2 0.224303321875 0.285720815625 0.224303321875 0.29695001875 0.2348307 0.29695001875 0.2348307 0.285720815625 0.224303321875 0.285720815625
2 0.17447373593749999 0.31441766718749997 0.17447373593749999 0.4067466640625 0.2439544265625 0.4067466640625 0.2439544265625 0.31441766718749997 0.17447373593749999 0.31441766718749997
2 0.00043862812500000003 0.3211908296875 0.00043862812500000003 0.44845511875 0.042548139062500004 0.44845511875 0.042548139062500004 0.3211908296875 0.00043862812500000003 0.3211908296875
2 0.020089734375 0.30497086875 0.020089734375 0.5046011359375 0.1962478484375 0.5046011359375 0.1962478484375 0.30497086875 0.020089734375 0.30497086875
6 0.2933629328125 0.29379180625 0.2933629328125 0.447207434375 0.3853020296875 0.447207434375 0.3853020296875 0.29379180625 0.2933629328125 0.29379180625
1 0.516543309375 0 0.516543309375 0.54832039375 0.9993990109374999 0.54832039375 0.9993990109374999 0 0.516543309375 0
6 0.7621821140625 0.5345958125 0.7621821140625 0.55206345625 0.7628839390625 0.55206345625 0.7628839390625 0.5345958125 0.7621821140625 0.5345958125