2 0 0.636044859375 0.029760665625 0.636044859375 0.029760665625 0.574866615625 0 0.574866615625 0 0.636044859375
2 0 0.6217699328124999 0.062452790625 0.6217699328124999 0.062452790625 0.566709515625 0 0.566709515625 0 0.6217699328124999
2 0.520970990625 0.5526434703125 0.520970990625 0.56691839375 0.5318683656250001 0.56691839375 0.5318683656250001 0.5526434703125 0.520970990625 0.5526434703125
2 0.4997497875 0.5424470968749999 0.4997497875 0.550604196875 0.508352978125 0.550604196875 0.508352978125 0.5424470968749999 0.4997497875 0.5424470968749999
2 0.49057304999999995 0.5404078203125 0.49057304999999995 0.55468274375 0.498029146875 0.55468274375 0.498029146875 0.5404078203125 0.49057304999999995 0.5404078203125
2 0.4791021296875 0.5444863734375 0.4791021296875 0.556722021875 0.48713177500000004 0.556722021875 0.48713177500000004 0.5444863734375 0.4791021296875 0.5444863734375
2 0.4750873078125 0.550604196875 0.4750873078125 0.5618202078125 0.48483759062500004 0.5618202078125 0.48483759062500004 0.550604196875 0.4750873078125 0.550604196875
2 0.45902801875000004 0.5536631078124999 0.45902801875000004 0.56691839375 0.47164603125 0.56691839375 0.47164603125 0.5536631078124999 0.45902801875000004 0.5536631078124999
2 0.4957349640625 0.554682746875 0.4957349640625 0.5669183953125 0.505485246875 0.5669183953125 0.505485246875 0.554682746875 0.4957349640625 0.554682746875
2 0.48942595781250003 0.5618202078125 0.48942595781250003 0.57711476875 0.502617515625 0.57711476875 0.502617515625 0.5618202078125 0.48942595781250003 0.5618202078125
2 0.480822765625 0.56385948125 0.480822765625 0.593428965625 0.49229368906250004 0.593428965625 0.49229368906250004 0.56385948125 0.480822765625 0.56385948125
2 0.4618957484375 0.56385948125 0.4618957484375 0.597507515625 0.48483759062500004 0.597507515625 0.48483759062500004 0.56385948125 0.4618957484375 0.56385948125
2 0.52957418125 0.5628398453125001 0.52957418125 0.58119331875 0.553663115625 0.58119331875 0.553663115625 0.5628398453125001 0.52957418125 0.5628398453125001
2 0.549074746875 0.554682746875 0.549074746875 0.619939540625 0.630518284375 0.619939540625 0.630518284375 0.554682746875 0.549074746875 0.554682746875
2 0.66875468125 0.56487911875 0.66875468125 0.5944486046875 0.683666878125 0.5944486046875 0.683666878125 0.56487911875 0.66875468125 0.56487911875
2 0.680799146875 0.56487911875 0.680799146875 0.58527186875 0.6985790749999999 0.58527186875 0.6985790749999999 0.56487911875 0.680799146875 0.56487911875
2 0.7438892109374999 0.5465256468749999 0.7438892109374999 0.6097431624999999 0.8167295578125 0.6097431624999999 0.8167295578125 0.5465256468749999 0.7438892109374999 0.5465256468749999
2 0.2955673921875 0.56895766875 0.2955673921875 0.58527186875 0.3035970359375 0.58527186875 0.3035970359375 0.56895766875 0.2955673921875 0.56895766875
2 0.3007293078125 0.56487911875 0.3007293078125 0.6158609921875 0.3276859703125 0.6158609921875 0.3276859703125 0.56487911875 0.3007293078125 0.56487911875
2 0.31736214218750003 0.550604196875 0.31736214218750003 0.6311555531249999 0.3666871 0.6311555531249999 0.3666871 0.550604196875 0.31736214218750003 0.550604196875
2 0.21740711406250002 0.56793803125 0.21740711406250002 0.5934910984374999 0.23649214999999998 0.5934910984374999 0.23649214999999998 0.56793803125 0.21740711406250002 0.56793803125
2 0.22559477499999997 0.5618202078125 0.22559477499999997 0.6597053984375 0.3081854046875 0.6597053984375 0.3081854046875 0.5618202078125 0.22559477499999997 0.5618202078125
1 0.329502196875 0.5251132593750001 0.329502196875 0.55468274375 0.3679297828125 0.55468274375 0.3679297828125 0.5251132593750001 0.329502196875 0.5251132593750001
2 0.014782253125 0.5190352671875 0.014782253125 0.74641440625 0.2310091109375 0.74641440625 0.2310091109375 0.5190352671875 0.014782253125 0.5190352671875
2 0.5000022015625001 0.5618600390624999 0.5000022015625001 0.607743721875 0.5321207796875 0.607743721875 0.5321207796875 0.5618600390624999 0.5000022015625001 0.5618600390624999
2 0.5785780078125 0.55676185 0.5785780078125 0.7056289109375 0.6990226765625 0.7056289109375 0.6990226765625 0.55676185 0.5785780078125 0.55676185
2 0.322202928125 0.5445262015625 0.322202928125 0.7790428031250001 0.48107518281250006 0.7790428031250001 0.48107518281250006 0.5445262015625 0.322202928125 0.5445262015625
2 0.8109940984374999 0.4792295765625 0.8109940984374999 0.593428965625 0.8935847265625 0.593428965625 0.8935847265625 0.4792295765625 0.8109940984374999 0.4792295765625
2 0.7387272968749999 0.409894234375 0.7387272968749999 0.9237914859374999 0.9991171984375 0.9237914859374999 0.9991171984375 0.409894234375 0.7387272968749999 0.409894234375