2 0.2663084109375 0.5703120953124999 0.2663084109375 0.60781206875 0.2966306546875 0.60781206875 0.2966306546875 0.5703120953124999 0.2663084109375 0.5703120953124999
2 0.24389631562499997 0.5656246 0.24389631562499997 0.6171870671875 0.26894512812500004 0.6171870671875 0.26894512812500004 0.5656246 0.24389631562499997 0.5656246
2 0.203027203125 0.5585933546875 0.203027203125 0.6218745578125 0.25576154375 0.6218745578125 0.25576154375 0.5585933546875 0.203027203125 0.5585933546875
2 0.162158090625 0.5562496046875001 0.162158090625 0.6382807984375 0.21621078906250002 0.6382807984375 0.21621078906250002 0.5562496046875001 0.162158090625 0.5562496046875001
2 0.07119135625 0.5656246 0.07119135625 0.642968296875 0.1898436203125 0.642968296875 0.1898436203125 0.5656246 0.07119135625 0.5656246
2 0.354638428125 0.5796870875 0.354638428125 0.6031245734375 0.37705052031249997 0.6031245734375 0.37705052031249997 0.5796870875 0.354638428125 0.5796870875
2 0.37573216249999997 0.5656246 0.37573216249999997 0.61249956875 0.39946261562499996 0.61249956875 0.39946261562499996 0.5656246 0.37573216249999997 0.5656246
2 0.3915524640625 0.5585933546875 0.3915524640625 0.617187065625 0.4139645609375 0.617187065625 0.4139645609375 0.5585933546875 0.3915524640625 0.5585933546875
2 0.403417690625 0.5468746125 0.403417690625 0.6265620562499999 0.43769501093749996 0.6265620562499999 0.43769501093749996 0.5468746125 0.403417690625 0.5468746125
2 0.4218747109375 0.5328121234375 0.4218747109375 0.64531204375 0.46933561562500004 0.64531204375 0.46933561562500004 0.5328121234375 0.4218747109375 0.5328121234375
2 0.44824187968749996 0.4976558953125 0.44824187968749996 0.6640620328125 0.532616821875 0.6640620328125 0.532616821875 0.4976558953125 0.44824187968749996 0.4976558953125
2 0.5128414453125 0.4859371546875 0.5128414453125 0.7531244703125 0.729052234375 0.7531244703125 0.729052234375 0.4859371546875 0.5128414453125 0.4859371546875
2 0.6394038578125001 0.3921872171875 0.6394038578125001 0.9981725562499999 0.9979973624999999 0.9981725562499999 0.9979973624999999 0.3921872171875 0.6394038578125001 0.3921872171875
2 0.2969300703125 0.5856994875 0.2969300703125 0.61601036875 0.3166029984375 0.61601036875 0.3166029984375 0.5856994875 0.2969300703125 0.5856994875
2 0.34283356875000004 0.581036275 0.34283356875000004 0.60202073125 0.354637325 0.60202073125 0.354637325 0.581036275 0.34283356875000004 0.581036275
2 0.3166029984375 0.58803109375 0.3166029984375 0.61134715625 0.32840675468749997 0.61134715625 0.32840675468749997 0.58803109375 0.3166029984375 0.58803109375