2 0.5212335296874999 0.507525246875 0.5212335296874999 0.521127265625 0.526653084375 0.521127265625 0.526653084375 0.507525246875 0.5212335296874999 0.507525246875
2 0.5247403 0.5086587484375 0.5247403 0.52339426875 0.5304786499999999 0.52339426875 0.5304786499999999 0.5086587484375 0.5247403 0.5086587484375
2 0.5263342875 0.5103590015624999 0.5263342875 0.5307620296875 0.5323914359375 0.5307620296875 0.5323914359375 0.5103590015624999 0.5263342875 0.5103590015624999
2 0.49923651874999997 0.5097922500000001 0.49923651874999997 0.5279282734375 0.50656885625 0.5279282734375 0.50656885625 0.5097922500000001 0.49923651874999997 0.5097922500000001
2 0.49636734374999997 0.5097922500000001 0.49636734374999997 0.5296285265625 0.5033808843750001 0.5296285265625 0.5033808843750001 0.5097922500000001 0.49636734374999997 0.5097922500000001
2 0.49062899218749995 0.51375950625 0.49062899218749995 0.5335957796875 0.501149303125 0.5335957796875 0.501149303125 0.51375950625 0.49062899218749995 0.51375950625
2 0.4826590609375 0.5160265078124999 0.4826590609375 0.5398300375 0.49923651874999997 0.5398300375 0.49923651874999997 0.5160265078124999 0.4826590609375 0.5160265078124999
2 0.476283115625 0.5131927546874999 0.476283115625 0.552865303125 0.4899913984375 0.552865303125 0.4899913984375 0.5131927546874999 0.476283115625 0.5131927546874999
2 0.47150115625 0.5126260046875 0.47150115625 0.55626580625 0.48584703281249997 0.55626580625 0.48584703281249997 0.5126260046875 0.47150115625 0.5126260046875
2 0.458749265625 0.5103590015624999 0.458749265625 0.562500065625 0.4775583046875 0.562500065625 0.4775583046875 0.5103590015624999 0.458749265625 0.5103590015624999
2 0.4291011203125 0.5103590015624999 0.4291011203125 0.571568078125 0.47054476406249995 0.571568078125 0.47054476406249995 0.5103590015624999 0.4291011203125 0.5103590015624999
2 0.42495675625 0.5228275171875 0.42495675625 0.5902708484375 0.450141740625 0.5902708484375 0.450141740625 0.5228275171875 0.42495675625 0.5228275171875
2 0.3584875265625 0.50525824375 0.3584875265625 0.6101071234375001 0.4372304515625 0.6101071234375001 0.4372304515625 0.50525824375 0.3584875265625 0.50525824375
2 0.25232803593750003 0.5279282734375 0.25232803593750003 0.6854849656249999 0.3772965640625 0.6854849656249999 0.3772965640625 0.5279282734375 0.25232803593750003 0.5279282734375
2 0.05212335312500001 0.5310454015625 0.05212335312500001 0.7826827093750001 0.312261921875 0.7826827093750001 0.312261921875 0.5310454015625 0.05212335312500001 0.5310454015625
2 0.235750578125 0.6988036078125 0.235750578125 0.7067381171875 0.23861975468750002 0.7067381171875 0.23861975468750002 0.6988036078125 0.235750578125 0.6988036078125
2 0.5384485828125001 0.524244428125 0.5384485828125001 0.5537154640625 0.549287690625 0.5537154640625 0.549287690625 0.524244428125 0.5384485828125001 0.524244428125
2 0.543868134375 0.5225441765625 0.543868134375 0.5525819624999999 0.5515192703125 0.5525819624999999 0.5515192703125 0.5225441765625 0.543868134375 0.5225441765625
2 0.5480125015625 0.5168766703125 0.5480125015625 0.5605164734375 0.5620395796875 0.5605164734375 0.5620395796875 0.5168766703125 0.5480125015625 0.5168766703125
2 0.5543884453125 0.510642409375 0.5543884453125 0.56901773125 0.57351628125 0.56901773125 0.57351628125 0.510642409375 0.5543884453125 0.510642409375
2 0.5614019875 0.50667515625 0.5614019875 0.5763854921875 0.589774940625 0.5763854921875 0.589774940625 0.50667515625 0.5614019875 0.50667515625
2 0.578298240625 0.5021411515625 0.578298240625 0.59905551875 0.6181479000000001 0.59905551875 0.6181479000000001 0.5021411515625 0.578298240625 0.5021411515625
2 0.5700095109375 0.5202771734375 0.5700095109375 0.5848867546875 0.5884997515625 0.5848867546875 0.5884997515625 0.5202771734375 0.5700095109375 0.5202771734375
2 0.5905036390625 0.49930739687500003 0.5905036390625 0.6171915421875 0.676897696875 0.6171915421875 0.676897696875 0.49930739687500003 0.5905036390625 0.49930739687500003
2 0.9251041359375 0.4171285453125 0.9251041359375 0.6086902828125 0.9990651015625 0.6086902828125 0.9990651015625 0.4171285453125 0.9251041359375 0.4171285453125
2 0.0003187984375 0.55484893125 0.0003187984375 0.9051008609375 0.12018656875 0.9051008609375 0.12018656875 0.55484893125 0.0003187984375 0.55484893125
2 0.6554761328125001 0.5095748765625 0.6554761328125001 0.7056706171875 0.827945453125 0.7056706171875 0.827945453125 0.5095748765625 0.6554761328125001 0.5095748765625
2 0.5038710265625 0.51313609375 0.5038710265625 0.539206625 0.5204484828125 0.539206625 0.5204484828125 0.51313609375 0.5038710265625 0.51313609375
6 0.53096879375 0.49500007031250004 0.53096879375 0.5380731234375 0.5491402359374999 0.5380731234375 0.5491402359374999 0.49500007031250004 0.53096879375 0.49500007031250004