2 0.6404487546875 0.41245203124999996 0.6404487546875 0.44191288906250004 0.6667685671875 0.44191288906250004 0.6667685671875 0.41245203124999996 0.6404487546875 0.41245203124999996
2 0.6287510609375 0.41938399843749996 0.6287510609375 0.44017989999999996 0.6414235625 0.44017989999999996 0.6414235625 0.41938399843749996 0.6287510609375 0.41938399843749996
2 0.5166481593750001 0.426315965625 0.5166481593750001 0.44017989999999996 0.529320659375 0.44017989999999996 0.529320659375 0.426315965625 0.5166481593750001 0.426315965625
2 0.48545430781250004 0.42804895624999995 0.48545430781250004 0.44537887343750004 0.5069000781249999 0.44537887343750004 0.5069000781249999 0.42804895624999995 0.48545430781250004 0.42804895624999995
2 0.450361225 0.42111698906250006 0.450361225 0.447111865625 0.4737566125 0.447111865625 0.4737566125 0.42111698906250006 0.450361225 0.42111698906250006
2 0.4191673734375 0.42804895624999995 0.4191673734375 0.45404383125000003 0.4493864171875 0.45404383125000003 0.4493864171875 0.42804895624999995 0.4191673734375 0.42804895624999995
2 0.346056784375 0.4159180125 0.346056784375 0.48003870624999995 0.400646025 0.48003870624999995 0.400646025 0.4159180125 0.346056784375 0.4159180125
2 0.30608966249999997 0.43671391562500006 0.30608966249999997 0.46790776718749993 0.3324094765625 0.46790776718749993 0.3324094765625 0.43671391562500006 0.30608966249999997 0.43671391562500006
2 0.170591371875 0.44017989999999996 0.170591371875 0.474839734375 0.21445772500000002 0.474839734375 0.21445772500000002 0.44017989999999996 0.170591371875 0.44017989999999996
2 0.1043044390625 0.45231084062500004 0.1043044390625 0.4852376828125 0.161818103125 0.4852376828125 0.161818103125 0.45231084062500004 0.1043044390625 0.45231084062500004
2 0 0.5054703125 0.0302190421875 0.5054703125 0.0302190421875 0.4661747734375 0 0.4661747734375 0 0.5054703125