2 0.2281050359375 0.585751203125 0.2281050359375 0.665468821875 0.2934171609375 0.665468821875 0.2934171609375 0.585751203125 0.2281050359375 0.585751203125
2 0.120876171875 0.6065471046875001 0.120876171875 0.7243905421875 0.216407340625 0.7243905421875 0.216407340625 0.6065471046875001 0.120876171875 0.6065471046875001
4 0.1423219453125 0.6065471046875001 0.1423219453125 0.6238770203125 0.15109521718750002 0.6238770203125 0.15109521718750002 0.6065471046875001 0.1423219453125 0.6065471046875001
4 0.1043044390625 0.5996151375000001 0.1043044390625 0.64293993125 0.1199013640625 0.64293993125 0.1199013640625 0.5996151375000001 0.1043044390625 0.5996151375000001
4 0.1900875296875 0.585751203125 0.1900875296875 0.6186780453125 0.2056844546875 0.6186780453125 0.2056844546875 0.585751203125 0.1900875296875 0.585751203125
2 0 0.7919772203125001 0.143296753125 0.7919772203125001 0.143296753125 0.6238770203125 0 0.6238770203125 0 0.7919772203125001
2 0.6423983703125 0.52509649375 0.6423983703125 0.57708624375 0.673592221875 0.57708624375 0.673592221875 0.52509649375 0.6423983703125 0.52509649375
2 0.7856951234375 0.49563563281249995 0.7856951234375 0.5684212859375 0.8861003328124999 0.5684212859375 0.8861003328124999 0.49563563281249995 0.7856951234375 0.49563563281249995
4 0.746702809375 0.49910161718749996 0.746702809375 0.5545573546875 0.7613249265625 0.5545573546875 0.7613249265625 0.49910161718749996 0.746702809375 0.49910161718749996
4 0.7379295390625 0.5008346078125 0.7379295390625 0.5580233359375 0.749627234375 0.5580233359375 0.749627234375 0.5008346078125 0.7379295390625 0.5008346078125
4 0.7155089578125 0.5008346078125 0.7155089578125 0.5632223109375001 0.7330555000000001 0.5632223109375001 0.7330555000000001 0.5008346078125 0.7155089578125 0.5008346078125
2 0.7379295390625 0.46964075781250003 0.7379295390625 0.9410145062499999 0.9982032343749999 0.9410145062499999 0.9982032343749999 0.46964075781250003 0.7379295390625 0.46964075781250003
2 0.2973163921875 0.41245203124999996 0.2973163921875 0.9652763921874999 0.698937225 0.9652763921874999 0.698937225 0.41245203124999996 0.2973163921875 0.41245203124999996