2 0.33551285937499997 0.410189290625 0.33551285937499997 0.422985490625 0.347509296875 0.422985490625 0.347509296875 0.410189290625 0.33551285937499997 0.410189290625
2 0.336712503125 0.384596890625 0.336712503125 0.40165849062500003 0.347509296875 0.40165849062500003 0.347509296875 0.384596890625 0.336712503125 0.384596890625
2 0.313919271875 0.40165849062500003 0.313919271875 0.41445469062500007 0.325915709375 0.41445469062500007 0.325915709375 0.40165849062500003 0.313919271875 0.40165849062500003
2 0.295924615625 0.405923890625 0.295924615625 0.41872009062500004 0.310320340625 0.41872009062500004 0.310320340625 0.405923890625 0.295924615625 0.405923890625
2 0.289926396875 0.397393090625 0.289926396875 0.412321990625 0.30312247812500004 0.412321990625 0.30312247812500004 0.397393090625 0.289926396875 0.397393090625
2 0.35110822812500003 0.388862290625 0.35110822812500003 0.405923890625 0.36430431093750004 0.405923890625 0.36430431093750004 0.388862290625 0.35110822812500003 0.388862290625
2 0.153167009375 0.397393090625 0.153167009375 0.43364899062499995 0.17715988437500002 0.43364899062499995 0.17715988437500002 0.397393090625 0.153167009375 0.397393090625
2 0.1145153921875 0.40427814062499995 0.1145153921875 0.427250890625 0.13397271093750002 0.427250890625 0.13397271093750002 0.40427814062499995 0.1145153921875 0.40427814062499995
2 0.5226572859374999 0.412321990625 0.5226572859374999 0.429383590625 0.544250875 0.429383590625 0.544250875 0.412321990625 0.5226572859374999 0.412321990625
2 0.549049446875 0.410189290625 0.549049446875 0.431516290625 0.5706430359375 0.431516290625 0.5706430359375 0.410189290625 0.549049446875 0.410189290625
2 0.42668578593750006 0.386729590625 0.42668578593750006 0.40379119062499996 0.43988186718750005 0.40379119062499996 0.43988186718750005 0.386729590625 0.42668578593750006 0.386729590625
2 0 0.6699466328125 0.0933990796875 0.6699466328125 0.0933990796875 0.23679148125 0 0.23679148125 0 0.6699466328125