2 0.45426045625 0.33125667812500004 0.45426045625 0.4345974828125 0.5075592624999999 0.4345974828125 0.5075592624999999 0.33125667812500004 0.45426045625 0.33125667812500004
2 0.47751202656249997 0.3239724984375 0.47751202656249997 0.44294741406249993 0.5840431374999999 0.44294741406249993 0.5840431374999999 0.3239724984375 0.47751202656249997 0.3239724984375
2 0.4034524390625 0.347212509375 0.4034524390625 0.3666369859375 0.415744490625 0.3666369859375 0.415744490625 0.347212509375 0.4034524390625 0.347212509375
2 0.374224671875 0.342356390625 0.374224671875 0.3617808671875 0.3851509390625 0.3617808671875 0.3851509390625 0.342356390625 0.374224671875 0.342356390625
2 0.3305196015625 0.347212509375 0.3305196015625 0.3696720625 0.3469090015625 0.3696720625 0.3469090015625 0.347212509375 0.3305196015625 0.347212509375
2 0.22672005781250001 0.355103703125 0.22672005781250001 0.3915245953125 0.2622304265625 0.3915245953125 0.2622304265625 0.355103703125 0.22672005781250001 0.355103703125
2 0.187112334375 0.35995982187500003 0.187112334375 0.40366489375 0.21442800625 0.40366489375 0.21442800625 0.35995982187500003 0.187112334375 0.35995982187500003
2 0.11772646875 0.3773484171875 0.11772646875 0.4060929546875 0.1584308828125 0.4060929546875 0.1584308828125 0.3773484171875 0.11772646875 0.3773484171875
2 0.5755411546875 0.2656297125 0.5755411546875 0.5618529734375 0.8418689328125 0.5618529734375 0.8418689328125 0.2656297125 0.5755411546875 0.2656297125
2 0.7924958609375 0.2527206453125 0.7924958609375 0.77697904375 0.9982142296875001 0.77697904375 0.9982142296875001 0.2527206453125 0.7924958609375 0.2527206453125
2 0.377297684375 0.33507221249999997 0.377297684375 0.38120534375 0.40597913906249994 0.38120534375 0.40597913906249994 0.33507221249999997 0.377297684375 0.33507221249999997
2 0.35544514843749997 0.34478445 0.35544514843749997 0.383633403125 0.38002925 0.383633403125 0.38002925 0.34478445 0.35544514843749997 0.34478445