4 0.4240414140625 0.703594640625 0.4240414140625 0.727856525 0.4328146828125 0.727856525 0.4328146828125 0.703594640625 0.4240414140625 0.703594640625
2 0.360678903125 0.7087936171875 0.360678903125 0.7174585765625 0.369452171875 0.7174585765625 0.369452171875 0.7087936171875 0.360678903125 0.7087936171875
2 0.372376596875 0.7053276312500001 0.372376596875 0.7174585765625 0.384074290625 0.7174585765625 0.384074290625 0.7053276312500001 0.372376596875 0.7053276312500001
2 0.37822544375 0.7087936171875 0.37822544375 0.7295895171875 0.3889483296875 0.7295895171875 0.3889483296875 0.7087936171875 0.37822544375 0.7087936171875
2 0.38602390625 0.7070606234375 0.38602390625 0.7330555000000001 0.403570446875 0.7330555000000001 0.403570446875 0.7070606234375 0.38602390625 0.7070606234375
2 0.402595640625 0.7105266078125 0.402595640625 0.7261235312500001 0.41039410312499996 0.7261235312500001 0.41039410312499996 0.7105266078125 0.402595640625 0.7105266078125
2 0.3480064015625 0.7070606234375 0.3480064015625 0.720924559375 0.360678903125 0.720924559375 0.360678903125 0.7070606234375 0.3480064015625 0.7070606234375
1 0.3372835140625 0.698395665625 0.3372835140625 0.715725584375 0.350930825 0.715725584375 0.350930825 0.698395665625 0.3372835140625 0.698395665625
2 0.3216865890625 0.7018616468750001 0.3216865890625 0.7191915671875 0.3333842828125 0.7191915671875 0.3333842828125 0.7018616468750001 0.3216865890625 0.7018616468750001
2 0.3255858203125 0.7105266078125 0.3255858203125 0.7209245578125001 0.338258321875 0.7209245578125001 0.338258321875 0.7105266078125 0.3255858203125 0.7105266078125
2 0.2885431234375 0.72265755 0.2885431234375 0.7521184109375 0.3090140875 0.7521184109375 0.3090140875 0.72265755 0.2885431234375 0.72265755
2 0.41136891093749994 0.7105266078125 0.41136891093749994 0.7330555000000001 0.4240414140625 0.7330555000000001 0.4240414140625 0.7105266078125 0.41136891093749994 0.7105266078125
2 0.3558048640625 0.7174585734375001 0.3558048640625 0.7573173828125 0.384074290625 0.7573173828125 0.384074290625 0.7174585734375001 0.3558048640625 0.7174585734375001
2 0.32071178125 0.7139925921875 0.32071178125 0.750385415625 0.3480064015625 0.750385415625 0.3480064015625 0.7139925921875 0.32071178125 0.7139925921875
2 0.26612254218750003 0.7139925921875 0.26612254218750003 0.7625163609375 0.2992660078125 0.7625163609375 0.2992660078125 0.7139925921875 0.26612254218750003 0.7139925921875
2 0.23882792187500002 0.7191915671875 0.23882792187500002 0.767715334375 0.2612485015625 0.767715334375 0.2612485015625 0.7191915671875 0.23882792187500002 0.7191915671875
2 0.2193317671875 0.7053276312500001 0.2193317671875 0.7885112359375 0.24760119375 0.7885112359375 0.24760119375 0.7053276312500001 0.2193317671875 0.7053276312500001
2 0.517622965625 0.7105266078125 0.517622965625 0.790244225 0.571237396875 0.790244225 0.571237396875 0.7105266078125 0.517622965625 0.7105266078125
2 0.5605145109375 0.7070606234375 0.5605145109375 0.811040128125 0.6443479859375 0.811040128125 0.6443479859375 0.7070606234375 0.5605145109375 0.7070606234375
2 0.608280096875 0.7105266078125 0.608280096875 0.8353020125 0.696012803125 0.8353020125 0.696012803125 0.7105266078125 0.608280096875 0.7105266078125
1 0.6882143390625 0.45750981562500004 0.6882143390625 0.9115536453124999 0.999576028125 0.9115536453124999 0.999576028125 0.45750981562500004 0.6882143390625 0.45750981562500004
2 0.0009748078125000001 0.6169450546874999 0.0009748078125000001 0.979140325 0.2407775375 0.979140325 0.2407775375 0.6169450546874999 0.0009748078125000001 0.6169450546874999
2 0.9494628421875 0.8231710703124999 0.9494628421875 0.9982032375 0.9991780421875 0.9982032375 0.9991780421875 0.8231710703124999 0.9494628421875 0.8231710703124999
5 0.433789490625 0.703594640625 0.433789490625 0.7469194328125 0.44256276093749997 0.7469194328125 0.44256276093749997 0.703594640625 0.433789490625 0.703594640625
5 0.45815968749999997 0.7055890812500001 0.45815968749999997 0.7399874671875 0.4703077515625 0.7399874671875 0.4703077515625 0.7055890812500001 0.45815968749999997 0.7055890812500001
0 0.4347642984375 0.7243905421875 0.4347642984375 0.746919434375 0.44256276093749997 0.746919434375 0.44256276093749997 0.7243905421875 0.4347642984375 0.7243905421875
0 0.46205891875000005 0.7295895171875 0.46205891875000005 0.7538514015625 0.46790776718749993 0.7538514015625 0.46790776718749993 0.7295895171875 0.46205891875000005 0.7295895171875
2 0.49910161718749996 0.7313225078125 0.49910161718749996 0.7590503765625 0.524446621875 0.7590503765625 0.524446621875 0.7313225078125 0.49910161718749996 0.7313225078125