5 0.2673538890625 0.14045856406249999 0.2673538890625 0.192381634375 0.2920672734375 0.192381634375 0.2920672734375 0.14045856406249999 0.2673538890625 0.14045856406249999
5 0.3497318375 0.14045856406249999 0.3497318375 0.1777366671875 0.36321186562499996 0.1777366671875 0.36321186562499996 0.14045856406249999 0.3497318375 0.14045856406249999
5 0.3969119359375 0.143121284375 0.3969119359375 0.1963757171875 0.41488530625 0.1963757171875 0.41488530625 0.143121284375 0.3969119359375 0.143121284375
0 0.264358325 0.16176033750000002 0.264358325 0.20303252343749997 0.29730950625 0.20303252343749997 0.29730950625 0.16176033750000002 0.264358325 0.16176033750000002
0 0.3519785078125 0.15643489375 0.3519785078125 0.1897189125 0.364709646875 0.1897189125 0.364709646875 0.15643489375 0.3519785078125 0.15643489375
0 0.3939163734375 0.1604289734375 0.3939163734375 0.201701159375 0.41488530468749996 0.201701159375 0.41488530468749996 0.1604289734375 0.3939163734375 0.1604289734375
2 0.36096519374999997 0.1309171390625 0.36096519374999997 0.153550271875 0.3789385640625 0.153550271875 0.3789385640625 0.1309171390625 0.36096519374999997 0.1309171390625
2 0.33575255625 0.12692305625 0.33575255625 0.14822482812499999 0.3507303640625 0.14822482812499999 0.3507303640625 0.12692305625 0.33575255625 0.12692305625
2 0.3245192 0.1295857765625 0.3245192 0.15488163125 0.34099479062500004 0.15488163125 0.34099479062500004 0.1295857765625 0.3245192 0.1295857765625
2 0.29830803437500003 0.1322484984375 0.29830803437500003 0.17618340625 0.3290125421875 0.17618340625 0.3290125421875 0.1322484984375 0.29830803437500003 0.1322484984375
2 0.29007024062500003 0.137573940625 0.29007024062500003 0.19482245625 0.32227253125 0.19482245625 0.32227253125 0.137573940625 0.29007024062500003 0.137573940625
2 0.281083553125 0.14689346875 0.281083553125 0.1894970140625 0.3162814046875 0.1894970140625 0.3162814046875 0.14689346875 0.281083553125 0.14689346875
2 0.227163440625 0.152218909375 0.227163440625 0.22677511093749997 0.27434353906250003 0.22677511093749997 0.27434353906250003 0.152218909375 0.227163440625 0.152218909375
2 0.389173415625 0.1295857765625 0.389173415625 0.1508875515625 0.4011556625 0.1508875515625 0.4011556625 0.1295857765625 0.389173415625 0.1295857765625
2 0.4049001171875 0.13491121875 0.4049001171875 0.17352068437499998 0.41912903437500004 0.17352068437499998 0.41912903437500004 0.13491121875 0.4049001171875 0.13491121875
2 0.46331357031250003 0.1273668453125 0.46331357031250003 0.2258875453125 0.5329603828125 0.2258875453125 0.5329603828125 0.1273668453125 0.46331357031250003 0.1273668453125
2 0.48178619375 0.143343175 0.48178619375 0.241863871875 0.557424128125 0.241863871875 0.557424128125 0.143343175 0.48178619375 0.143343175
2 0.5486870796875001 0.1513313421875 0.5486870796875001 0.19792896875 0.5756471375000001 0.19792896875 0.5756471375000001 0.1513313421875 0.5486870796875001 0.1513313421875
2 0.17411702812500002 0.15377216875 0.17411702812500002 0.244304703125 0.25724386875 0.244304703125 0.25724386875 0.15377216875 0.17411702812500002 0.15377216875
2 0.41675753281250005 0.12947483437500001 0.41675753281250005 0.19071743125 0.4556998359375 0.19071743125 0.4556998359375 0.12947483437500001 0.41675753281250005 0.12947483437500001
2 0.5511833671875 0.08520709062500001 0.5511833671875 0.3128697859375 0.7151903734375 0.3128697859375 0.7151903734375 0.08520709062500001 0.5511833671875 0.08520709062500001
2 0.7492648890625 0.001331359375 0.7492648890625 0.5671596937500001 0.9990198515625 0.5671596937500001 0.9990198515625 0.001331359375 0.7492648890625 0.001331359375
2 0.116826909375 0.1491124078125 0.116826909375 0.213017728125 0.140791403125 0.213017728125 0.140791403125 0.1491124078125 0.116826909375 0.1491124078125