2 0.20665926406250001 0.44537887343750004 0.20665926406250001 0.51989751875 0.2544248484375 0.51989751875 0.2544248484375 0.44537887343750004 0.20665926406250001 0.44537887343750004
2 0.154994446875 0.44537887343750004 0.154994446875 0.53722743125 0.212508109375 0.53722743125 0.212508109375 0.44537887343750004 0.154994446875 0.44537887343750004
2 0.133548675 0.4783057171875 0.133548675 0.5614893171875 0.193011953125 0.5614893171875 0.193011953125 0.4783057171875 0.133548675 0.4783057171875
2 0.5023509875000001 0.4505778484375 0.5023509875000001 0.5008346078125 0.534519646875 0.5008346078125 0.534519646875 0.4505778484375 0.5023509875000001 0.4505778484375
2 0.5306204140624999 0.441912890625 0.5306204140624999 0.5043005921875 0.5520661875 0.5043005921875 0.5520661875 0.441912890625 0.5306204140624999 0.441912890625
2 0.328185309375 0.40898604687500006 0.328185309375 0.441912890625 0.34573185 0.441912890625 0.34573185 0.40898604687500006 0.328185309375 0.40898604687500006
2 0.3437822359375 0.4055200640625 0.3437822359375 0.44364588125 0.367177625 0.44364588125 0.367177625 0.4055200640625 0.3437822359375 0.4055200640625
2 0.33208454062500004 0.44537887343750004 0.33208454062500004 0.5094995671875 0.370102046875 0.5094995671875 0.370102046875 0.44537887343750004 0.33208454062500004 0.44537887343750004
2 0.43931340468749996 0.45866514374999995 0.43931340468749996 0.488126003125 0.4578347546875 0.488126003125 0.4578347546875 0.45866514374999995 0.43931340468749996 0.45866514374999995
2 0.3827745484375 0.4257383015625 0.3827745484375 0.4621311265625 0.3983714734375 0.4621311265625 0.3983714734375 0.4257383015625 0.3827745484375 0.4257383015625
2 0.0343619765625 0.48090520468750003 0.0343619765625 0.5987486421875 0.153288534375 0.5987486421875 0.153288534375 0.48090520468750003 0.0343619765625 0.48090520468750003
2 0.28586239999999996 0.45664331875 0.28586239999999996 0.5311619671875001 0.34240125625 0.5311619671875001 0.34240125625 0.45664331875 0.28586239999999996 0.45664331875
2 0.390166840625 0.4479783609375 0.390166840625 0.5155650390625001 0.443781271875 0.5155650390625001 0.443781271875 0.4479783609375 0.390166840625 0.4479783609375
2 0.5422368625 0.434114428125 0.5422368625 0.50170110625 0.596826103125 0.50170110625 0.596826103125 0.434114428125 0.5422368625 0.434114428125