4 0.746702809375 0.5580233359375 0.746702809375 0.703594640625 0.785695121875 0.703594640625 0.785695121875 0.5580233359375 0.746702809375 0.5580233359375
2 0.3450819765625 0.5545573546875 0.3450819765625 0.75558439375 0.49812680781249996 0.75558439375 0.49812680781249996 0.5545573546875 0.3450819765625 0.5545573546875
2 0.20276003281250002 0.5822852187499999 0.20276003281250002 0.7226575484375 0.330459859375 0.7226575484375 0.330459859375 0.5822852187499999 0.20276003281250002 0.5822852187499999
2 0.29926600937500003 0.5718872687500001 0.29926600937500003 0.66893480625 0.363603328125 0.66893480625 0.363603328125 0.5718872687500001 0.29926600937500003 0.5718872687500001
6 0.3372835140625 0.5025676 0.3372835140625 0.6100130874999999 0.40746967968750003 0.6100130874999999 0.40746967968750003 0.5025676 0.3372835140625 0.5025676
2 0.579035859375 0.6134790703124999 0.579035859375 0.703594640625 0.66384414375 0.703594640625 0.66384414375 0.6134790703124999 0.579035859375 0.6134790703124999
2 0.5595397046875 0.5978821453125 0.5595397046875 0.687997715625 0.616078559375 0.687997715625 0.616078559375 0.5978821453125 0.5595397046875 0.5978821453125
2 0.5351695078125001 0.5961491546875 0.5351695078125001 0.6758667734375 0.5653885515625 0.6758667734375 0.5653885515625 0.5961491546875 0.5351695078125001 0.5961491546875
2 0.5049504640625 0.5978821453125 0.5049504640625 0.649871896875 0.5332198921875 0.649871896875 0.5332198921875 0.5978821453125 0.5049504640625 0.5978821453125
2 0 0.6724007890625 0.0263198125 0.6724007890625 0.0263198125 0.606547103125 0 0.606547103125 0 0.6724007890625
2 0.0409419296875 0.59095018125 0.0409419296875 0.675866775 0.1257502125 0.675866775 0.1257502125 0.59095018125 0.0409419296875 0.59095018125
2 0.11892655625 0.592683171875 0.11892655625 0.66893480625 0.1930119515625 0.66893480625 0.1930119515625 0.592683171875 0.11892655625 0.592683171875