2 0.11356009843749999 0.534843375 0.11356009843749999 0.7035932578125 0.25857953125 0.7035932578125 0.25857953125 0.534843375 0.11356009843749999 0.534843375
2 0.4444680734375 0.49031215625 0.4444680734375 0.5231246328125 0.46688016875000005 0.5231246328125 0.46688016875000005 0.49031215625 0.4444680734375 0.49031215625
2 0.42601105625 0.5043746453125 0.42601105625 0.54421836875 0.453696584375 0.54421836875 0.453696584375 0.5043746453125 0.42601105625 0.5043746453125
2 0.5670754125 0.46453092500000004 0.5670754125 0.49265590625 0.5828957140625 0.49265590625 0.5828957140625 0.46453092500000004 0.5670754125 0.46453092500000004
2 0.557846903125 0.46921842031249994 0.557846903125 0.4926559046875 0.5697121296875001 0.4926559046875 0.5697121296875001 0.46921842031249994 0.557846903125 0.46921842031249994
2 0.572348846875 0.46921842031249994 0.572348846875 0.5043746453125 0.5973976546875 0.5043746453125 0.5973976546875 0.46921842031249994 0.572348846875 0.46921842031249994
2 0.5855324296875 0.47156216874999995 0.5855324296875 0.5301558796875 0.6184913921875 0.5301558796875 0.6184913921875 0.47156216874999995 0.5855324296875 0.47156216874999995
2 0.60135273125 0.485624659375 0.60135273125 0.5512496125 0.6316749781250001 0.5512496125 0.6316749781250001 0.485624659375 0.60135273125 0.485624659375
2 0.6198097515625001 0.46921842031249994 0.6198097515625001 0.5629683562500001 0.655405428125 0.5629683562500001 0.655405428125 0.46921842031249994 0.6198097515625001 0.46921842031249994
2 0.647495278125 0.45515593125000003 0.647495278125 0.5887495875 0.7345069375 0.5887495875 0.7345069375 0.45515593125000003 0.647495278125 0.45515593125000003
2 0.242759228125 0.558280859375 0.242759228125 0.59812458125 0.2915384921875 0.59812458125 0.2915384921875 0.558280859375 0.242759228125 0.558280859375
2 0.3930520921875 0.5114058921875 0.3930520921875 0.56062460625 0.4352395640625 0.56062460625 0.4352395640625 0.5114058921875 0.3930520921875 0.5114058921875
2 0.4985207703125 0.48796840625 0.4985207703125 0.50671839375 0.516977790625 0.50671839375 0.516977790625 0.48796840625 0.4985207703125 0.48796840625
2 0.5209328656250001 0.4832809109375 0.5209328656250001 0.49968715 0.5367531671875 0.49968715 0.5367531671875 0.4832809109375 0.5209328656250001 0.4832809109375
2 0.5367531671875 0.4785934140625 0.5367531671875 0.494999653125 0.551255109375 0.494999653125 0.551255109375 0.4785934140625 0.5367531671875 0.4785934140625
2 0.701547975 0.41765595624999996 0.701547975 0.6473432984375 0.9309423499999999 0.6473432984375 0.9309423499999999 0.41765595624999996 0.701547975 0.41765595624999996
2 0.0001812703125 0.5629683562500001 0.0001812703125 0.7574994703125 0.12674368281249998 0.7574994703125 0.12674368281249998 0.5629683562500001 0.0001812703125 0.5629683562500001