2 0.601798321875 0.513361140625 0.601798321875 0.5570662093750001 0.6345771250000001 0.5570662093750001 0.6345771250000001 0.513361140625 0.601798321875 0.513361140625
2 0.562190603125 0.5157891984375 0.562190603125 0.54249785625 0.5799457859375 0.54249785625 0.5799457859375 0.5157891984375 0.562190603125 0.5157891984375
6 0.53487493125 0.484224425 0.53487493125 0.5352136734374999 0.558093253125 0.5352136734374999 0.558093253125 0.484224425 0.53487493125 0.484224425
2 0.5157539640625 0.503648903125 0.5157539640625 0.549782034375 0.543069634375 0.549782034375 0.543069634375 0.503648903125 0.5157539640625 0.503648903125
2 0.4392700890625 0.513361140625 0.4392700890625 0.5473539749999999 0.4652199765625 0.5473539749999999 0.4652199765625 0.513361140625 0.4392700890625 0.513361140625
2 0.405125503125 0.518217259375 0.405125503125 0.5546381484375 0.43653852187500003 0.5546381484375 0.43653852187500003 0.518217259375 0.405125503125 0.518217259375
2 0.1128478390625 0.5109330812499999 0.1128478390625 0.59348710625 0.2016237640625 0.59348710625 0.2016237640625 0.5109330812499999 0.1128478390625 0.5109330812499999
2 0.1975264140625 0.50850501875 0.1975264140625 0.5959151671875 0.27537607343750004 0.5959151671875 0.27537607343750004 0.50850501875 0.1975264140625 0.50850501875
2 0.5785800046875 0.513361140625 0.5785800046875 0.53278561875 0.5895062734375001 0.53278561875 0.5895062734375001 0.513361140625 0.5785800046875 0.513361140625
2 0.5020961296875 0.5157891984375 0.5020961296875 0.54249785625 0.5157539640625 0.54249785625 0.5157539640625 0.5157891984375 0.5020961296875 0.5157891984375
2 0.46248840781249995 0.5109330812499999 0.46248840781249995 0.5692065078125 0.5075592624999999 0.5692065078125 0.5075592624999999 0.5109330812499999 0.46248840781249995 0.5109330812499999
2 0.00085359375 0.484224425 0.00085359375 0.637192171875 0.14152929218750002 0.637192171875 0.14152929218750002 0.484224425 0.00085359375 0.484224425
2 0.267181371875 0.47694024687500003 0.267181371875 0.65176053125 0.41195441875 0.65176053125 0.41195441875 0.47694024687500003 0.267181371875 0.47694024687500003