2 0.469078625 0.4108465703125 0.469078625 0.4257284640625 0.483429021875 0.4257284640625 0.483429021875 0.4108465703125 0.469078625 0.4108465703125
2 0.42572846562500005 0.40659460156250005 0.42572846562500005 0.4363583875 0.4424705953125 0.4363583875 0.4424705953125 0.40659460156250005 0.42572846562500005 0.40659460156250005
2 0.4137698 0.4044686171875 0.4137698 0.4363583875 0.43529539531249994 0.4363583875 0.43529539531249994 0.4044686171875 0.4137698 0.4044686171875
2 0.39822353593750004 0.40234263124999997 0.39822353593750004 0.4406103578125 0.42214086562500003 0.4406103578125 0.42214086562500003 0.40234263124999997 0.39822353593750004 0.40234263124999997
2 0.3814814046875 0.408720584375 0.3814814046875 0.444862328125 0.4137698 0.444862328125 0.4137698 0.408720584375 0.3814814046875 0.408720584375
2 0.3134814453125 0.6875434968749999 0.3134814453125 0.6917954671875 0.323048375 0.6917954671875 0.323048375 0.6875434968749999 0.3134814453125 0.6875434968749999
2 0.3288632796875 0.4044686171875 0.3288632796875 0.474626115625 0.386264871875 0.474626115625 0.386264871875 0.4044686171875 0.3288632796875 0.4044686171875
2 0.480738321875 0.408720584375 0.480738321875 0.4363583875 0.49987218593750005 0.4363583875 0.49987218593750005 0.408720584375 0.480738321875 0.408720584375
2 0.5154184500000001 0.40659460156250005 0.5154184500000001 0.4257284640625 0.5273771140625 0.4257284640625 0.5273771140625 0.40659460156250005 0.5154184500000001 0.40659460156250005
2 0.5249853828125 0.41297255625 0.5249853828125 0.4406103578125 0.5465109781249999 0.4406103578125 0.5465109781249999 0.41297255625 0.5249853828125 0.41297255625
2 0.5369440453125 0.41297255625 0.5369440453125 0.4469883109375 0.559665509375 0.4469883109375 0.559665509375 0.41297255625 0.5369440453125 0.41297255625
2 0.550098578125 0.415098540625 0.550098578125 0.45549225312499997 0.576407640625 0.45549225312499997 0.576407640625 0.415098540625 0.550098578125 0.415098540625
2 0.5740159078125 0.41722452499999996 0.5740159078125 0.4618702078125 0.6015208375000001 0.4618702078125 0.6015208375000001 0.41722452499999996 0.5740159078125 0.41722452499999996
2 0.5871704390625 0.42147649375 0.5871704390625 0.46824816093750005 0.62663403125 0.46824816093750005 0.62663403125 0.42147649375 0.5871704390625 0.42147649375
2 0.6206546984375 0.408720584375 0.6206546984375 0.5001379312500001 0.6983860203125001 0.5001379312500001 0.6983860203125001 0.408720584375 0.6206546984375 0.408720584375
2 0.4926969875 0.41297255625 0.4926969875 0.45124028281250006 0.5261812484374999 0.45124028281250006 0.5261812484374999 0.41297255625 0.4926969875 0.41297255625
2 0.43888299531249997 0.408720584375 0.43888299531249997 0.4491142984375 0.4699755234375 0.4491142984375 0.4699755234375 0.408720584375 0.43888299531249997 0.408720584375
2 0.798240871875 0.42200799062499994 0.798240871875 0.5772048828125 0.97044564375 0.5772048828125 0.97044564375 0.42200799062499994 0.798240871875 0.42200799062499994
2 0 0.6941340484375 0.057401590625 0.6941340484375 0.057401590625 0.4432678390625 0 0.4432678390625 0 0.6941340484375