2 0.1359721921875 0.58171834375 0.1359721921875 0.6239058140625 0.157065928125 0.6239058140625 0.157065928125 0.58171834375 0.1359721921875 0.58171834375
6 0.203208475 0.568009090625 0.203208475 0.6239058125 0.2401225125 0.6239058125 0.2401225125 0.568009090625 0.203208475 0.568009090625
2 0.2823099828125 0.586405840625 0.2823099828125 0.6192183171875 0.30472207500000004 0.6192183171875 0.30472207500000004 0.586405840625 0.2823099828125 0.586405840625
2 0.4497415078125 0.586405840625 0.4497415078125 0.6145308203125001 0.4589700171875 0.6145308203125001 0.4589700171875 0.586405840625 0.4497415078125 0.586405840625
2 0.4563333015625 0.586405840625 0.4563333015625 0.6145308203125001 0.47083524375 0.6145308203125001 0.47083524375 0.586405840625 0.4563333015625 0.586405840625
2 0.502475846875 0.58171834375 0.502475846875 0.59812458125 0.5143410734375 0.59812458125 0.5143410734375 0.58171834375 0.502475846875 0.58171834375
2 0.5090676390625 0.58171834375 0.5090676390625 0.6332808062499999 0.5262063 0.6332808062499999 0.5262063 0.58171834375 0.5090676390625 0.58171834375
2 0.026548439062500002 0.574687096875 0.026548439062500002 0.6285933109374999 0.0713726265625 0.6285933109374999 0.0713726265625 0.574687096875 0.026548439062500002 0.574687096875
2 0.039732025 0.58171834375 0.039732025 0.65531205 0.13597219375 0.65531205 0.13597219375 0.58171834375 0.039732025 0.58171834375
2 0.2269389265625 0.567655853125 0.2269389265625 0.640312053125 0.2823099828125 0.640312053125 0.2823099828125 0.567655853125 0.2269389265625 0.567655853125
2 0.13992726718749998 0.5723433515624999 0.13992726718749998 0.642655803125 0.20980026875000002 0.642655803125 0.20980026875000002 0.5723433515624999 0.13992726718749998 0.5723433515624999
2 0.29285685 0.58171834375 0.29285685 0.6520307953125 0.35613805625 0.6520307953125 0.35613805625 0.58171834375 0.29285685 0.58171834375
2 0.390415378125 0.58171834375 0.390415378125 0.6660932859375001 0.452378225 0.6660932859375001 0.452378225 0.58171834375 0.390415378125 0.58171834375
2 0.51961450625 0.567655853125 0.51961450625 0.640312053125 0.572348846875 0.640312053125 0.572348846875 0.567655853125 0.51961450625 0.567655853125
2 0.461606734375 0.5723433515624999 0.461606734375 0.6403120546875 0.5103859984375 0.6403120546875 0.5103859984375 0.5723433515624999 0.461606734375 0.5723433515624999
6 0.5828957124999999 0.40593721250000003 0.5828957124999999 0.865311896875 0.9929051953125001 0.865311896875 0.9929051953125001 0.40593721250000003 0.5828957124999999 0.40593721250000003
2 0 0.930936853125 0.0819194953125 0.930936853125 0.0819194953125 0.5559371109375 0 0.5559371109375 0 0.930936853125
2 0.88348144375 0.502030896875 0.88348144375 0.541874621875 0.925668915625 0.541874621875 0.925668915625 0.502030896875 0.88348144375 0.502030896875