2 0.35268548125 0.37467281875 0.35268548125 0.3868037640625 0.3624335609375 0.3868037640625 0.3624335609375 0.37467281875 0.35268548125 0.37467281875
2 0.3673076 0.367740853125 0.3673076 0.383337778125 0.3780304859375 0.383337778125 0.3780304859375 0.367740853125 0.3673076 0.367740853125
2 0.380954909375 0.3712068359375 0.380954909375 0.3868037640625 0.3907029890625 0.3868037640625 0.3907029890625 0.3712068359375 0.380954909375 0.3712068359375
2 0.39460221875 0.36427486875000004 0.39460221875 0.398934703125 0.415073184375 0.398934703125 0.415073184375 0.36427486875000004 0.39460221875 0.36427486875000004
2 0.415073184375 0.372939828125 0.415073184375 0.390269746875 0.422871646875 0.390269746875 0.422871646875 0.372939828125 0.415073184375 0.372939828125
2 0.4199472234375 0.372939828125 0.4199472234375 0.393735728125 0.4316449171875 0.393735728125 0.4316449171875 0.372939828125 0.4199472234375 0.372939828125
2 0.4296953015625 0.37813880312500003 0.4296953015625 0.404133678125 0.453090690625 0.404133678125 0.453090690625 0.37813880312500003 0.4296953015625 0.37813880312500003
2 0.28542374062500003 0.38160478593749997 0.28542374062500003 0.4006676953125 0.29907105 0.4006676953125 0.29907105 0.38160478593749997 0.28542374062500003 0.38160478593749997
2 0.2747008546875 0.37640581093750003 0.2747008546875 0.40066769375 0.28542374062500003 0.40066769375 0.28542374062500003 0.37640581093750003 0.2747008546875 0.37640581093750003
2 0.2669023921875 0.37987179375 0.2669023921875 0.398934703125 0.2756756609375 0.398934703125 0.2756756609375 0.37987179375 0.2669023921875 0.37987179375
2 0.25325508124999996 0.3712068359375 0.25325508124999996 0.407599665625 0.265927584375 0.407599665625 0.265927584375 0.3712068359375 0.25325508124999996 0.3712068359375
2 0.224985653125 0.36947384375 0.224985653125 0.41453162812500005 0.2630031609375 0.41453162812500005 0.2630031609375 0.36947384375 0.224985653125 0.36947384375
2 0.1850185328125 0.37640581093750003 0.1850185328125 0.4231965875 0.230834503125 0.4231965875 0.230834503125 0.37640581093750003 0.1850185328125 0.37640581093750003
2 0.119901365625 0.37467281875 0.119901365625 0.4370605203125 0.1822890671875 0.4370605203125 0.1822890671875 0.37467281875 0.119901365625 0.37467281875
2 0.059463278125 0.38507076875 0.059463278125 0.45092445625 0.116976940625 0.45092445625 0.116976940625 0.38507076875 0.059463278125 0.38507076875
2 0 0.457856409375 0.062387701562499995 0.457856409375 0.062387701562499995 0.3729398140625 0 0.3729398140625 0 0.457856409375
2 0.478874353125 0.3543968078125 0.478874353125 0.46877426250000004 0.577329946875 0.46877426250000004 0.577329946875 0.3543968078125 0.478874353125 0.3543968078125
2 0.5586816078125 0.3477231609375 0.5586816078125 0.57670341875 0.69380454375 0.57670341875 0.69380454375 0.3477231609375 0.5586816078125 0.3477231609375
2 0.62979894375 0.292936471875 0.62979894375 0.7424682687499999 0.9980286984375001 0.7424682687499999 0.9980286984375001 0.292936471875 0.62979894375 0.292936471875