2 0.4493864171875 0.398588096875 0.4493864171875 0.4107190390625 0.45913449531249995 0.4107190390625 0.45913449531249995 0.398588096875 0.4493864171875 0.398588096875
2 0.3830994828125 0.398588096875 0.3830994828125 0.41765100468750005 0.400646025 0.41765100468750005 0.400646025 0.398588096875 0.3830994828125 0.398588096875
2 0.372376596875 0.4037870734375 0.372376596875 0.41938399843749996 0.3850491 0.41938399843749996 0.3850491 0.4037870734375 0.372376596875 0.4037870734375
2 0.360678903125 0.4055200640625 0.360678903125 0.42284998125 0.376275828125 0.42284998125 0.376275828125 0.4055200640625 0.360678903125 0.4055200640625
2 0.322561525 0.39685510625 0.322561525 0.4333593203125 0.36262851875 0.4333593203125 0.36262851875 0.39685510625 0.322561525 0.39685510625
2 0.2982912 0.40032108749999995 0.2982912 0.42804895624999995 0.3177873578125 0.42804895624999995 0.3177873578125 0.40032108749999995 0.2982912 0.40032108749999995
2 0.280744659375 0.41245203124999996 0.280744659375 0.447111865625 0.3051148546875 0.447111865625 0.3051148546875 0.41245203124999996 0.280744659375 0.41245203124999996
2 0.2437019625 0.40032108749999995 0.2437019625 0.447111865625 0.287568315625 0.447111865625 0.287568315625 0.40032108749999995 0.2437019625 0.40032108749999995
2 0.23102945937500002 0.40898604687500006 0.23102945937500002 0.46444178125 0.2748958125 0.46444178125 0.2748958125 0.40898604687500006 0.23102945937500002 0.40898604687500006
2 0.45523526406250003 0.3847241625 0.45523526406250003 0.45231084218750006 0.509824503125 0.45231084218750006 0.509824503125 0.3847241625 0.45523526406250003 0.3847241625
2 0.49325277031250003 0.3760592046875 0.49325277031250003 0.440179896875 0.5176229671875 0.440179896875 0.5176229671875 0.3760592046875 0.49325277031250003 0.3760592046875
2 0.5049504640625 0.37432621250000003 0.5049504640625 0.43671391562500006 0.5390687390625 0.43671391562500006 0.5390687390625 0.37432621250000003 0.5049504640625 0.37432621250000003
2 0.518597775 0.37259322031250003 0.518597775 0.44884485625000003 0.55369085625 0.44884485625000003 0.55369085625 0.37259322031250003 0.518597775 0.37259322031250003
2 0.5341947 0.3604622796875 0.5341947 0.45924280624999997 0.59268316875 0.45924280624999997 0.59268316875 0.3604622796875 0.5341947 0.3604622796875
2 0.4240414140625 0.3881901484375 0.4240414140625 0.4228499796875 0.45133603281249995 0.4228499796875 0.45133603281249995 0.3881901484375 0.4240414140625 0.3881901484375
2 0.5780610515625 0.3552633046875 0.5780610515625 0.4835046921875 0.6804158765625 0.4835046921875 0.6804158765625 0.3552633046875 0.5780610515625 0.3552633046875
2 0.703811265625 0.2547497828125 0.703811265625 0.587484196875 0.9991780421875 0.587484196875 0.9991780421875 0.2547497828125 0.703811265625 0.2547497828125
6 0 0.7053276312500001 0.24565157656249997 0.7053276312500001 0.24565157656249997 0.0866495859375 0 0.0866495859375 0 0.7053276312500001
4 0.478630653125 0.3708602296875 0.478630653125 0.4887036671875 0.508849696875 0.4887036671875 0.508849696875 0.3708602296875 0.478630653125 0.3708602296875
4 0.45426045625 0.37432621250000003 0.45426045625 0.49563563125 0.4825298828125 0.49563563125 0.4825298828125 0.37432621250000003 0.45426045625 0.37432621250000003
2 0.31320096406250003 0.400077325 0.31320096406250003 0.420878571875 0.33075201718749997 0.420878571875 0.33075201718749997 0.400077325 0.31320096406250003 0.400077325