2 0.4674736734375 0.478435690625 0.4674736734375 0.497629990625 0.47947010937499995 0.497629990625 0.47947010937499995 0.478435690625 0.4674736734375 0.478435690625
2 0.45667687968750004 0.482701090625 0.45667687968750004 0.499762690625 0.4674736734375 0.499762690625 0.4674736734375 0.482701090625 0.45667687968750004 0.482701090625
2 0.44108151093750003 0.489099190625 0.44108151093750003 0.5082934906250001 0.45307794687499997 0.5082934906250001 0.45307794687499997 0.489099190625 0.44108151093750003 0.489099190625
2 0.425486140625 0.482701090625 0.425486140625 0.5040280890625 0.43748257968750004 0.5040280890625 0.43748257968750004 0.482701090625 0.425486140625 0.482701090625
2 0.4074914859375 0.48483379062500004 0.4074914859375 0.5040280890625 0.4242864984375 0.5040280890625 0.4242864984375 0.48483379062500004 0.4074914859375 0.48483379062500004
2 0.40269290937499996 0.47417029062499993 0.40269290937499996 0.504028090625 0.40989077187499995 0.504028090625 0.40989077187499995 0.47417029062499993 0.40269290937499996 0.47417029062499993
2 0.375101103125 0.461374090625 0.375101103125 0.49762999218750004 0.40269290937499996 0.49762999218750004 0.40269290937499996 0.461374090625 0.375101103125 0.461374090625
2 0.355906803125 0.463506790625 0.355906803125 0.49976269218749997 0.378700034375 0.49976269218749997 0.378700034375 0.463506790625 0.355906803125 0.463506790625
2 0.33551285937499997 0.452843290625 0.33551285937499997 0.504028090625 0.36430431093750004 0.504028090625 0.36430431093750004 0.452843290625 0.33551285937499997 0.452843290625
2 0.30312247812500004 0.457108690625 0.30312247812500004 0.512558890625 0.34271072187499996 0.512558890625 0.34271072187499996 0.457108690625 0.30312247812500004 0.457108690625
2 0.153167009375 0.44857789062500003 0.153167009375 0.568009090625 0.267133165625 0.568009090625 0.267133165625 0.44857789062500003 0.153167009375 0.44857789062500003
2 0.47587117812499996 0.48056839062499995 0.47587117812499996 0.514691590625 0.49626512343750007 0.514691590625 0.49626512343750007 0.48056839062499995 0.47587117812499996 0.48056839062499995
2 0.4938658359375 0.478435690625 0.4938658359375 0.525355090625 0.5154594234375 0.525355090625 0.5154594234375 0.478435690625 0.4938658359375 0.478435690625
2 0.5010636984375 0.48483379062500004 0.5010636984375 0.5296204906249999 0.52385693125 0.5296204906249999 0.52385693125 0.48483379062500004 0.5010636984375 0.48483379062500004
2 0.5094612046875 0.465639490625 0.5094612046875 0.550947490625 0.5562473125 0.550947490625 0.5562473125 0.465639490625 0.5094612046875 0.465639490625
2 0.5358533671875 0.457108690625 0.5358533671875 0.568009090625 0.6174291421875 0.568009090625 0.6174291421875 0.457108690625 0.5358533671875 0.457108690625
2 0.5634451734375 0.478435690625 0.5634451734375 0.617061190625 0.6882081234374999 0.617061190625 0.6882081234374999 0.478435690625 0.5634451734375 0.478435690625
2 1 0.41445469062500007 0.7673846125 0.41445469062500007 0.7673846125 0.8623216906250001 1 0.8623216906250001 1 0.41445469062500007