2 0.5593589828125001 0.6800949515625 0.5593589828125001 0.69792515625 0.5765523953125 0.69792515625 0.5765523953125 0.6800949515625 0.5593589828125001 0.6800949515625
2 0.53786721875 0.67245343125 0.53786721875 0.6979251546875 0.5579261984375 0.6979251546875 0.5579261984375 0.67245343125 0.53786721875 0.67245343125
2 0.5782717546875 0.6800949515625 0.5782717546875 0.69792515625 0.5925995984375 0.69792515625 0.5925995984375 0.6800949515625 0.5782717546875 0.6800949515625
2 0.5037669703125001 0.66481191875 0.5037669703125001 0.7030195015625 0.5410193609375 0.7030195015625 0.5410193609375 0.66481191875 0.5037669703125001 0.66481191875
2 0.38455931875 0.59858544375 0.38455931875 0.692830809375 0.45190018125 0.692830809375 0.45190018125 0.59858544375 0.38455931875 0.59858544375
4 0.4636490109375 0.6469817124999999 0.4636490109375 0.6953779828125 0.4779768546875 0.6953779828125 0.4779768546875 0.6469817124999999 0.4636490109375 0.6469817124999999
2 0.30948141093750003 0.58839675625 0.30948141093750003 0.69792515625 0.4097763125 0.69792515625 0.4097763125 0.58839675625 0.30948141093750003 0.58839675625
3 0.1762324703125 0.59858544375 0.1762324703125 0.736132734375 0.2306782734375 0.736132734375 0.2306782734375 0.59858544375 0.1762324703125 0.59858544375
2 0.186261959375 0.568019378125 0.186261959375 0.7284912203125 0.3324059578125 0.7284912203125 0.3324059578125 0.568019378125 0.186261959375 0.568019378125
2 0 0.8167931984375001 0.194858665625 0.8167931984375001 0.194858665625 0.4983966890625 0 0.4983966890625 0 0.8167931984375001
2 0.5893519578124999 0.5909439265625 0.5893519578124999 0.746321425 0.6939452109375 0.746321425 0.6939452109375 0.5909439265625 0.5893519578124999 0.5909439265625