2 0.2860804671875 0.45685617812499996 0.2860804671875 0.47742405625 0.3060640296875 0.47742405625 0.3060640296875 0.45685617812499996 0.2860804671875 0.45685617812499996
2 0.26294160624999996 0.44937695 0.26294160624999996 0.47929386249999995 0.2808216359375 0.47929386249999995 0.2808216359375 0.44937695 0.26294160624999996 0.44937695
2 0.3039604984375 0.4418977234375 0.3039604984375 0.48490328125 0.335513490625 0.48490328125 0.335513490625 0.4418977234375 0.3039604984375 0.4418977234375
2 0.1609202625 0.45685617812499996 0.1609202625 0.4942523171875 0.1872144234375 0.4942523171875 0.1872144234375 0.45685617812499996 0.1609202625 0.45685617812499996
2 0.188266190625 0.4531165640625 0.188266190625 0.503601353125 0.2177156515625 0.503601353125 0.2177156515625 0.4531165640625 0.188266190625 0.4531165640625
2 0.2019391546875 0.45498636875000004 0.2019391546875 0.5073409671875 0.239802746875 0.5073409671875 0.239802746875 0.45498636875000004 0.2019391546875 0.45498636875000004
2 0.09886604375 0.4605957921875 0.09886604375 0.5166900015625 0.1451437671875 0.5166900015625 0.1451437671875 0.4605957921875 0.09886604375 0.4605957921875
2 0.0115694296875 0.4699448265625 0.0115694296875 0.520429615625 0.0399671234375 0.520429615625 0.0399671234375 0.4699448265625 0.0115694296875 0.4699448265625
2 0.021035328125 0.4699448265625 0.021035328125 0.5391276859375 0.11674607343750001 0.5391276859375 0.11674607343750001 0.4699448265625 0.021035328125 0.4699448265625
2 0 0.5559559484375 0.0252423953125 0.5559559484375 0.0252423953125 0.4587259859375 0 0.4587259859375 0 0.5559559484375
2 0.3761817984375 0.43504176875 0.3761817984375 0.455609646875 0.40037242656250005 0.455609646875 0.40037242656250005 0.43504176875 0.3761817984375 0.43504176875
2 0.43613248593750004 0.423822928125 0.43613248593750004 0.4425209953125 0.4424430828125 0.4425209953125 0.4424430828125 0.423822928125 0.43613248593750004 0.423822928125
2 0.49468082031250005 0.423822928125 0.49468082031250005 0.4425209953125 0.503094953125 0.4425209953125 0.503094953125 0.423822928125 0.49468082031250005 0.423822928125
2 0.48205962500000005 0.427562540625 0.48205962500000005 0.45373983906250004 0.4988878875 0.45373983906250004 0.4988878875 0.427562540625 0.48205962500000005 0.427562540625
2 0.5241302812499999 0.41821350625 0.5241302812499999 0.4369115734375 0.5378032453125 0.4369115734375 0.5378032453125 0.41821350625 0.5241302812499999 0.41821350625
2 0.5314926437499999 0.42569273281250003 0.5314926437499999 0.45373983906250004 0.5451656093749999 0.45373983906250004 0.5451656093749999 0.42569273281250003 0.5314926437499999 0.42569273281250003
2 0.54095854375 0.41821350625 0.54095854375 0.464958678125 0.5714597703125001 0.464958678125 0.5714597703125001 0.41821350625 0.54095854375 0.41821350625
2 0.5630456374999999 0.416343696875 0.5630456374999999 0.47991713437500005 0.59775393125 0.47991713437500005 0.59775393125 0.416343696875 0.5630456374999999 0.416343696875
2 0.58092566875 0.423822928125 0.58092566875 0.48926617187500004 0.6061680625 0.48926617187500004 0.6061680625 0.423822928125 0.58092566875 0.423822928125
2 0.59459863125 0.4069946640625 0.59459863125 0.509834046875 0.65454931875 0.509834046875 0.65454931875 0.4069946640625 0.59459863125 0.4069946640625
2 0.45857016249999993 0.429120703125 0.45857016249999993 0.47212626406249997 0.48486432187500006 0.47212626406249997 0.48486432187500006 0.429120703125 0.45857016249999993 0.429120703125
2 0.48907139062500005 0.42725089374999997 0.48907139062500005 0.50017336875 0.542711478125 0.50017336875 0.542711478125 0.42725089374999997 0.48907139062500005 0.42725089374999997
2 0.6058174640625 0.42351128125 0.6058174640625 0.53382989375 0.7057352734375 0.53382989375 0.7057352734375 0.42351128125 0.6058174640625 0.42351128125
2 0.32289229375 0.44033954375000006 0.32289229375 0.55065815625 0.41439597343749995 0.55065815625 0.41439597343749995 0.44033954375000006 0.32289229375 0.44033954375000006
2 0.4028265421875 0.4337952203125 0.4028265421875 0.501108271875 0.45331133125 0.501108271875 0.45331133125 0.4337952203125 0.4028265421875 0.4337952203125
2 0.74938358125 0.3262813203125 0.74938358125 0.6834144546875 0.999703990625 0.6834144546875 0.999703990625 0.3262813203125 0.74938358125 0.3262813203125