2 0.0007922296875 0.534592059375 0.0007922296875 0.686441165625 0.14822106875000002 0.686441165625 0.14822106875000002 0.534592059375 0.0007922296875 0.534592059375
2 0.41850727968749996 0.397303825 0.41850727968749996 0.9402163828125 0.799950153125 0.9402163828125 0.799950153125 0.397303825 0.41850727968749996 0.397303825
2 0.3787248921875 0.5221113093749999 0.3787248921875 0.54915293125 0.4044664359375 0.54915293125 0.4044664359375 0.5221113093749999 0.3787248921875 0.5221113093749999
6 0.309690753125 0.5033901875 0.309690753125 0.580354803125 0.3681942625 0.580354803125 0.3681942625 0.5033901875 0.309690753125 0.5033901875
2 0.1271598078125 0.5325119328125 0.1271598078125 0.6344380453125 0.2312960515625 0.6344380453125 0.2312960515625 0.5325119328125 0.1271598078125 0.5325119328125
2 0.2102347875 0.5117106875 0.2102347875 0.611556675 0.29564991093750004 0.611556675 0.29564991093750004 0.5117106875 0.2102347875 0.5117106875
2 0.395105875 0.5158709359375 0.395105875 0.5408324312499999 0.41499706718749996 0.5408324312499999 0.41499706718749996 0.5158709359375 0.395105875 0.5158709359375
2 0.41031678749999995 0.5117106875 0.41031678749999995 0.5366721828125 0.4220174890625 0.5366721828125 0.4220174890625 0.5117106875 0.41031678749999995 0.5117106875
2 0.41499706718749996 0.5075504359375 0.41499706718749996 0.524191434375 0.43020797968749996 0.524191434375 0.43020797968749996 0.5075504359375 0.41499706718749996 0.5075504359375
2 0.427867840625 0.5033901875 0.427867840625 0.520031184375 0.43722839999999996 0.520031184375 0.43722839999999996 0.5033901875 0.427867840625 0.5033901875
2 0.44424882187500003 0.4950696875 0.44424882187500003 0.513790809375 0.455949525 0.513790809375 0.455949525 0.4950696875 0.44424882187500003 0.4950696875