4 0.640739925 0.41593714843749996 0.640739925 0.5481620671874999 0.6710414671875 0.5481620671874999 0.6710414671875 0.41593714843749996 0.640739925 0.41593714843749996
4 0.67471438125 0.41756955625 0.67471438125 0.546529659375 0.7013430109375001 0.546529659375 0.7013430109375001 0.41756955625 0.67471438125 0.41756955625
2 0.3954504640625 0.4385731875 0.3954504640625 0.4630592828125 0.4110603484375 0.4630592828125 0.4110603484375 0.4385731875 0.3954504640625 0.4385731875
2 0.4468712640625 0.43041115625000004 0.4468712640625 0.44836762812500003 0.45789000625 0.44836762812500003 0.45789000625 0.43041115625000004 0.4468712640625 0.43041115625000004
2 0.46890875000000004 0.42877875000000004 0.46890875000000004 0.44673521875000005 0.48360040625 0.44673521875000005 0.48360040625 0.42877875000000004 0.46890875000000004 0.42877875000000004
2 0.48360040625 0.43694077968749995 0.48360040625 0.45489725156249994 0.498292065625 0.45489725156249994 0.498292065625 0.43694077968749995 0.48360040625 0.43694077968749995
2 0.48819155 0.4255139359375 0.48819155 0.4418379984375 0.4973738359375 0.4418379984375 0.4973738359375 0.4255139359375 0.48819155 0.4255139359375
2 0.4557474640625 0.43694077968749995 0.4557474640625 0.46577996875 0.47349989375 0.46577996875 0.47349989375 0.43694077968749995 0.4557474640625 0.43694077968749995
2 0.3697400625 0.4385731875 0.3697400625 0.489177784375 0.39085932031250004 0.489177784375 0.39085932031250004 0.4385731875 0.3697400625 0.4385731875
2 0.346784346875 0.44020559375 0.346784346875 0.498972221875 0.38259526250000003 0.498972221875 0.38259526250000003 0.44020559375 0.346784346875 0.44020559375
2 0.7113648125 0.41183281875000005 0.7113648125 0.527733671875 0.7903324703125 0.527733671875 0.7903324703125 0.41183281875000005 0.7113648125 0.41183281875000005
2 0.7719678984375 0.4069356 0.7719678984375 0.5228364531249999 0.8454261843750001 0.5228364531249999 0.8454261843750001 0.4069356 0.7719678984375 0.4069356
2 0.11306837343750001 0.457073784375 0.11306837343750001 0.5795042609375 0.1966271734375 0.5795042609375 0.1966271734375 0.457073784375 0.11306837343750001 0.457073784375
4 0.1332694015625 0.4554413796875 0.1332694015625 0.48808950624999997 0.1452063734375 0.48808950624999997 0.1452063734375 0.4554413796875 0.1332694015625 0.4554413796875
2 0 0.65039736875 0.12264910312499999 0.65039736875 0.12264910312499999 0.4463465703125 0 0.4463465703125 0 0.65039736875
1 0.41280933593749997 0.4164968453125 0.41280933593749997 0.445880159375 0.431173909375 0.445880159375 0.431173909375 0.4164968453125 0.41280933593749997 0.4164968453125
2 0.1891550890625 0.35314392968749997 0.1891550890625 0.584945634375 0.32780760625 0.584945634375 0.32780760625 0.35314392968749997 0.1891550890625 0.35314392968749997
2 0.43095529218750006 0.426602215625 0.43095529218750006 0.454353121875 0.44840163437499997 0.454353121875 0.44840163437499997 0.426602215625 0.43095529218750006 0.426602215625
2 0.4566656921875 0.442926278125 0.4566656921875 0.4674123734375 0.4759484921875 0.4674123734375 0.4759484921875 0.442926278125 0.4566656921875 0.442926278125
2 0.32649585000000003 0.442848540625 0.32649585000000003 0.5146744203125 0.37424373437499997 0.5146744203125 0.37424373437499997 0.442848540625 0.32649585000000003 0.442848540625
2 0.41280933593749997 0.4346865078125 0.41280933593749997 0.45917260468750004 0.4302556796875 0.45917260468750004 0.4302556796875 0.4346865078125 0.41280933593749997 0.4346865078125