2 0.1574883890625 0.5100614046875 0.1574883890625 0.5585726796875 0.2089449921875 0.5585726796875 0.2089449921875 0.5100614046875 0.1574883890625 0.5100614046875
2 0.22141931874999998 0.5183776234375 0.22141931874999998 0.554414571875 0.26040159375 0.554414571875 0.26040159375 0.5183776234375 0.22141931874999998 0.5183776234375
2 0.272875921875 0.5142195140625 0.272875921875 0.5419402437499999 0.30172280625000003 0.5419402437499999 0.30172280625000003 0.5142195140625 0.272875921875 0.5142195140625
2 0.32667145937500003 0.5100614046875 0.32667145937500003 0.5363960984375 0.34460330625 0.5363960984375 0.34460330625 0.5100614046875 0.32667145937500003 0.5100614046875
2 0.4880580765625 0.5017451859375 0.4880580765625 0.52114969375 0.5028713406249999 0.52114969375 0.5028713406249999 0.5017451859375 0.4880580765625 0.5017451859375
2 0.5247014140624999 0.49204292968749996 0.5247014140624999 0.5197636578125 0.541853615625 0.5197636578125 0.541853615625 0.49204292968749996 0.5247014140624999 0.49204292968749996
2 0.567581915625 0.487884821875 0.567581915625 0.577977190625 0.637750009375 0.577977190625 0.637750009375 0.487884821875 0.567581915625 0.487884821875
2 0.34694224375 0.4975870765625 0.34694224375 0.5294659171875 0.3633147984375 0.5294659171875 0.3633147984375 0.4975870765625 0.34694224375 0.4975870765625
2 0.3625351515625 0.503131221875 0.3625351515625 0.52253573125 0.37345019062499996 0.52253573125 0.37345019062499996 0.503131221875 0.3625351515625 0.503131221875
2 0.374229834375 0.5059032953125 0.374229834375 0.5225357296875 0.38748380781249997 0.5225357296875 0.38748380781249997 0.5059032953125 0.374229834375 0.5059032953125
2 0.3851448703125 0.5045172578125 0.3851448703125 0.518377621875 0.39450061718749996 0.518377621875 0.39450061718749996 0.5045172578125 0.3851448703125 0.5045172578125
2 0.3976192 0.503131221875 0.3976192 0.516991590625 0.4077545921875 0.516991590625 0.4077545921875 0.503131221875 0.3976192 0.503131221875
2 0.4077545921875 0.503131221875 0.4077545921875 0.5183776234375 0.416330690625 0.5183776234375 0.416330690625 0.503131221875 0.4077545921875 0.503131221875
2 0.41711033750000004 0.5017451859375 0.41711033750000004 0.512833478125 0.42880501875 0.512833478125 0.42880501875 0.5017451859375 0.41711033750000004 0.5017451859375
2 0.42412714687499997 0.5003591484375 0.42412714687499997 0.5142195125 0.4366014734375 0.5142195125 0.4366014734375 0.5003591484375 0.42412714687499997 0.5003591484375
2 0.51300673125 0.4975870765625 0.51300673125 0.5142195140625 0.5254810609375 0.5142195140625 0.5254810609375 0.4975870765625 0.51300673125 0.4975870765625
2 0.5067695671875 0.4962010390625 0.5067695671875 0.5114474421875 0.51534566875 0.5114474421875 0.51534566875 0.4962010390625 0.5067695671875 0.4962010390625
2 0.9574046609375 0.48511274843749996 0.9574046609375 0.5294659171875 0.9987258703125 0.5294659171875 0.9987258703125 0.48511274843749996 0.9574046609375 0.48511274843749996