1 0.6639794546875 0.3906121578125 0.6639794546875 0.53387743125 0.7301018921875 0.53387743125 0.7301018921875 0.3906121578125 0.6639794546875 0.3906121578125
4 0.729413128125 0.46180748125 0.729413128125 0.5279299156249999 0.741811084375 0.5279299156249999 0.741811084375 0.46180748125 0.729413128125 0.46180748125
4 0.76040801875 0.4765013546875 0.76040801875 0.5334401140625 0.7717728109374999 0.5334401140625 0.7717728109374999 0.4765013546875 0.76040801875 0.4765013546875
4 0.2405793953125 0.40670545156250004 0.2405793953125 0.5720115375 0.2767401015625 0.5720115375 0.2767401015625 0.40670545156250004 0.2405793953125 0.40670545156250004
4 0.24987786406249998 0.3736442296875 0.24987786406249998 0.5738482703125001 0.287071734375 0.5738482703125001 0.287071734375 0.3736442296875 0.24987786406249998 0.3736442296875
4 0.35629365625 0.3977841734375 0.35629365625 0.5465596515625 0.3914212015625 0.5465596515625 0.3914212015625 0.3977841734375 0.35629365625 0.3977841734375
4 0.5990869734375 0.469154415625 0.5990869734375 0.51139930625 0.6104517671874999 0.51139930625 0.6104517671874999 0.469154415625 0.5990869734375 0.469154415625
4 0.2144551296875 0.3809911703125 0.2144551296875 0.58854214375 0.2630137921875 0.58854214375 0.2630137921875 0.3809911703125 0.2144551296875 0.3809911703125
4 0.1421337171875 0.3644605609375 0.1421337171875 0.5793584734375 0.20102400937499998 0.5793584734375 0.20102400937499998 0.3644605609375 0.1421337171875 0.3644605609375
4 0.28677654375 0.38125356718750003 0.28677654375 0.5575800609375 0.330169390625 0.5575800609375 0.330169390625 0.38125356718750003 0.28677654375 0.38125356718750003
4 0.33326887968749996 0.4051311125 0.33326887968749996 0.5410494484374999 0.36013111875 0.5410494484374999 0.36013111875 0.4051311125 0.33326887968749996 0.4051311125
4 0.38389386718749996 0.3904372390625 0.38389386718749996 0.5832943390625001 0.41695508437499995 0.5832943390625001 0.41695508437499995 0.3904372390625 0.38389386718749996 0.3904372390625
4 0.45001630625000005 0.4124780484375 0.45001630625000005 0.5465596515625 0.47791170781250003 0.5465596515625 0.47791170781250003 0.4124780484375 0.45001630625000005 0.4124780484375
4 0.49547547812500004 0.44553926875 0.49547547812500004 0.50982496875 0.5120060875 0.50982496875 0.5120060875 0.44553926875 0.49547547812500004 0.44553926875
4 0.5403442734375 0.4198249875 0.5403442734375 0.6071718890625 0.57650498125 0.6071718890625 0.57650498125 0.4198249875 0.5403442734375 0.4198249875
4 0.7689685015625 0.45472293906249994 0.7689685015625 0.53186578125 0.7937644171875 0.53186578125 0.7937644171875 0.45472293906249994 0.7689685015625 0.45472293906249994