4 0.5294529390625 0.6262497812500001 0.5294529390625 0.6824997609375 0.547382621875 0.6824997609375 0.547382621875 0.6262497812500001 0.5294529390625 0.6262497812500001
2 0.723726321875 0.67462476875 0.723726321875 0.7177497515625 0.746929440625 0.7177497515625 0.746929440625 0.67462476875 0.723726321875 0.67462476875
2 0.62564041875 0.657749775 0.62564041875 0.6858747640625 0.6425154125 0.6858747640625 0.6425154125 0.657749775 0.62564041875 0.657749775
2 0.6741560265625 0.667124771875 0.6741560265625 0.6933747625 0.6868122750000001 0.6933747625 0.6868122750000001 0.667124771875 0.6741560265625 0.667124771875
2 0.6045466765625 0.657749775 0.6045466765625 0.67837476875 0.62353104375 0.67837476875 0.62353104375 0.657749775 0.6045466765625 0.657749775
2 0.581343559375 0.6483747796875 0.581343559375 0.6821247687499999 0.6045466765625 0.6821247687499999 0.6045466765625 0.6483747796875 0.581343559375 0.6483747796875
2 0.543374821875 0.64462478125 0.543374821875 0.6746247703125 0.5707966890625 0.6746247703125 0.5707966890625 0.64462478125 0.543374821875 0.64462478125
2 0.751991925 0.677499753125 0.751991925 0.7206247390625 0.7878512875 0.7206247390625 0.7878512875 0.677499753125 0.751991925 0.677499753125
2 0.8247653359375 0.688749753125 0.8247653359375 0.7131247421875 0.8500778265625 0.7131247421875 0.8500778265625 0.688749753125 0.8247653359375 0.688749753125
2 0.7825778515625 0.6793747531250001 0.7825778515625 0.7281247343749999 0.82371065 0.7281247343749999 0.82371065 0.6793747531250001 0.7825778515625 0.6793747531250001
2 0.2879295859375 0.60062478125 0.2879295859375 0.6418747640625 0.31640613906250004 0.6418747640625 0.31640613906250004 0.60062478125 0.2879295859375 0.60062478125
2 0.4055200640625 0.6231247734375 0.4055200640625 0.66812475625 0.4398045328125 0.66812475625 0.4398045328125 0.6231247734375 0.4055200640625 0.6231247734375
2 0.830394725 0.6809997625 0.830394725 0.772874728125 0.952738434375 0.772874728125 0.952738434375 0.6809997625 0.830394725 0.6809997625
2 0.3009417875 0.6022497875 0.3009417875 0.680999759375 0.399027690625 0.680999759375 0.399027690625 0.6022497875 0.3009417875 0.6022497875
2 0.07312936406250001 0.5666248 0.07312936406250001 0.62287478125 0.123754346875 0.62287478125 0.123754346875 0.5666248 0.07312936406250001 0.5666248
1 0.18406388906249999 0.5397068421875 0.18406388906249999 0.6372068078125 0.290587290625 0.6372068078125 0.290587290625 0.5397068421875 0.18406388906249999 0.5397068421875
2 0.08492330000000001 0.5659568328125 0.08492330000000001 0.6597068 0.2167591921875 0.6597068 0.2167591921875 0.5659568328125 0.08492330000000001 0.5659568328125
2 0.4403528625 0.6203318140625 0.4403528625 0.6840817921875 0.500470028125 0.6840817921875 0.500470028125 0.6203318140625 0.4403528625 0.6203318140625
2 0.6417981046875 0.6615818 0.6417981046875 0.704706784375 0.6755480921875 0.704706784375 0.6755480921875 0.6615818 0.6417981046875 0.6615818
2 0.6787121546875 0.6634567984374999 0.6787121546875 0.74220676875 0.7272277625 0.74220676875 0.7272277625 0.6634567984374999 0.6787121546875 0.6634567984374999
2 0.017929681250000003 0.5306248140625 0.017929681250000003 0.6506247703125 0.0759374734375 0.6506247703125 0.0759374734375 0.5306248140625 0.017929681250000003 0.5306248140625
2 0.920741865625 0.684374759375 0.920741865625 0.8568747 0.9987887125 0.8568747 0.9987887125 0.684374759375 0.920741865625 0.684374759375
2 0 0.6712497640625 0.0326953 0.6712497640625 0.0326953 0.51749981875 0 0.51749981875 0 0.6712497640625