2 0.96993380625 0.43324793125000005 0.96993380625 0.5198975171875 0.9994969890625001 0.5198975171875 0.9994969890625001 0.43324793125000005 0.96993380625 0.43324793125000005
2 0.44646199375 0.43324793125000005 0.44646199375 0.45231084062500004 0.456210071875 0.45231084062500004 0.456210071875 0.43324793125000005 0.44646199375 0.43324793125000005
2 0.43866353125 0.44017989843749994 0.43866353125 0.460975796875 0.450361225 0.460975796875 0.450361225 0.44017989843749994 0.43866353125 0.44017989843749994
2 0.42696583749999995 0.434980921875 0.42696583749999995 0.4471118640625 0.43671391562500006 0.4471118640625 0.43671391562500006 0.434980921875 0.42696583749999995 0.434980921875
2 0.4747314203125 0.42804895624999995 0.4747314203125 0.4835046921875 0.5127489265625 0.4835046921875 0.5127489265625 0.42804895624999995 0.4747314203125 0.42804895624999995
2 0.42111698906250006 0.44191288906250004 0.42111698906250006 0.466174771875 0.428915453125 0.466174771875 0.428915453125 0.44191288906250004 0.42111698906250006 0.44191288906250004
2 0.4094192953125 0.44191288906250004 0.4094192953125 0.466174771875 0.4191673734375 0.466174771875 0.4191673734375 0.44191288906250004 0.4094192953125 0.44191288906250004
2 0.3207117796875 0.4367139171875 0.3207117796875 0.4869706765625 0.3450819765625 0.4869706765625 0.3450819765625 0.4367139171875 0.3207117796875 0.4367139171875
0 0.2437019625 0.46790776562499997 0.2437019625 0.50083460625 0.262223309375 0.50083460625 0.262223309375 0.46790776562499997 0.2437019625 0.46790776562499997
2 0.2592988875 0.4367139171875 0.2592988875 0.50949956875 0.3246110125 0.50949956875 0.3246110125 0.4367139171875 0.2592988875 0.4367139171875
2 0.3353338984375 0.40898604531249994 0.3353338984375 0.5146985421875 0.41234371718749996 0.5146985421875 0.41234371718749996 0.40898604531249994 0.3353338984375 0.40898604531249994
2 0.5088496953125 0.426315965625 0.5088496953125 0.474839734375 0.5185977734375 0.474839734375 0.5185977734375 0.426315965625 0.5088496953125 0.426315965625
2 0.5195725828125 0.42284998125 0.5195725828125 0.4783057171875 0.5302954671875 0.4783057171875 0.5302954671875 0.42284998125 0.5195725828125 0.42284998125
2 0.5263962375 0.42284998125 0.5263962375 0.4887036671875 0.5419931625000001 0.4887036671875 0.5419931625000001 0.42284998125 0.5263962375 0.42284998125
2 0.5410183546875 0.41245203124999996 0.5410183546875 0.49563563281249995 0.5595397046875 0.49563563281249995 0.5595397046875 0.41245203124999996 0.5410183546875 0.41245203124999996
2 0.5488168171875001 0.4020540796875 0.5488168171875001 0.50949956875 0.6229022140625 0.50949956875 0.6229022140625 0.4020540796875 0.5488168171875001 0.4020540796875
4 0.6774914546875 0.40032108906249997 0.6774914546875 0.4817717015625 0.6921135703125 0.4817717015625 0.6921135703125 0.40032108906249997 0.6774914546875 0.40032108906249997