2 0.40420286718750004 0.47090564375 0.40420286718750004 0.4857875375 0.41974913125 0.4857875375 0.41974913125 0.47090564375 0.40420286718750004 0.47090564375
2 0.37430620625 0.47090564375 0.37430620625 0.494291471875 0.39941940468750003 0.494291471875 0.39941940468750003 0.47090564375 0.37430620625 0.47090564375
2 0.35636820937499997 0.46877965625 0.35636820937499997 0.5027954140625 0.3755020734375 0.5027954140625 0.3755020734375 0.46877965625 0.35636820937499997 0.46877965625
2 0.3384302125 0.48153556562500005 0.3384302125 0.50917336875 0.358759940625 0.50917336875 0.358759940625 0.48153556562500005 0.3384302125 0.48153556562500005
2 0.0861023859375 0.5134253390625 0.0861023859375 0.58996079375 0.1793799703125 0.58996079375 0.1793799703125 0.5134253390625 0.0861023859375 0.5134253390625
2 0.48851145625000003 0.46452768593749993 0.48851145625000003 0.48153556406250003 0.4980783875 0.48153556406250003 0.4980783875 0.46452768593749993 0.48851145625000003 0.46452768593749993
2 0.5375419796875 0.4453938234375 0.5375419796875 0.48153556249999996 0.587768371875 0.48153556249999996 0.587768371875 0.4453938234375 0.5375419796875 0.4453938234375
2 0.7001798203125 0.443267840625 0.7001798203125 0.485787534375 0.771931809375 0.485787534375 0.771931809375 0.443267840625 0.7001798203125 0.443267840625
2 0.6332112953125 0.45602374531249995 0.6332112953125 0.5112993546875 0.7384475484374999 0.5112993546875 0.7384475484374999 0.45602374531249995 0.6332112953125 0.45602374531249995
2 0.4717693234375 0.46240170625 0.4717693234375 0.4772835953125 0.48492385625 0.4772835953125 0.48492385625 0.46240170625 0.4717693234375 0.46240170625
2 0.0011958671875 0.5368111703125 0.0011958671875 0.6409844328125 0.0861023875 0.6409844328125 0.0861023875 0.5368111703125 0.0011958671875 0.5368111703125