2 0.22225618906250003 0.47079046093750004 0.22225618906250003 0.6186780453125 0.3587292875 0.6186780453125 0.3587292875 0.47079046093750004 0.22225618906250003 0.47079046093750004
2 0.3753010203125 0.497368625 0.3753010203125 0.54069341875 0.4094192953125 0.54069341875 0.4094192953125 0.497368625 0.3753010203125 0.497368625
2 0.41520625468750005 0.503505246875 0.41520625468750005 0.532028459375 0.437242340625 0.532028459375 0.437242340625 0.503505246875 0.41520625468750005 0.503505246875
6 0.43840213281249996 0.48697067499999996 0.43840213281249996 0.5441594015625 0.4698573828125 0.5441594015625 0.4698573828125 0.48697067499999996 0.43840213281249996 0.48697067499999996
2 0.48247430625 0.49319595312500003 0.48247430625 0.51175265625 0.49639183437499995 0.51175265625 0.49639183437499995 0.49319595312500003 0.48247430625 0.49319595312500003
2 0.34703159375000003 0.5060335828125 0.34703159375000003 0.53549444375 0.383891815625 0.53549444375 0.383891815625 0.5060335828125 0.34703159375000003 0.5060335828125
2 0.41624295 0.49563563281249995 0.41624295 0.5077665765625 0.42641760156249997 0.5077665765625 0.42641760156249997 0.49563563281249995 0.41624295 0.49563563281249995
2 0.126417546875 0.49415816718750005 0.126417546875 0.51469854375 0.154252603125 0.51469854375 0.154252603125 0.49415816718750005 0.126417546875 0.49415816718750005
2 0.11250001875 0.4783057171875 0.11250001875 0.5044674453125 0.14613404531250002 0.5044674453125 0.14613404531250002 0.4783057171875 0.11250001875 0.4783057171875
2 0 0.5127148734375 0.02242058125 0.5127148734375 0.02242058125 0.45967605625 0 0.45967605625 0 0.5127148734375
2 0.44353756874999994 0.47310674218750004 0.44353756874999994 0.4835046921875 0.45133603281249995 0.4835046921875 0.45133603281249995 0.47310674218750004 0.44353756874999994 0.47310674218750004
2 0.45231084062500004 0.47483973281249997 0.45231084062500004 0.48697067499999996 0.460109303125 0.48697067499999996 0.460109303125 0.47483973281249997 0.45231084062500004 0.47483973281249997
2 0.47570622812499996 0.4835046921875 0.47570622812499996 0.497368625 0.4825298828125 0.497368625 0.4825298828125 0.4835046921875 0.47570622812499996 0.4835046921875
2 0.7502121546875 0.5105393734375 0.7502121546875 0.5365342484375 0.7736075421875 0.5365342484375 0.7736075421875 0.5105393734375 0.7502121546875 0.5105393734375
2 0.6683282937499999 0.50880638125 0.6683282937499999 0.527869290625 0.7102450328125001 0.527869290625 0.7102450328125001 0.50880638125 0.6683282937499999 0.50880638125