2 0.2203471328125 0.34968725312500004 0.2203471328125 0.3942184703125 0.291538490625 0.3942184703125 0.291538490625 0.34968725312500004 0.2203471328125 0.34968725312500004
2 0.3099955109375 0.3332810140625 0.3099955109375 0.3778122328125 0.357456415625 0.3778122328125 0.357456415625 0.3332810140625 0.3099955109375 0.3332810140625
2 0.3600931328125 0.3473435046875 0.3600931328125 0.37078098593750003 0.3772317921875 0.37078098593750003 0.3772317921875 0.3473435046875 0.3600931328125 0.3473435046875
2 0.3772317921875 0.352031003125 0.3772317921875 0.36843723906250003 0.3917337359375 0.36843723906250003 0.3917337359375 0.352031003125 0.3772317921875 0.352031003125
2 0.50774928125 0.32390602031250004 0.50774928125 0.38015598281249996 0.5301613765625001 0.38015598281249996 0.5301613765625001 0.32390602031250004 0.50774928125 0.32390602031250004
2 0.5209328656250001 0.316874775 0.5209328656250001 0.40593721406250005 0.55652854375 0.40593721406250005 0.55652854375 0.316874775 0.5209328656250001 0.316874775
2 0.540708240625 0.3004685375 0.540708240625 0.43406219375 0.6356300515625 0.43406219375 0.6356300515625 0.3004685375 0.540708240625 0.3004685375
2 0.3680032828125 0.30749978125 0.3680032828125 0.5371871234375 0.5314797328124999 0.5371871234375 0.5314797328124999 0.30749978125 0.3680032828125 0.30749978125
2 0.420737621875 0.284062296875 0.420737621875 0.3192185234375 0.4932473375 0.3192185234375 0.4932473375 0.284062296875 0.420737621875 0.284062296875
2 0.6211281093750001 0.24890607031249998 0.6211281093750001 0.5114058921875 0.8623877078125 0.5114058921875 0.8623877078125 0.24890607031249998 0.6211281093750001 0.24890607031249998
2 0.95335444375 0.3215622734375 0.95335444375 0.5184371359375 0.9994969906250001 0.5184371359375 0.9994969906250001 0.3215622734375 0.95335444375 0.3215622734375
2 0 0.43640594374999997 0.0885112890625 0.43640594374999997 0.0885112890625 0.2629685625 0 0.2629685625 0 0.43640594374999997