2 0.049324959375 0.528987903125 0.049324959375 0.5758912234375 0.08603190625 0.5758912234375 0.08603190625 0.528987903125 0.049324959375 0.528987903125
2 0.44185986406250005 0.539184275 0.44185986406250005 0.5514199203125 0.45103660156250003 0.5514199203125 0.45103660156250003 0.539184275 0.44185986406250005 0.539184275
2 0.45103660156250003 0.5228700749999999 0.45103660156250003 0.5534592015625 0.470537165625 0.5534592015625 0.470537165625 0.5228700749999999 0.45103660156250003 0.5228700749999999
2 0.46021333750000004 0.5269486265625 0.46021333750000004 0.563655571875 0.4854493625 0.563655571875 0.4854493625 0.5269486265625 0.46021333750000004 0.5269486265625
2 0.37739329375 0.5338821484375 0.37739329375 0.5522356203125 0.3865700296875 0.5522356203125 0.3865700296875 0.5338821484375 0.37739329375 0.5338821484375
2 0.3349508875 0.5338821484375 0.3349508875 0.5541729265625001 0.35416467812499997 0.5541729265625001 0.35416467812499997 0.5338821484375 0.3349508875 0.5338821484375
2 0.32692124218749996 0.5379607 0.32692124218749996 0.5522356234375 0.3360979796875 0.5522356234375 0.3360979796875 0.5379607 0.32692124218749996 0.5379607
2 0.31613858281249996 0.5399999734375001 0.31613858281249996 0.554274896875 0.3276095046875 0.554274896875 0.3276095046875 0.5399999734375001 0.31613858281249996 0.5399999734375001
2 0.127556640625 0.519607225 0.127556640625 0.57670691875 0.21473563437499998 0.57670691875 0.21473563437499998 0.519607225 0.127556640625 0.519607225
2 0 0.58323259375 0.0180523640625 0.58323259375 0.0180523640625 0.5261329 0 0.5261329 0 0.58323259375
2 0.004287259375 0.5281721734375 0.004287259375 0.58119331875 0.0432883875 0.58119331875 0.0432883875 0.5281721734375 0.004287259375 0.5281721734375
2 0.286486246875 0.5317409046875 0.286486246875 0.570487128125 0.31975191875000003 0.570487128125 0.31975191875000003 0.5317409046875 0.286486246875 0.5317409046875
2 0.3530175859375 0.5276623546875 0.3530175859375 0.5623300234374999 0.3771065203125 0.5623300234374999 0.3771065203125 0.5276623546875 0.3530175859375 0.5276623546875
2 0.383989071875 0.5276623546875 0.383989071875 0.5766049468750001 0.4184018359375 0.5766049468750001 0.4184018359375 0.5276623546875 0.383989071875 0.5276623546875
2 0.4195489265625 0.529701628125 0.4195489265625 0.5664085734375 0.443637859375 0.5664085734375 0.443637859375 0.529701628125 0.4195489265625 0.529701628125
2 0.47862416718749995 0.51950525625 0.47862416718749995 0.5806835 0.5233607609375001 0.5806835 0.5233607609375001 0.51950525625 0.47862416718749995 0.51950525625
2 0.5543322453124999 0.48483758281249995 0.5543322453124999 0.63166536875 0.6724827296875 0.63166536875 0.6724827296875 0.48483758281249995 0.5543322453124999 0.48483758281249995
2 0.4375259234375 0.529274621875 0.4375259234375 0.5502590796875 0.45064120937499996 0.5502590796875 0.45064120937499996 0.529274621875 0.4375259234375 0.529274621875
2 0.53326750625 0.510621771875 0.53326750625 0.5362694421875001 0.5568750203125 0.5362694421875001 0.5568750203125 0.510621771875 0.53326750625 0.510621771875