4 0.934897425 0.42703094999999996 0.934897425 0.5418746234375 0.9586278781249999 0.5418746234375 0.9586278781249999 0.42703094999999996 0.934897425 0.42703094999999996
4 0.9164404062499999 0.4293746953125 0.9164404062499999 0.5465621171875 0.9388525 0.5465621171875 0.9388525 0.4293746953125 0.9164404062499999 0.4293746953125
2 0.32054237812499997 0.48796840625 0.32054237812499997 0.539530871875 0.3376810375 0.539530871875 0.3376810375 0.48796840625 0.32054237812499997 0.48796840625
2 0.331089246875 0.47390591875 0.331089246875 0.539530871875 0.3732767171875 0.539530871875 0.3732767171875 0.47390591875 0.331089246875 0.47390591875
2 0.365366565625 0.4809371640625 0.365366565625 0.539530871875 0.4101907546875 0.539530871875 0.4101907546875 0.4809371640625 0.365366565625 0.4809371640625
2 0.1873881734375 0.4973434015625 0.1873881734375 0.5489058640625 0.2190287765625 0.5489058640625 0.2190287765625 0.4973434015625 0.1873881734375 0.4973434015625
2 0.572348846875 0.45515593125000003 0.572348846875 0.494999653125 0.60135273125 0.494999653125 0.60135273125 0.45515593125000003 0.572348846875 0.45515593125000003
2 0.5828957124999999 0.46687467031249996 0.5828957124999999 0.5186842140625 0.6145363171875 0.5186842140625 0.6145363171875 0.46687467031249996 0.5828957124999999 0.46687467031249996
2 0.4985207703125 0.4645309234375 0.4985207703125 0.494999653125 0.514341075 0.494999653125 0.514341075 0.4645309234375 0.4985207703125 0.4645309234375
2 0.5064309234375 0.47390591875 0.5064309234375 0.5009210562499999 0.554343740625 0.5009210562499999 0.554343740625 0.47390591875 0.5064309234375 0.47390591875
2 0.15574756875 0.4926559046875 0.15574756875 0.5535933625 0.1952983234375 0.5535933625 0.1952983234375 0.4926559046875 0.15574756875 0.4926559046875
2 0.2243022109375 0.4903121546875 0.2243022109375 0.54421836875 0.2717631140625 0.54421836875 0.2717631140625 0.4903121546875 0.2243022109375 0.4903121546875
2 0.2743998328125 0.485624659375 0.2743998328125 0.548905865625 0.3231790953125 0.548905865625 0.3231790953125 0.485624659375 0.2743998328125 0.485624659375
2 0.3772317921875 0.4645309234375 0.3772317921875 0.5582808609375001 0.5209328656250001 0.5582808609375001 0.5209328656250001 0.4645309234375 0.3772317921875 0.4645309234375
2 0.606626165625 0.47156216874999995 0.606626165625 0.52546838125 0.6501319953125 0.52546838125 0.6501319953125 0.47156216874999995 0.606626165625 0.47156216874999995
2 0.6725440890625001 0.4317184453125 0.6725440890625001 0.5465621171875 0.7687842578125 0.5465621171875 0.7687842578125 0.4317184453125 0.6725440890625001 0.4317184453125
4 0.7503272375 0.2606248140625 0.7503272375 0.970780575 0.8887548781250001 0.970780575 0.8887548781250001 0.2606248140625 0.7503272375 0.2606248140625
2 0.513022715625 0.476249665625 0.513022715625 0.5465621171875 0.5828957124999999 0.5465621171875 0.5828957124999999 0.476249665625 0.513022715625 0.476249665625