4 0.219331765625 0.6100130874999999 0.219331765625 0.7902442265625 0.26904696562499997 0.7902442265625 0.26904696562499997 0.6100130874999999 0.219331765625 0.6100130874999999
4 0.207634071875 0.554557353125 0.207634071875 0.6706677984375 0.23980273125 0.6706677984375 0.23980273125 0.554557353125 0.207634071875 0.554557353125
4 0.067261740625 0.6308089890625 0.067261740625 0.7243905421875 0.1082036703125 0.7243905421875 0.1082036703125 0.6308089890625 0.067261740625 0.6308089890625
4 0.12477540312499999 0.6377409562499999 0.12477540312499999 0.72265755 0.14524636875000002 0.72265755 0.14524636875000002 0.6377409562499999 0.12477540312499999 0.6377409562499999
4 0.5468672015625 0.6204110375 0.5468672015625 0.660269846875 0.555640471875 0.660269846875 0.555640471875 0.6204110375 0.5468672015625 0.6204110375
6 0.1501204078125 0.4800387078125 0.1501204078125 0.7694483265625001 0.31291331875 0.7694483265625001 0.31291331875 0.4800387078125 0.1501204078125 0.4800387078125
2 0.4347642984375 0.6238770203125 0.4347642984375 0.6862647234375 0.47765584531250005 0.6862647234375 0.47765584531250005 0.6238770203125 0.4347642984375 0.6238770203125
2 0.6414235625 0.6030811203125 0.6414235625 0.8075741437499999 0.8393095562499999 0.8075741437499999 0.8393095562499999 0.6030811203125 0.6414235625 0.6030811203125
2 0.6121793265625 0.639473946875 0.6121793265625 0.703594640625 0.666768565625 0.703594640625 0.666768565625 0.639473946875 0.6121793265625 0.639473946875
2 0.5575900875 0.634274971875 0.5575900875 0.687997715625 0.60633048125 0.687997715625 0.60633048125 0.634274971875 0.5575900875 0.634274971875
2 0.5049504640625 0.6308089890625 0.5049504640625 0.6637358296875 0.5380939312499999 0.6637358296875 0.5380939312499999 0.6308089890625 0.5049504640625 0.6308089890625
2 0.4718069984375 0.6290759968749999 0.4718069984375 0.6672018125 0.49130315468749997 0.6672018125 0.49130315468749997 0.6290759968749999 0.4718069984375 0.6290759968749999
2 0.3928475609375 0.6169450546874999 0.3928475609375 0.660269846875 0.41429333437500004 0.660269846875 0.41429333437500004 0.6169450546874999 0.3928475609375 0.6169450546874999
2 0.330459859375 0.6273430046875 0.330459859375 0.6620028390625 0.356779671875 0.6620028390625 0.356779671875 0.6273430046875 0.330459859375 0.6273430046875
2 0.356779671875 0.634274971875 0.356779671875 0.6533378812499999 0.37042698125 0.6533378812499999 0.37042698125 0.634274971875 0.356779671875 0.634274971875
2 0.3694521734375 0.6290759968749999 0.3694521734375 0.64293993125 0.379200253125 0.64293993125 0.379200253125 0.6290759968749999 0.3694521734375 0.6290759968749999
2 0.41429333437500004 0.6273430046875 0.41429333437500004 0.64293993125 0.42306660625000003 0.64293993125 0.42306660625000003 0.6273430046875 0.41429333437500004 0.6273430046875
2 0.9650597671875 0.738254475 0.9650597671875 0.8249040609374999 0.9991780421875 0.8249040609374999 0.9991780421875 0.738254475 0.9650597671875 0.738254475