2 0.62599485625 0.0035516828124999996 0.62599485625 0.7543803796875 0.9979906968750001 0.7543803796875 0.9979906968750001 0.0035516828124999996 0.62599485625 0.0035516828124999996
2 0.4232151703125 0.177584825 0.4232151703125 0.5927781765625 0.6987158484375 0.5927781765625 0.6987158484375 0.177584825 0.4232151703125 0.177584825
2 0.3952455578125 0.2745461453125 0.3952455578125 0.4833859171875 0.4651695875 0.4833859171875 0.4651695875 0.2745461453125 0.3952455578125 0.2745461453125
2 0.354689621875 0.2919494609375 0.354689621875 0.4262036 0.42461365312500005 0.4262036 0.42461365312500005 0.2919494609375 0.354689621875 0.2919494609375
2 0.350494178125 0.341673215625 0.350494178125 0.398855534375 0.367275946875 0.398855534375 0.367275946875 0.341673215625 0.350494178125 0.341673215625
2 0.339306334375 0.30438039843750003 0.339306334375 0.3963693453125 0.368674428125 0.3963693453125 0.368674428125 0.30438039843750003 0.339306334375 0.30438039843750003
6 0.206450678125 0.17012626250000001 0.206450678125 0.46846879062499996 0.343501778125 0.46846879062499996 0.343501778125 0.17012626250000001 0.206450678125 0.17012626250000001
6 0.0666026171875 0.24222570625 0.0666026171875 0.45603784999999997 0.193864353125 0.45603784999999997 0.193864353125 0.24222570625 0.0666026171875 0.24222570625
2 0.00055939375 0.3699447328125 0.00055939375 0.47933699374999994 0.0564986171875 0.47933699374999994 0.0564986171875 0.3699447328125 0.00055939375 0.3699447328125
2 0.0215366015625 0.3699447328125 0.0215366015625 0.45447511875 0.08167126875 0.45447511875 0.08167126875 0.3699447328125 0.0215366015625 0.3699447328125
2 0.18795579375 0.36745854375000003 0.18795579375 0.3997789890625 0.21312844375 0.3997789890625 0.21312844375 0.36745854375000003 0.18795579375 0.36745854375000003