4 0.691874859375 0.44571418593749995 0.691874859375 0.47510193593750005 0.7032396515625 0.47510193593750005 0.7032396515625 0.44571418593749995 0.691874859375 0.44571418593749995
4 0.8086222812500001 0.43224480625000006 0.8086222812500001 0.4855101046875 0.825152890625 0.4855101046875 0.825152890625 0.43224480625000006 0.8086222812500001 0.43224480625000006
2 0.49385193593750004 0.4545917390625 0.49385193593750004 0.47663255156249995 0.5031504046874999 0.47663255156249995 0.5031504046874999 0.4545917390625 0.49385193593750004 0.4545917390625
2 0.4814539796875 0.4472448046875 0.4814539796875 0.49683663125 0.49695142499999995 0.49683663125 0.49695142499999995 0.4472448046875 0.4814539796875 0.4472448046875
2 0.46698969687499997 0.4545917390625 0.46698969687499997 0.49683663125 0.49178560937500004 0.49683663125 0.49178560937500004 0.4545917390625 0.46698969687499997 0.4545917390625
2 0.5372447828125 0.4472448046875 0.5372447828125 0.4784692875 0.55584171875 0.4784692875 0.55584171875 0.4472448046875 0.5372447828125 0.4472448046875
2 0.551709065625 0.45275500625 0.551709065625 0.47295908906250006 0.5651401859375 0.47295908906250006 0.5651401859375 0.45275500625 0.551709065625 0.45275500625
2 0.5579080453125 0.45275500625 0.5579080453125 0.4747958171875 0.573405490625 0.4747958171875 0.573405490625 0.45275500625 0.5579080453125 0.45275500625
2 0.5682396749999999 0.4564284734375 0.5682396749999999 0.48030602499999997 0.5827039578125001 0.48030602499999997 0.5827039578125001 0.4564284734375 0.5682396749999999 0.4564284734375
2 0.57753814375 0.4545917390625 0.57753814375 0.4858162234375 0.5909692671875 0.4858162234375 0.5909692671875 0.4545917390625 0.57753814375 0.4545917390625
2 0.583737121875 0.4545917390625 0.583737121875 0.48948969375000007 0.6033672218749999 0.48948969375000007 0.6033672218749999 0.4545917390625 0.583737121875 0.4545917390625
2 0.7650572359375001 0.44908153906250003 0.7650572359375001 0.50602030625 0.8146490609375 0.50602030625 0.8146490609375 0.44908153906250003 0.7650572359375001 0.44908153906250003
2 0.454591740625 0.461938678125 0.454591740625 0.500510096875 0.48455347031249996 0.500510096875 0.48455347031249996 0.461938678125 0.454591740625 0.461938678125
2 0.49591826250000004 0.4564284734375 0.49591826250000004 0.5207141796875 0.5424106 0.5207141796875 0.5424106 0.4564284734375 0.49591826250000004 0.4564284734375
2 0.59458533125 0.44173460000000003 0.59458533125 0.500510096875 0.6369450203125 0.500510096875 0.6369450203125 0.44173460000000003 0.59458533125 0.44173460000000003
2 0.68447051875 0.43806113125 0.68447051875 0.5501019234375 0.7846873328124999 0.5501019234375 0.7846873328124999 0.43806113125 0.68447051875 0.43806113125
2 0.7888199859375 0.4196937890625 0.7888199859375 0.627244765625 0.986154125 0.627244765625 0.986154125 0.4196937890625 0.7888199859375 0.4196937890625
2 0.29341830468749996 0.4637754125 0.29341830468749996 0.5868366109375 0.406033078125 0.5868366109375 0.406033078125 0.4637754125 0.29341830468749996 0.4637754125
2 0.406033078125 0.46928561562500004 0.406033078125 0.5335713156249999 0.44426011093750006 0.5335713156249999 0.44426011093750006 0.46928561562500004 0.406033078125 0.46928561562500004
2 0.3771045125 0.461938678125 0.3771045125 0.5482651921875 0.42669633749999997 0.5482651921875 0.42669633749999997 0.461938678125 0.3771045125 0.461938678125
2 0 0.807244725 0.18390302187500002 0.807244725 0.18390302187500002 0.414183584375 0 0.414183584375 0 0.807244725