2 0.0014625875 0.44202650625000006 0.0014625875 0.74780484375 0.2682385875 0.74780484375 0.2682385875 0.44202650625000006 0.0014625875 0.44202650625000006
2 0.06698651562499999 0.4170650109375 0.06698651562499999 0.4545072546875 0.1512315671875 0.4545072546875 0.1512315671875 0.4170650109375 0.06698651562499999 0.4170650109375
2 0.2085650078125 0.4378662578125 0.2085650078125 0.4732283796875 0.277599146875 0.4732283796875 0.277599146875 0.4378662578125 0.2085650078125 0.4378662578125
2 0.334932584375 0.43162588281250003 0.334932584375 0.5397923687499999 0.3875857421875 0.5397923687499999 0.3875857421875 0.43162588281250003 0.334932584375 0.43162588281250003
2 0.277599146875 0.433706009375 0.277599146875 0.5772346171875 0.37237483125000004 0.5772346171875 0.37237483125000004 0.433706009375 0.277599146875 0.433706009375
2 0.21909563906249999 0.45866750625 0.21909563906249999 0.6167569890625 0.3396128671875 0.6167569890625 0.3396128671875 0.45866750625 0.21909563906249999 0.45866750625
2 0.433218478125 0.4441066328125 0.433218478125 0.46074763125 0.43906883125 0.46074763125 0.43906883125 0.4441066328125 0.433218478125 0.4441066328125
2 0.42502798906250006 0.44618675625000004 0.42502798906250006 0.4732283796875 0.437898759375 0.4732283796875 0.437898759375 0.44618675625000004 0.42502798906250006 0.44618675625000004
2 0.39694630468750003 0.43162588281250003 0.39694630468750003 0.49402962187500005 0.43555862031250003 0.49402962187500005 0.43555862031250003 0.43162588281250003 0.39694630468750003 0.43162588281250003
2 0.5221438125 0.44826688125 0.5221438125 0.498189878125 0.5432050765625 0.498189878125 0.5432050765625 0.44826688125 0.5221438125 0.44826688125
2 0.44608925 0.4025041390625 0.44608925 0.4732283796875 0.5244839531250001 0.4732283796875 0.5244839531250001 0.4025041390625 0.44608925 0.4025041390625
4 0.5829874625 0.44826688125 0.5829874625 0.4669880046875 0.5900078828125 0.4669880046875 0.5900078828125 0.44826688125 0.5829874625 0.44826688125
4 0.5993684421875 0.44202650625000006 0.5993684421875 0.466988 0.608729003125 0.466988 0.608729003125 0.44202650625000006 0.5993684421875 0.44202650625000006
4 0.55373570625 0.4441066328125 0.55373570625 0.4794687546875 0.5619261984375 0.4794687546875 0.5619261984375 0.4441066328125 0.55373570625 0.4441066328125
2 0.5490554249999999 0.46282775468750004 0.5490554249999999 0.5564333671874999 0.618089565625 0.5564333671874999 0.618089565625 0.46282775468750004 0.5490554249999999 0.46282775468750004
2 0.5794772499999999 0.4669880046875 0.5794772499999999 0.6063563656250001 0.66606244375 0.6063563656250001 0.66606244375 0.4669880046875 0.5794772499999999 0.4669880046875
2 0.4156674265625 0.4378662578125 0.4156674265625 0.629237734375 0.5361846546875 0.629237734375 0.5361846546875 0.4378662578125 0.4156674265625 0.4378662578125
2 0.6262800562499999 0.45658738125 0.6262800562499999 0.7062023515625 0.827532125 0.7062023515625 0.827532125 0.45658738125 0.6262800562499999 0.45658738125