2 0.3769562390625 0.3447844484375 0.3769562390625 0.361780865625 0.389248290625 0.361780865625 0.389248290625 0.3447844484375 0.3769562390625 0.3447844484375
2 0.3619326203125 0.347212509375 0.3619326203125 0.3690650453125 0.37559045625 0.3690650453125 0.37559045625 0.347212509375 0.3619326203125 0.347212509375
2 0.2977407984375 0.342356390625 0.2977407984375 0.388489521875 0.32915381718750003 0.388489521875 0.32915381718750003 0.342356390625 0.2977407984375 0.342356390625
2 0.281351396875 0.35206863125 0.281351396875 0.3690650453125 0.2950092296875 0.3690650453125 0.2950092296875 0.35206863125 0.281351396875 0.35206863125
2 0.2676935609375 0.35206863125 0.2676935609375 0.3982017625 0.29091188125 0.3982017625 0.29091188125 0.35206863125 0.2676935609375 0.35206863125
2 0.2540357265625 0.35206863125 0.2540357265625 0.4054859421875 0.2772540453125 0.4054859421875 0.2772540453125 0.35206863125 0.2540357265625 0.35206863125
2 0.2239884890625 0.33750027031249996 0.2239884890625 0.412770115625 0.2622304265625 0.412770115625 0.2622304265625 0.33750027031249996 0.2239884890625 0.33750027031249996
2 0.17208871875 0.342356390625 0.17208871875 0.4224823546875 0.237646325 0.4224823546875 0.237646325 0.342356390625 0.17208871875 0.342356390625
2 0.13111521406249999 0.35935280625 0.13111521406249999 0.4370507109375 0.1953070375 0.4370507109375 0.1953070375 0.35935280625 0.13111521406249999 0.35935280625
2 0.060094471875 0.342356390625 0.060094471875 0.4589032484375 0.15296775 0.4589032484375 0.15296775 0.342356390625 0.060094471875 0.342356390625
2 0 0.4953241390625 0.079215440625 0.4953241390625 0.079215440625 0.33750027031249996 0 0.33750027031249996 0 0.4953241390625
2 0.4627274453125 0.3438132296875 0.4627274453125 0.36080964375 0.4777510625 0.36080964375 0.4777510625 0.3438132296875 0.4627274453125 0.3438132296875
2 0.44906961093750003 0.34138516874999997 0.44906961093750003 0.36080964375 0.4613616609375 0.36080964375 0.4613616609375 0.34138516874999997 0.44906961093750003 0.34138516874999997
1 0.386243571875 0.30982039375000003 0.386243571875 0.368093821875 0.42038815781250005 0.368093821875 0.42038815781250005 0.30982039375000003 0.386243571875 0.30982039375000003
2 0.4258512921875 0.3389571078125 0.4258512921875 0.3850902421875 0.4572643109375 0.3850902421875 0.4572643109375 0.3389571078125 0.4258512921875 0.3389571078125
2 0.5296508375 0.3462412875 0.5296508375 0.36080964375 0.547406021875 0.36080964375 0.547406021875 0.3462412875 0.5296508375 0.3462412875
2 0.5378455359375 0.338957115625 0.5378455359375 0.39480248281249997 0.5665269890625 0.39480248281249997 0.5665269890625 0.338957115625 0.5378455359375 0.338957115625
2 0.4859457640625 0.3438132328125 0.4859457640625 0.40937083906250005 0.536479753125 0.40937083906250005 0.536479753125 0.3438132328125 0.4859457640625 0.3438132328125
2 0.547406021875 0.3462412921875 0.547406021875 0.402086659375 0.5856479578125 0.402086659375 0.5856479578125 0.3462412921875 0.547406021875 0.3462412921875
2 0.5618833328124999 0.3510974109375 0.5618833328124999 0.40937083906250005 0.5973937046875 0.40937083906250005 0.5973937046875 0.3510974109375 0.5618833328124999 0.3510974109375
2 0.57963851875 0.33410099375 0.57963851875 0.4215111375 0.6479276921875 0.4215111375 0.6479276921875 0.33410099375 0.57963851875 0.33410099375
2 0.61378310625 0.3462412921875 0.61378310625 0.4360794921875 0.6848038468750001 0.4360794921875 0.6848038468750001 0.3462412921875 0.61378310625 0.3462412921875
2 0.65257136875 0.3279660390625 0.65257136875 0.47007231875000005 0.78778393125 0.47007231875000005 0.78778393125 0.3279660390625 0.65257136875 0.3279660390625
2 0.7548230078125 0.356924746875 0.7548230078125 0.5430507437500001 0.9874018250000001 0.5430507437500001 0.9874018250000001 0.356924746875 0.7548230078125 0.356924746875