2 0.3529766171875 0.45388430937499996 0.3529766171875 0.46883899375000004 0.369800634375 0.46883899375000004 0.369800634375 0.45388430937499996 0.3529766171875 0.45388430937499996
2 0.3376820578125 0.45388430937499996 0.3376820578125 0.47291754218750004 0.359859171875 0.47291754218750004 0.359859171875 0.45388430937499996 0.3376820578125 0.45388430937499996
2 0.3155049453125 0.45388430937499996 0.3155049453125 0.478355609375 0.3445646109375 0.478355609375 0.3445646109375 0.45388430937499996 0.3155049453125 0.45388430937499996
2 0.2948572875 0.4606818953125 0.2948572875 0.48107464375 0.31856385625 0.48107464375 0.31856385625 0.4606818953125 0.2948572875 0.4606818953125
2 0.2826216375 0.4674794765625 0.2826216375 0.4837936734375 0.30097511093749996 0.4837936734375 0.30097511093749996 0.4674794765625 0.2826216375 0.4674794765625
2 0.2199139390625 0.4579628609375 0.2199139390625 0.49331029375 0.27497435625 0.49331029375 0.27497435625 0.4579628609375 0.2199139390625 0.4579628609375
2 0.1694418875 0.463400928125 0.1694418875 0.5001078734375 0.1923837265625 0.5001078734375 0.1923837265625 0.463400928125 0.1694418875 0.463400928125
2 0.3690359078125 0.45116527812499996 0.3690359078125 0.4661199609375 0.3996250296875 0.4661199609375 0.3996250296875 0.45116527812499996 0.3690359078125 0.45116527812499996
2 0.49751023125 0.440289146875 0.49751023125 0.45660334375 0.5128047921875 0.45660334375 0.5128047921875 0.440289146875 0.49751023125 0.440289146875
2 0.4791567578125 0.4416486609375 0.4791567578125 0.45660334375 0.49598077500000004 0.45660334375 0.49598077500000004 0.4416486609375 0.4791567578125 0.4416486609375
2 0.45697964375 0.44300817812500004 0.45697964375 0.45932237656249997 0.4745683890625 0.45932237656249997 0.4745683890625 0.44300817812500004 0.45697964375 0.44300817812500004
2 0.42486106562500003 0.44300817812500004 0.42486106562500003 0.462041409375 0.45086181875 0.462041409375 0.45086181875 0.44300817812500004 0.42486106562500003 0.44300817812500004
2 0.4065075921875 0.4470867296875 0.4065075921875 0.4715580265625 0.44627344999999996 0.4715580265625 0.44627344999999996 0.4470867296875 0.4065075921875 0.4470867296875