2 0.379200253125 0.592683171875 0.379200253125 0.6377409562499999 0.39187275312500003 0.6377409562499999 0.39187275312500003 0.592683171875 0.379200253125 0.592683171875
2 0.3548300578125 0.5857512046875 0.3548300578125 0.65853685625 0.38602390625 0.65853685625 0.38602390625 0.5857512046875 0.3548300578125 0.5857512046875
2 0.32071178125 0.5684212843750001 0.32071178125 0.681065746875 0.3675025578125 0.681065746875 0.3675025578125 0.5684212843750001 0.32071178125 0.5684212843750001
2 0.1618181015625 0.5996151375000001 0.1618181015625 0.6585368546875 0.200810415625 0.6585368546875 0.200810415625 0.5996151375000001 0.1618181015625 0.5996151375000001
2 0.3879735234375 0.5718872687500001 0.3879735234375 0.6845317343749999 0.44646199375 0.6845317343749999 0.44646199375 0.5718872687500001 0.3879735234375 0.5718872687500001
2 0.5146985421875 0.5788192359375001 0.5146985421875 0.6758667734375 0.543942778125 0.6758667734375 0.543942778125 0.5788192359375001 0.5146985421875 0.5788192359375001
2 0.49130315468749997 0.54069341875 0.49130315468749997 0.639473946875 0.54881681875 0.639473946875 0.54881681875 0.54069341875 0.49130315468749997 0.54069341875
2 0.6765166453125 0.5632223109375001 0.6765166453125 0.6117460796875 0.7008868406250001 0.6117460796875 0.7008868406250001 0.5632223109375001 0.6765166453125 0.5632223109375001
2 0.189112721875 0.53549444375 0.189112721875 0.7729143109375001 0.34898120781249997 0.7729143109375001 0.34898120781249997 0.53549444375 0.189112721875 0.53549444375
2 0.4133185265625 0.5510913687500001 0.4133185265625 0.7261235312500001 0.5146985421875 0.7261235312500001 0.5146985421875 0.5510913687500001 0.4133185265625 0.5510913687500001
6 0.5283458515625 0.5077665765625 0.5283458515625 0.7226575515625 0.690163953125 0.7226575515625 0.690163953125 0.5077665765625 0.5283458515625 0.5077665765625
4 0.696987609375 0.5389604265625 0.696987609375 0.608280096875 0.708685303125 0.608280096875 0.708685303125 0.5389604265625 0.696987609375 0.5389604265625
2 0 0.9982032359374999 0.23882792187500002 0.9982032359374999 0.23882792187500002 0.55629034375 0 0.55629034375 0 0.9982032359374999