2 0 0.7146346203125 0.0459554375 0.7146346203125 0.0459554375 0.519044015625 0 0.519044015625 0 0.7146346203125
2 0.0005125109375 0.46589439375 0.0005125109375 0.56794166875 0.024429840624999997 0.56794166875 0.024429840624999997 0.46589439375 0.0005125109375 0.46589439375
2 0.005295978125 0.4261081015625 0.005295978125 0.577053025 0.1547792875 0.577053025 0.1547792875 0.4261081015625 0.005295978125 0.4261081015625
2 0.1308619578125 0.35534318125 0.1308619578125 0.8315637875 0.5278896265624999 0.8315637875 0.5278896265624999 0.35534318125 0.1308619578125 0.35534318125
2 0.48962190000000005 0.44949393437499996 0.48962190000000005 0.51965143125 0.5266937609375 0.51965143125 0.5266937609375 0.44949393437499996 0.48962190000000005 0.44949393437499996
2 0.5900746828125001 0.4467605328125 0.5900746828125001 0.51691803125 0.6080126796875 0.51691803125 0.6080126796875 0.4467605328125 0.5900746828125001 0.4467605328125
2 0.60801268125 0.44250856250000004 0.60801268125 0.510540078125 0.6606308078125 0.510540078125 0.6606308078125 0.44250856250000004 0.60801268125 0.44250856250000004
2 0.66063080625 0.421248715625 0.66063080625 0.5636896984375 0.7515166578125 0.5636896984375 0.7515166578125 0.421248715625 0.66063080625 0.421248715625
6 0.745537325 0.3744770484375 0.745537325 0.42762666875 0.819681046875 0.42762666875 0.819681046875 0.3744770484375 0.745537325 0.3744770484375
2 0.5195185609374999 0.414870759375 0.5195185609374999 0.542429853125 0.5960540171875001 0.542429853125 0.5960540171875001 0.414870759375 0.5195185609374999 0.414870759375
6 0.533868959375 0.3811587078125 0.533868959375 0.42155242187499997 0.58529121875 0.42155242187499997 0.58529121875 0.3811587078125 0.533868959375 0.3811587078125
2 0.7105621203125 0.409982890625 0.7105621203125 0.7118727359375 0.9509312828125 0.7118727359375 0.9509312828125 0.409982890625 0.7105621203125 0.409982890625
2 0.8887462265625 0.39084902499999996 0.8887462265625 0.645967203125 0.9975700765625 0.645967203125 0.9975700765625 0.39084902499999996 0.8887462265625 0.39084902499999996