4 0.7223326140624999 0.33620039375 0.7223326140624999 0.356996296875 0.7330555000000001 0.356996296875 0.7330555000000001 0.33620039375 0.7223326140624999 0.33620039375
4 0.7155089578125 0.32926842968750003 0.7155089578125 0.351797321875 0.722332615625 0.351797321875 0.722332615625 0.32926842968750003 0.7155089578125 0.32926842968750003
4 0.42014217968749995 0.3032735515625 0.42014217968749995 0.3587292890625 0.4347642984375 0.3587292890625 0.4347642984375 0.3032735515625 0.42014217968749995 0.3032735515625
4 0.47765584531250005 0.32926842968750003 0.47765584531250005 0.3795251890625 0.48837873125 0.3795251890625 0.48837873125 0.32926842968750003 0.47765584531250005 0.32926842968750003
4 0.513723734375 0.32926842968750003 0.513723734375 0.37605920625 0.5283458515625 0.37605920625 0.5283458515625 0.32926842968750003 0.513723734375 0.32926842968750003
2 0.4220917984375 0.31540449375 0.4220917984375 0.37605920312499996 0.4952023875 0.37605920312499996 0.4952023875 0.31540449375 0.4220917984375 0.31540449375
2 0.540043546875 0.31540449375 0.540043546875 0.37259322031250003 0.5975572109375 0.37259322031250003 0.5975572109375 0.31540449375 0.540043546875 0.31540449375
2 0.20958368593749999 0.3500643296875 0.20958368593749999 0.37779219375 0.248576 0.37779219375 0.248576 0.3500643296875 0.20958368593749999 0.3500643296875
2 0.161818103125 0.3431323609375 0.161818103125 0.4072530546875 0.212508109375 0.4072530546875 0.212508109375 0.3431323609375 0.161818103125 0.3431323609375
2 0.20470964687499998 0.3500643296875 0.20470964687499998 0.41938399375 0.31681254999999997 0.41938399375 0.31681254999999997 0.3500643296875 0.20470964687499998 0.3500643296875
2 0.6053556734375001 0.33620039375 0.6053556734375001 0.41245203124999996 0.7320806921874999 0.41245203124999996 0.7320806921874999 0.33620039375 0.6053556734375001 0.33620039375
2 0.0321686578125 0.3483313375 0.0321686578125 0.542426409375 0.2242058046875 0.542426409375 0.2242058046875 0.3483313375 0.0321686578125 0.3483313375
2 0 0.6377409562499999 0.08773270625 0.6377409562499999 0.08773270625 0.3933891234375 0 0.3933891234375 0 0.6377409562499999
2 0.6472724109375 0.2928756 0.6472724109375 0.7486524234374999 0.9972284281249999 0.7486524234374999 0.9972284281249999 0.2928756 0.6472724109375 0.2928756
2 0.31681254999999997 0.33620039375 0.31681254999999997 0.41765100625 0.4347642984375 0.41765100625 0.4347642984375 0.33620039375 0.31681254999999997 0.33620039375
2 0.6988226390625 0.36220786562499996 0.6988226390625 0.4156984796875 0.740373384375 0.4156984796875 0.740373384375 0.36220786562499996 0.6988226390625 0.36220786562499996