2 0.4439889078125 0.67040801875 0.4439889078125 0.6997957687499999 0.45845319062499995 0.6997957687499999 0.45845319062499995 0.67040801875 0.4439889078125 0.67040801875
2 0.4326241140625 0.67224475625 0.4326241140625 0.705305971875 0.4460552328125 0.705305971875 0.4460552328125 0.67224475625 0.4326241140625 0.67224475625
2 0.40886136406249995 0.6740814890625 0.40886136406249995 0.7236733140625 0.433657278125 0.7236733140625 0.433657278125 0.6740814890625 0.40886136406249995 0.6740814890625
2 0.3799327984375 0.666734553125 0.3799327984375 0.7346937203125 0.415060340625 0.7346937203125 0.415060340625 0.666734553125 0.3799327984375 0.666734553125
2 0.3541037234375 0.66489781875 0.3541037234375 0.745714128125 0.387164940625 0.745714128125 0.387164940625 0.66489781875 0.3541037234375 0.66489781875
2 0.3241419953125 0.66489781875 0.3241419953125 0.7604080015625 0.3675348421875 0.7604080015625 0.3675348421875 0.66489781875 0.3241419953125 0.66489781875
2 0.27558333125 0.6538774109375 0.27558333125 0.79346921875 0.33860627656250003 0.79346921875 0.33860627656250003 0.6538774109375 0.27558333125 0.6538774109375
2 0.1216420375 0.6153059937500001 0.1216420375 0.8430610484375001 0.292113940625 0.8430610484375001 0.292113940625 0.6153059937500001 0.1216420375 0.6153059937500001
2 0.5121776687499999 0.6851018953125 0.5121776687499999 0.70714270625 0.5256087890625001 0.70714270625 0.5256087890625001 0.6851018953125 0.5121776687499999 0.6851018953125
2 0.524575625 0.68693863125 0.524575625 0.7163263796875 0.545238884375 0.7163263796875 0.545238884375 0.68693863125 0.524575625 0.68693863125
2 0.5421393984375 0.6906120953125 0.5421393984375 0.72183658125 0.56176949375 0.72183658125 0.56176949375 0.6906120953125 0.5421393984375 0.6906120953125
2 0.5504047 0.67775495625 0.5504047 0.738367190625 0.5968970375 0.738367190625 0.5968970375 0.67775495625 0.5504047 0.67775495625
2 0.55763684375 0.69428556875 0.55763684375 0.7567345343749999 0.611361321875 0.7567345343749999 0.611361321875 0.69428556875 0.55763684375 0.69428556875
2 0.619626625 0.7034692375 0.619626625 0.8412243078125 0.7219097671875 0.8412243078125 0.7219097671875 0.7034692375 0.619626625 0.7034692375
2 0.6669454890625001 0.71448964375 0.6669454890625001 0.91469368125 0.8425832062499999 0.91469368125 0.8425832062499999 0.71448964375 0.6669454890625001 0.71448964375
2 0.7474934640625001 0.7346937203125 0.7474934640625001 0.99794185625 0.998709096875 0.99794185625 0.998709096875 0.7346937203125 0.7474934640625001 0.7346937203125
2 0.00051658125 0.5087754 0.00051658125 0.92938755625 0.1296619609375 0.92938755625 0.1296619609375 0.5087754 0.00051658125 0.5087754
2 0.46361900624999997 0.6740814890625 0.46361900624999997 0.6979590375 0.481182778125 0.6979590375 0.481182778125 0.6740814890625 0.46361900624999997 0.6740814890625