2 0.2048652109375 0.496178946875 0.2048652109375 0.5204228109375 0.22137336875 0.5204228109375 0.22137336875 0.496178946875 0.2048652109375 0.496178946875
2 0.1495987703125 0.496178946875 0.1495987703125 0.51914681875 0.172566640625 0.51914681875 0.172566640625 0.496178946875 0.1495987703125 0.496178946875
2 0.3003254265625 0.49380925937500003 0.3003254265625 0.5231570953125 0.3197045703125 0.5231570953125 0.3197045703125 0.49380925937500003 0.3003254265625 0.49380925937500003
2 0.1818973390625 0.4949029546875 0.1818973390625 0.522974796875 0.2055829578125 0.522974796875 0.2055829578125 0.4949029546875 0.1818973390625 0.4949029546875
2 0.7360997874999999 0.5089388765625 0.7360997874999999 0.5433906828125 0.7719870875 0.5433906828125 0.7719870875 0.5089388765625 0.7360997874999999 0.5089388765625
2 0.727486834375 0.51021486875 0.727486834375 0.54339068125 0.753325690625 0.54339068125 0.753325690625 0.51021486875 0.727486834375 0.51021486875
2 0.9186123531250001 0.5216988031249999 0.9186123531250001 0.5370107171875 0.954499653125 0.5370107171875 0.954499653125 0.5216988031249999 0.9186123531250001 0.5216988031249999
2 0.8547329625 0.5178708234375 0.8547329625 0.5472186625 0.896362228125 0.5472186625 0.896362228125 0.5178708234375 0.8547329625 0.5178708234375
2 0.6065979140625 0.5025589109374999 0.6065979140625 0.526802775 0.6144931203125 0.526802775 0.6144931203125 0.5025589109374999 0.6065979140625 0.5025589109374999
2 0.5592266796875001 0.5012829187500001 0.5592266796875001 0.535734725 0.60875115 0.535734725 0.60875115 0.5012829187500001 0.5592266796875001 0.5012829187500001
2 0.4778137578125 0.49763723750000005 0.4778137578125 0.5359170234375 0.532362453125 0.5359170234375 0.532362453125 0.49763723750000005 0.4778137578125 0.49763723750000005
6 0.3182690765625 0.43110330937499997 0.3182690765625 0.544666675 0.3685112953125 0.544666675 0.3685112953125 0.43110330937499997 0.3182690765625 0.43110330937499997
2 0.9753142875 0.514042846875 0.9753142875 0.53445873125 0.998282159375 0.53445873125 0.998282159375 0.514042846875 0.9753142875 0.514042846875