2 0.5153595890625 0.48239045625 0.5153595890625 0.5153595890625 0.5368329046875 0.5153595890625 0.5368329046875 0.48239045625 0.5153595890625 0.48239045625
2 0.53195260625 0.49280176249999996 0.53195260625 0.51709480625 0.543665325 0.51709480625 0.543665325 0.49280176249999996 0.53195260625 0.49280176249999996
2 0.544641384375 0.49106654531249994 0.544641384375 0.5257708937500001 0.5690428796875 0.5257708937500001 0.5690428796875 0.49106654531249994 0.544641384375 0.49106654531249994
2 0.5797795375 0.48412567500000003 0.5797795375 0.572621765625 0.6324867703125 0.572621765625 0.6324867703125 0.48412567500000003 0.5797795375 0.48412567500000003
6 0.6002767953125 0.4580974109375 0.6002767953125 0.59170915625 0.6851940015625 0.59170915625 0.6851940015625 0.4580974109375 0.6002767953125 0.4580974109375
2 0.6393191890625001 0.4685087171875 0.6393191890625001 0.6455008984374999 0.8208663171874999 0.6455008984374999 0.8208663171874999 0.4685087171875 0.6393191890625001 0.4685087171875
2 0.4665565984375 0.489331328125 0.4665565984375 0.5136243703125001 0.4821735546875 0.5136243703125001 0.4821735546875 0.489331328125 0.4665565984375 0.489331328125
2 0.4353226828125 0.480655240625 0.4353226828125 0.5240356765625 0.4685087171875 0.5240356765625 0.4685087171875 0.480655240625 0.4353226828125 0.480655240625
2 0.3933521109375 0.4754495875 0.3933521109375 0.5622104593749999 0.42751420468749995 0.5622104593749999 0.42751420468749995 0.4754495875 0.3933521109375 0.4754495875
2 0.372854853125 0.4615678484375 0.372854853125 0.5847682890625 0.4158014875 0.5847682890625 0.4158014875 0.4615678484375 0.372854853125 0.4615678484375
2 0.29965036718750004 0.45462697968750004 0.29965036718750004 0.6073261171875 0.40408877031249996 0.6073261171875 0.40408877031249996 0.45462697968750004 0.29965036718750004 0.45462697968750004
2 0.16593017031249999 0.4685087171875 0.16593017031249999 0.67847003125 0.3425969984375 0.67847003125 0.3425969984375 0.4685087171875 0.16593017031249999 0.4685087171875
2 0.0009760609375 0.43380436875 0.0009760609375 0.8901665640624999 0.24694313750000002 0.8901665640624999 0.24694313750000002 0.43380436875 0.0009760609375 0.43380436875