2 0.29272952343749997 0.31224483125 0.29272952343749997 0.343469315625 0.3061606453125 0.343469315625 0.3061606453125 0.31224483125 0.29272952343749997 0.31224483125
2 0.28239789375 0.32142850312500004 0.28239789375 0.343469315625 0.30512748125 0.343469315625 0.30512748125 0.32142850312500004 0.28239789375 0.32142850312500004
2 0.2834310578125 0.3379591125 0.2834310578125 0.3728570640625 0.2989285046875 0.3728570640625 0.2989285046875 0.3379591125 0.2834310578125 0.3379591125
2 0.26380095937500003 0.3342856421875 0.26380095937500003 0.3710203296875 0.28446421875 0.3710203296875 0.28446421875 0.3342856421875 0.26380095937500003 0.3342856421875
2 0.2276402515625 0.3067346296875 0.2276402515625 0.33428564375 0.264834121875 0.33428564375 0.264834121875 0.3067346296875 0.2276402515625 0.3067346296875
2 0.1294897625 0.3085713609375 0.1294897625 0.363673390625 0.20491066406249997 0.363673390625 0.20491066406249997 0.3085713609375 0.1294897625 0.3085713609375
2 0.10262752500000001 0.3159183 0.10262752500000001 0.3673468578125 0.1749489375 0.3673468578125 0.1749489375 0.3159183 0.10262752500000001 0.3159183
2 0.0798979375 0.3140815671875 0.0798979375 0.3691835953125 0.12742343750000001 0.3691835953125 0.12742343750000001 0.3140815671875 0.0798979375 0.3140815671875
2 0.00964285 0.29938769062500004 0.00964285 0.37102033125 0.1005611984375 0.37102033125 0.1005611984375 0.29938769062500004 0.00964285 0.29938769062500004
2 0.017908153125 0.3159183 0.017908153125 0.3710203296875 0.063367328125 0.3710203296875 0.063367328125 0.3159183 0.017908153125 0.3159183
2 0 0.378367271875 0.032372434374999995 0.378367271875 0.032372434374999995 0.3030611609375 0 0.3030611609375 0 0.378367271875
2 0.2183417859375 0.3287754421875 0.2183417859375 0.378367271875 0.2638009578125 0.378367271875 0.2638009578125 0.3287754421875 0.2183417859375 0.3287754421875
2 0.3154591125 0.310408096875 0.3154591125 0.33428564375 0.32992339375 0.33428564375 0.32992339375 0.310408096875 0.3154591125 0.310408096875
2 0.476632546875 0.3526529859375 0.476632546875 0.4297958265625 0.544821309375 0.4297958265625 0.544821309375 0.3526529859375 0.476632546875 0.3526529859375
2 0.389158084375 0.3067346296875 0.389158084375 0.3287754390625 0.40982134531250003 0.3287754390625 0.40982134531250003 0.3067346296875 0.389158084375 0.3067346296875
2 0.3674616625 0.3159183 0.3674616625 0.3379591125 0.3870917625 0.3379591125 0.3870917625 0.3159183 0.3674616625 0.3159183
2 0.3436989109375 0.32326523906250004 0.3436989109375 0.34163258124999996 0.3674616625 0.34163258124999996 0.3674616625 0.32326523906250004 0.3436989109375 0.32326523906250004
2 0.389158084375 0.3306121734375 0.389158084375 0.3563264546875 0.40568869375 0.3563264546875 0.40568869375 0.3306121734375 0.389158084375 0.3306121734375
2 0.3932907390625 0.33979584531249996 0.3932907390625 0.36367339374999996 0.4077550234375 0.36367339374999996 0.4077550234375 0.33979584531249996 0.3932907390625 0.33979584531249996
2 0.40568869375 0.34163258124999996 0.40568869375 0.378367265625 0.420152975 0.378367265625 0.420152975 0.34163258124999996 0.40568869375 0.34163258124999996
2 0.4077550203125 0.3526529859375 0.4077550203125 0.38020400312499997 0.420152975 0.38020400312499997 0.420152975 0.3526529859375 0.4077550203125 0.3526529859375
2 0.41808664999999995 0.34163258124999996 0.41808664999999995 0.385714203125 0.43874990937499997 0.385714203125 0.43874990937499997 0.34163258124999996 0.41808664999999995 0.34163258124999996
2 0.43255093437500003 0.34163258124999996 0.43255093437500003 0.400408075 0.46664531406250004 0.400408075 0.46664531406250004 0.34163258124999996 0.43255093437500003 0.34163258124999996
2 0.45011470625000005 0.34897951875 0.45011470625000005 0.40959174843749996 0.47594378125 0.40959174843749996 0.47594378125 0.34897951875 0.45011470625000005 0.34897951875
2 0.4645789890625 0.3508162546875 0.4645789890625 0.4169386890625 0.492474390625 0.4169386890625 0.492474390625 0.3508162546875 0.4645789890625 0.3508162546875
2 0.7466325015625 0.361224409375 0.7466325015625 0.456734590625 0.87577788125 0.456734590625 0.87577788125 0.361224409375 0.7466325015625 0.361224409375
2 0.7920916734375 0.31163258125 0.7920916734375 0.648979453125 0.9987242843749999 0.648979453125 0.9987242843749999 0.31163258125 0.7920916734375 0.31163258125
4 0.17441671875 0.32045273750000003 0.17441671875 0.370044565625 0.1899141640625 0.370044565625 0.1899141640625 0.32045273750000003 0.17441671875 0.32045273750000003