2 0.41810090468750005 0.58171834375 0.41810090468750005 0.6215620656249999 0.4352395640625 0.6215620656249999 0.4352395640625 0.58171834375 0.41810090468750005 0.58171834375
2 0.4009622453125 0.5770308453124999 0.4009622453125 0.6309370578125 0.42601105625 0.6309370578125 0.42601105625 0.5770308453124999 0.4009622453125 0.5770308453124999
2 0.39305209375 0.58171834375 0.39305209375 0.630937059375 0.4088723953125 0.630937059375 0.4088723953125 0.58171834375 0.39305209375 0.58171834375
2 0.357456415625 0.56062460625 0.357456415625 0.63562455625 0.398325528125 0.63562455625 0.398325528125 0.56062460625 0.357456415625 0.56062460625
2 0.1689311546875 0.5559371093750001 0.1689311546875 0.7035932578125 0.280991625 0.7035932578125 0.280991625 0.5559371093750001 0.1689311546875 0.5559371093750001
2 0.5459816765625 0.5793745953125 0.5459816765625 0.6192183171875 0.561801978125 0.6192183171875 0.561801978125 0.5793745953125 0.5459816765625 0.5793745953125
2 0.55652854375 0.586405840625 0.55652854375 0.6239058140625 0.5868507890625 0.6239058140625 0.5868507890625 0.586405840625 0.55652854375 0.586405840625
2 0.5789406390625 0.56062460625 0.5789406390625 0.6520307937500001 0.6211281093750001 0.6520307937500001 0.6211281093750001 0.56062460625 0.5789406390625 0.56062460625
2 0.600034371875 0.5231246328125 0.600034371875 0.7106245062500001 0.7305518609375 0.7106245062500001 0.7305518609375 0.5231246328125 0.600034371875 0.5231246328125
2 0.6606788640625 0.5676558546875 0.6606788640625 0.7949994453125 0.8887548765625001 0.7949994453125 0.8887548765625001 0.5676558546875 0.6606788640625 0.5676558546875
2 0.44578643281249997 0.5770308453124999 0.44578643281249997 0.61453081875 0.46819852656250005 0.61453081875 0.46819852656250005 0.5770308453124999 0.44578643281249997 0.5770308453124999
2 0.5090676390625 0.5793745953125 0.5090676390625 0.6051558265625 0.5262063 0.6051558265625 0.5262063 0.5793745953125 0.5090676390625 0.5793745953125
2 0.2994486421875 0.5699996015625 0.2994486421875 0.661405790625 0.3719583578125 0.661405790625 0.3719583578125 0.5699996015625 0.2994486421875 0.5699996015625
2 0 0.752811975 0.18475145625 0.752811975 0.18475145625 0.5465621171875 0 0.5465621171875 0 0.752811975
2 0.8294287468749999 0.5207808843749999 0.8294287468749999 0.9520305890625 0.9994969890625001 0.9520305890625 0.9994969890625001 0.5207808843749999 0.8294287468749999 0.5207808843749999