2 0.0008609437500000001 0.39529672968749996 0.0008609437500000001 0.5743784437499999 0.0835140421875 0.5743784437499999 0.0835140421875 0.39529672968749996 0.0008609437500000001 0.39529672968749996
2 0.0396045828125 0.40141918125 0.0396045828125 0.5253988296875 0.1076211953125 0.5253988296875 0.1076211953125 0.40141918125 0.0396045828125 0.40141918125
2 0.0757653140625 0.39988856875 0.0757653140625 0.502439634375 0.13947707812500001 0.502439634375 0.13947707812500001 0.39988856875 0.0757653140625 0.39988856875
2 0.1050382859375 0.4090722453125 0.1050382859375 0.47948044218749997 0.1463648359375 0.47948044218749997 0.1463648359375 0.4090722453125 0.1050382859375 0.4090722453125
2 0.124840590625 0.4090722453125 0.124840590625 0.47029676406250004 0.1644452015625 0.47029676406250004 0.1644452015625 0.4090722453125 0.124840590625 0.4090722453125
2 0.1584184125 0.41672531093750004 0.1584184125 0.459582471875 0.177359746875 0.459582471875 0.177359746875 0.41672531093750004 0.1584184125 0.41672531093750004
2 0.1721939296875 0.41672531093750004 0.1721939296875 0.44733756874999997 0.1919962328125 0.44733756874999997 0.1919962328125 0.41672531093750004 0.1721939296875 0.41672531093750004
2 0.185108475 0.41060285937499996 0.185108475 0.4396845046875 0.209215628125 0.4396845046875 0.209215628125 0.41060285937499996 0.185108475 0.41060285937499996
2 0.209215628125 0.4090722453125 0.209215628125 0.42590898906249997 0.22385211562500001 0.42590898906249997 0.22385211562500001 0.4090722453125 0.209215628125 0.4090722453125
2 0.22213017499999999 0.39988856875 0.22213017499999999 0.42131715 0.2307398734375 0.42131715 0.2307398734375 0.39988856875 0.22213017499999999 0.39988856875
2 0.229878903125 0.4075416328125 0.229878903125 0.41825592343749995 0.23848860156249999 0.41825592343749995 0.23848860156249999 0.4075416328125 0.229878903125 0.4075416328125
2 0.239349571875 0.4060110203125 0.239349571875 0.41672531093750004 0.2470982984375 0.41672531093750004 0.2470982984375 0.4060110203125 0.239349571875 0.4060110203125
2 0.2531250875 0.4090722453125 0.2531250875 0.42590898906249997 0.2600128453125 0.42590898906249997 0.2600128453125 0.4090722453125 0.2531250875 0.4090722453125
2 0.25829090625 0.415194696875 0.25829090625 0.4366232796875 0.271205453125 0.4366232796875 0.271205453125 0.415194696875 0.25829090625 0.415194696875
2 0.26776157343749996 0.413664084375 0.26776157343749996 0.44121511875 0.27981515 0.44121511875 0.27981515 0.413664084375 0.26776157343749996 0.413664084375
2 0.2780932109375 0.413664084375 0.2780932109375 0.44427634375 0.292729696875 0.44427634375 0.292729696875 0.413664084375 0.2780932109375 0.413664084375
2 0.2901467875 0.4090722453125 0.2901467875 0.4534600203125 0.3073661828125 0.4534600203125 0.3073661828125 0.4090722453125 0.2901467875 0.4090722453125
2 0.298756484375 0.413664084375 0.298756484375 0.454990634375 0.3168368515625 0.454990634375 0.3168368515625 0.413664084375 0.298756484375 0.413664084375
2 0.3151149109375 0.4090722453125 0.3151149109375 0.459582471875 0.33319527656250003 0.459582471875 0.33319527656250003 0.4090722453125 0.3151149109375 0.4090722453125
2 0.324585578125 0.413664084375 0.324585578125 0.47029676406250004 0.35385855 0.47029676406250004 0.35385855 0.413664084375 0.324585578125 0.413664084375
2 0.339222065625 0.4075416328125 0.339222065625 0.47029676406250004 0.366773096875 0.47029676406250004 0.366773096875 0.4075416328125 0.339222065625 0.4075416328125
2 0.351275640625 0.39835795625000003 0.351275640625 0.48713350625 0.40896061718750004 0.48713350625 0.40896061718750004 0.39835795625000003 0.351275640625 0.39835795625000003
2 0.3882973421875 0.40294979375000006 0.3882973421875 0.5100927000000001 0.46061880312500003 0.5100927000000001 0.46061880312500003 0.40294979375000006 0.3882973421875 0.40294979375000006
2 0.4313458296875 0.3845824390625 0.4313458296875 0.5483580234375001 0.56307420625 0.5483580234375001 0.56307420625 0.3845824390625 0.4313458296875 0.3845824390625
2 0.5286354140625 0.369276309375 0.5286354140625 0.6585621546875 0.7938141046875 0.6585621546875 0.7938141046875 0.369276309375 0.5286354140625 0.369276309375