4 0.10466740625 0.41788998125 0.10466740625 0.49966613125 0.11870102499999999 0.49966613125 0.11870102499999999 0.41788998125 0.10466740625 0.41788998125
4 0.09609130625 0.41927601875000003 0.09609130625 0.4456107109375 0.10466740625 0.4456107109375 0.10466740625 0.41927601875000003 0.09609130625 0.41927601875000003
4 0.0921930796875 0.42897827343749995 0.0921930796875 0.5121404593750001 0.10700634375 0.5121404593750001 0.10700634375 0.42897827343749995 0.0921930796875 0.42897827343749995
4 0.08361697812499999 0.41373187343750006 0.08361697812499999 0.455312965625 0.0976505984375 0.455312965625 0.0976505984375 0.41373187343750006 0.08361697812499999 0.41373187343750006
4 0.0688037140625 0.41788998125 0.0688037140625 0.4871918046875 0.0937523703125 0.4871918046875 0.0937523703125 0.41788998125 0.0688037140625 0.41788998125
4 0.620792721875 0.44145260156250005 0.620792721875 0.49966613125 0.634826340625 0.49966613125 0.634826340625 0.44145260156250005 0.620792721875 0.44145260156250005
4 0.606759103125 0.43729449374999996 0.606759103125 0.5010521671875 0.6200130749999999 0.5010521671875 0.6200130749999999 0.43729449374999996 0.606759103125 0.43729449374999996
4 0.6309281125 0.4331363828125 0.6309281125 0.503824240625 0.64496173125 0.503824240625 0.64496173125 0.4331363828125 0.6309281125 0.4331363828125
4 0.672639146875 0.439373546875 0.672639146875 0.4892708578125 0.686672765625 0.4892708578125 0.686672765625 0.439373546875 0.672639146875 0.439373546875
4 0.8192124984375001 0.42828525624999997 0.8192124984375001 0.4684803125 0.8418222171874999 0.4684803125 0.8418222171874999 0.42828525624999997 0.8192124984375001 0.42828525624999997
4 0.8597540625000001 0.43521543749999997 0.8597540625000001 0.5211496953125 0.8847027187500001 0.5211496953125 0.8847027187500001 0.43521543749999997 0.8597540625000001 0.43521543749999997
4 0.8924991734375001 0.41165281875000004 0.8924991734375001 0.584907371875 0.9268035765624999 0.584907371875 0.9268035765624999 0.41165281875000004 0.8924991734375001 0.41165281875000004
2 0.344018571875 0.43452241875000003 0.344018571875 0.4871918046875 0.38144155468749996 0.4871918046875 0.38144155468749996 0.43452241875000003 0.344018571875 0.43452241875000003
2 0.30581594375 0.4165039453125 0.30581594375 0.5398611875 0.3564929 0.5398611875 0.3564929 0.4165039453125 0.30581594375 0.4165039453125
2 0 0.58005624375 0.0992098890625 0.58005624375 0.0992098890625 0.41788998125 0 0.41788998125 0 0.58005624375
4 0.010330303124999999 0.40264358125 0.010330303124999999 0.42066205625 0.018906403125 0.42066205625 0.018906403125 0.40264358125 0.010330303124999999 0.40264358125
2 0.111684215625 0.3582904171875 0.111684215625 0.6160931921875 0.335442471875 0.6160931921875 0.335442471875 0.3582904171875 0.111684215625 0.3582904171875
2 0.35103538125 0.3652205984375 0.35103538125 0.6368837375 0.5015069609375 0.6368837375 0.5015069609375 0.3652205984375 0.35103538125 0.3652205984375
1 0.4664229140625 0.3970994359375 0.4664229140625 0.5024382046875 0.5194388078125 0.5024382046875 0.5194388078125 0.3970994359375 0.4664229140625 0.3970994359375
2 0.50462554375 0.38878321875 0.50462554375 0.53154496875 0.6059794562499999 0.53154496875 0.6059794562499999 0.38878321875 0.50462554375 0.38878321875
2 0.647373759375 0.4426076359375 0.647373759375 0.692094190625 0.9030974796875 0.692094190625 0.9030974796875 0.4426076359375 0.647373759375 0.4426076359375
2 0.00078045 0.47158465156249996 0.00078045 0.7083790375000001 0.10335732812500001 0.7083790375000001 0.10335732812500001 0.47158465156249996 0.00078045 0.47158465156249996