2 0.506893215625 0.34373836406249997 0.506893215625 0.35746294375 0.5153151171875 0.35746294375 0.5153151171875 0.34373836406249997 0.506893215625 0.34373836406249997
2 0.4991731375 0.34498605000000004 0.4991731375 0.3612060078125 0.5082968640625001 0.3612060078125 0.5082968640625001 0.34498605000000004 0.4991731375 0.34498605000000004
2 0.49075123437499996 0.3462337421875 0.49075123437499996 0.3637013890625 0.5019804375 0.3637013890625 0.5019804375 0.3462337421875 0.49075123437499996 0.3462337421875
2 0.4837329859375 0.351224496875 0.4837329859375 0.36869214375000003 0.4935585359375 0.36869214375000003 0.4935585359375 0.351224496875 0.4837329859375 0.351224496875
2 0.4760129078125 0.3549675671875 0.4760129078125 0.3699398359375 0.487242109375 0.3699398359375 0.487242109375 0.3549675671875 0.4760129078125 0.3549675671875
2 0.46829283125 0.35621525625 0.46829283125 0.37992135 0.48303116093750004 0.37992135 0.48303116093750004 0.35621525625 0.46829283125 0.35621525625
2 0.4577654546875 0.353719875 0.4577654546875 0.3811690375 0.4732056078125 0.3811690375 0.4732056078125 0.353719875 0.4577654546875 0.353719875
2 0.43109609843749996 0.34872911875 0.43109609843749996 0.4011320625 0.46759100625 0.4011320625 0.46759100625 0.34872911875 0.43109609843749996 0.34872911875
2 0.7434082906249999 0.3524721859375 0.7434082906249999 0.3724352109375 0.7602520937499999 0.3724352109375 0.7602520937499999 0.3524721859375 0.7434082906249999 0.3524721859375
2 0.7286699624999999 0.342490671875 0.7286699624999999 0.3799213453125 0.7455137656249999 0.3799213453125 0.7455137656249999 0.342490671875 0.7286699624999999 0.342490671875
4 0.7048079078125 0.3250230234375 0.7048079078125 0.4585257625 0.7398991640625 0.4585257625 0.7398991640625 0.3250230234375 0.7048079078125 0.3250230234375
2 0.39021480468749997 0.3736439109375 0.39021480468749997 0.42978992343750005 0.4147786875 0.42978992343750005 0.4147786875 0.3736439109375 0.39021480468749997 0.3736439109375
2 0.384600203125 0.3823777359375 0.384600203125 0.44101912812500005 0.4056549578125 0.44101912812500005 0.4056549578125 0.3823777359375 0.384600203125 0.3823777359375
2 0.367054575 0.3823777359375 0.367054575 0.44975295 0.3930221046875 0.44975295 0.3930221046875 0.3823777359375 0.367054575 0.3823777359375
2 0.3179268140625 0.38861618125 0.3179268140625 0.477202109375 0.3761783015625 0.477202109375 0.3761783015625 0.38861618125 0.3179268140625 0.38861618125
2 0.3059957859375 0.3586716421875 0.3059957859375 0.3911115578125 0.367054575 0.3911115578125 0.367054575 0.3586716421875 0.3059957859375 0.3586716421875
2 0.28283555625 0.372396221875 0.28283555625 0.419808409375 0.322839590625 0.419808409375 0.322839590625 0.372396221875 0.28283555625 0.372396221875
2 0.23440962187499997 0.392359246875 0.23440962187499997 0.518375853125 0.326348715625 0.518375853125 0.326348715625 0.392359246875 0.23440962187499997 0.392359246875
2 0.143874178125 0.377386978125 0.143874178125 0.42854223124999996 0.229496846875 0.42854223124999996 0.229496846875 0.377386978125 0.143874178125 0.377386978125
2 0.0764989625 0.416065340625 0.0764989625 0.6256771171875 0.248446125 0.6256771171875 0.248446125 0.416065340625 0.0764989625 0.416065340625
2 0.5193506328125 0.34494705937500003 0.5193506328125 0.3624147078125 0.5326853093749999 0.3624147078125 0.5326853093749999 0.34494705937500003 0.5193506328125 0.34494705937500003
2 0.7495492578125 0.2601041953125 0.7495492578125 0.754189103125 0.9993990140625 0.754189103125 0.9993990140625 0.2601041953125 0.7495492578125 0.2601041953125