2 0.45702941406250003 0.5075504343749999 0.45702941406250003 0.52003118125 0.46990018750000007 0.52003118125 0.46990018750000007 0.5075504343749999 0.45702941406250003 0.5075504343749999
2 0.45819948281249995 0.5325119328125 0.45819948281249995 0.54707280625 0.46756004375 0.54707280625 0.46756004375 0.5325119328125 0.45819948281249995 0.5325119328125
2 0.4406484328125 0.5325119328125 0.4406484328125 0.5533131796874999 0.45585934375 0.5533131796874999 0.45585934375 0.5325119328125 0.4406484328125 0.5325119328125
2 0.421927309375 0.5345920578125 0.421927309375 0.5553933062499999 0.44181850312500004 0.5553933062499999 0.44181850312500004 0.5345920578125 0.421927309375 0.5345920578125
2 0.4160769578125 0.5387523078124999 0.4160769578125 0.56163368125 0.43245793906249996 0.56163368125 0.43245793906249996 0.5387523078124999 0.4160769578125 0.5387523078124999
2 0.386825203125 0.5325119328125 0.386825203125 0.57203430625 0.42075723906249995 0.57203430625 0.42075723906249995 0.5325119328125 0.386825203125 0.5325119328125
2 0.479260746875 0.48674918749999996 0.479260746875 0.4992299359375 0.4897913765625 0.4992299359375 0.4897913765625 0.48674918749999996 0.479260746875 0.48674918749999996
2 0.50734243125 0.5345920578125 0.50734243125 0.5512330578125 0.520213203125 0.5512330578125 0.520213203125 0.5345920578125 0.50734243125 0.5345920578125
2 0.479260746875 0.520031184375 0.479260746875 0.5657939296875 0.5085124999999999 0.5657939296875 0.5085124999999999 0.520031184375 0.479260746875 0.520031184375
2 0.5447846765625 0.5137908125 0.5447846765625 0.6011560499999999 0.5880772734375 0.6011560499999999 0.5880772734375 0.5137908125 0.5447846765625 0.5137908125
2 0.5646758703125 0.5158709359375 0.5646758703125 0.617797046875 0.639560359375 0.617797046875 0.639560359375 0.5158709359375 0.5646758703125 0.5158709359375
2 0.5979058546875 0.520031184375 0.5979058546875 0.660291015625 0.7320251296875 0.660291015625 0.7320251296875 0.520031184375 0.5979058546875 0.520031184375
2 0.230065028125 0.5483208937499999 0.230065028125 0.6374096421875 0.31591894531250003 0.6374096421875 0.31591894531250003 0.5483208937499999 0.230065028125 0.5483208937499999
4 0.11349680625 0.5379202703125 0.11349680625 0.6249288921875 0.137629484375 0.6249288921875 0.137629484375 0.5379202703125 0.11349680625 0.5379202703125
2 0.7729775859375 0.39760098125 0.7729775859375 0.968149490625 0.9988011296874999 0.968149490625 0.9988011296874999 0.39760098125 0.7729775859375 0.39760098125
0 0.08658519375 0.5995959562500001 0.08658519375 0.6682400703125 0.106476384375 0.6682400703125 0.106476384375 0.5995959562500001 0.08658519375 0.5995959562500001
0 0.0631837890625 0.60375620625 0.0631837890625 0.672400321875 0.0900954015625 0.672400321875 0.0900954015625 0.60375620625 0.0631837890625 0.60375620625
0 0.015210912500000002 0.5975158328125 0.015210912500000002 0.6911214484375 0.060843648437499995 0.6911214484375 0.060843648437499995 0.5975158328125 0.015210912500000002 0.5975158328125
0 0 0.6937216015625001 0.020183709375 0.6937216015625001 0.020183709375 0.6146768625 0 0.6146768625 0 0.6937216015625001
4 0.33537134375 0.52924315625 0.33537134375 0.5729257750000001 0.3482421171875 0.5729257750000001 0.3482421171875 0.52924315625 0.33537134375 0.52924315625