2 0.5000764249999999 0.61694505625 0.5000764249999999 0.6724007921874999 0.536144315625 0.6724007921874999 0.536144315625 0.61694505625 0.5000764249999999 0.61694505625
2 0.5166481593750001 0.6134790703124999 0.5166481593750001 0.7018616484375 0.5702625890624999 0.7018616484375 0.5702625890624999 0.6134790703124999 0.5166481593750001 0.6134790703124999
2 0.54589239375 0.6082800953125 0.54589239375 0.7243905421875 0.6365495234375 0.7243905421875 0.6365495234375 0.6082800953125 0.54589239375 0.6082800953125
2 0.60340605625 0.6030811203125 0.60340605625 0.7815792671875 0.749627234375 0.7815792671875 0.749627234375 0.6030811203125 0.60340605625 0.6030811203125
2 0.400646025 0.64293993125 0.400646025 0.67933275625 0.41819256562499996 0.67933275625 0.41819256562499996 0.64293993125 0.400646025 0.64293993125
2 0.41429333437500004 0.5736202609375 0.41429333437500004 0.687997715625 0.478630653125 0.687997715625 0.478630653125 0.5736202609375 0.41429333437500004 0.5736202609375
2 0.32948505156249996 0.66893480625 0.32948505156249996 0.6758667734375 0.3411827453125 0.6758667734375 0.3411827453125 0.66893480625 0.32948505156249996 0.66893480625
2 0.32656062812500003 0.677599765625 0.32656062812500003 0.69492968125 0.338258321875 0.69492968125 0.338258321875 0.677599765625 0.32656062812500003 0.677599765625
2 0.31291331875 0.6758667734375 0.31291331875 0.69492968125 0.32656062812500003 0.69492968125 0.32656062812500003 0.6758667734375 0.31291331875 0.6758667734375
2 0.27392100468749997 0.6672018140625 0.27392100468749997 0.70012865625 0.28659350781250004 0.70012865625 0.28659350781250004 0.6672018140625 0.27392100468749997 0.6672018140625
6 0.2563744640625 0.66373583125 0.2563744640625 0.70012865625 0.283669084375 0.70012865625 0.283669084375 0.66373583125 0.2563744640625 0.66373583125
6 0.23785311406249998 0.66373583125 0.23785311406249998 0.703594640625 0.25539965625 0.703594640625 0.25539965625 0.66373583125 0.23785311406249998 0.66373583125
2 0.20470964687499998 0.67933275625 0.20470964687499998 0.708793615625 0.23687830625 0.708793615625 0.23687830625 0.67933275625 0.20470964687499998 0.67933275625
2 0.18326387500000002 0.6827987390625 0.18326387500000002 0.7122596 0.2017852234375 0.7122596 0.2017852234375 0.6827987390625 0.18326387500000002 0.6827987390625
2 0.1462211765625 0.6827987390625 0.1462211765625 0.719191565625 0.1881379140625 0.719191565625 0.1881379140625 0.6827987390625 0.1462211765625 0.6827987390625
2 0.08773270625 0.67933275625 0.08773270625 0.7261235312500001 0.1267250203125 0.7261235312500001 0.1267250203125 0.67933275625 0.08773270625 0.67933275625
2 0.36262851875 0.672400790625 0.36262851875 0.686264721875 0.3733514046875 0.686264721875 0.3733514046875 0.672400790625 0.36262851875 0.672400790625
2 0.3528804390625 0.672400790625 0.3528804390625 0.686264721875 0.36262851875 0.686264721875 0.36262851875 0.672400790625 0.3528804390625 0.672400790625
2 0.372376596875 0.6412069390624999 0.372376596875 0.68453173125 0.400646025 0.68453173125 0.400646025 0.6412069390624999 0.372376596875 0.6412069390624999
2 0.41624295 0.5892171875 0.41624295 0.727856525 0.502026040625 0.727856525 0.502026040625 0.5892171875 0.41624295 0.5892171875
2 0.6921135703125 0.6065471046875001 0.6921135703125 0.92021860625 0.9982032343749999 0.92021860625 0.9982032343749999 0.6065471046875001 0.6921135703125 0.6065471046875001
4 0.7223326140624999 0.5805522265625 0.7223326140624999 0.6186780453125 0.7379295375 0.6186780453125 0.7379295375 0.5805522265625 0.7223326140624999 0.5805522265625
4 0.746702809375 0.5736202609375 0.746702809375 0.6360079640625 0.7691233890625 0.6360079640625 0.7691233890625 0.5736202609375 0.746702809375 0.5736202609375
4 0.6287510609375 0.5805522265625 0.6287510609375 0.6134790703124999 0.6414235625 0.6134790703124999 0.6414235625 0.5805522265625 0.6287510609375 0.5805522265625
2 0.6482472171875 0.58748419375 0.6482472171875 0.6082800953125 0.6706677984375 0.6082800953125 0.6706677984375 0.58748419375 0.6482472171875 0.58748419375
4 0.8870751406249999 0.5580233359375 0.8870751406249999 0.6065471062500001 0.9153445671875 0.6065471062500001 0.9153445671875 0.5580233359375 0.8870751406249999 0.5580233359375
2 0.139397521875 0.703594640625 0.139397521875 0.72265755 0.1501204078125 0.72265755 0.1501204078125 0.703594640625 0.139397521875 0.703594640625
2 0.12185098125 0.708793615625 0.12185098125 0.7243905421875 0.1384227140625 0.7243905421875 0.1384227140625 0.708793615625 0.12185098125 0.708793615625