4 0.210204621875 0.41703169687499997 0.210204621875 0.4394637171875 0.222249090625 0.4394637171875 0.222249090625 0.41703169687499997 0.210204621875 0.41703169687499997
4 0.195865971875 0.4190709734375 0.195865971875 0.47311175624999996 0.2056162546875 0.47311175624999996 0.2056162546875 0.4190709734375 0.195865971875 0.4190709734375
4 0.1792331375 0.4149924234375 0.1792331375 0.5098187015625 0.19758661093750002 0.5098187015625 0.19758661093750002 0.4149924234375 0.1792331375 0.4149924234375
4 0.715749609375 0.4190709734375 0.715749609375 0.45781719374999996 0.72894116875 0.45781719374999996 0.72894116875 0.4190709734375 0.715749609375 0.4190709734375
4 0.7008374125 0.41193350781250004 0.7008374125 0.45373864375000006 0.7168967015625001 0.45373864375000006 0.7168967015625001 0.41193350781250004 0.7008374125 0.41193350781250004
4 0.6784691171875 0.4149924234375 0.6784691171875 0.45577791875000007 0.6882193984375 0.45577791875000007 0.6882193984375 0.4149924234375 0.6784691171875 0.4149924234375
4 0.627997065625 0.40377641249999996 0.627997065625 0.4843277671875 0.6394679859375 0.4843277671875 0.6394679859375 0.40377641249999996 0.627997065625 0.40377641249999996
4 0.66011564375 0.4058156859375 0.66011564375 0.49350449999999996 0.6773220249999999 0.49350449999999996 0.6773220249999999 0.4058156859375 0.66011564375 0.4058156859375
4 0.634879615625 0.4017371359375 0.634879615625 0.4975830515625 0.6509389046875 0.4975830515625 0.6509389046875 0.4017371359375 0.634879615625 0.4017371359375
4 0.7381179046875 0.39765858593750003 0.7381179046875 0.529191809375 0.7570449234375001 0.529191809375 0.7570449234375001 0.39765858593750003 0.7381179046875 0.39765858593750003
2 0.9096440156250001 0.3711480140625 0.9096440156250001 0.5628398453125001 0.9991171984375 0.5628398453125001 0.9991171984375 0.3711480140625 0.9096440156250001 0.3711480140625
2 0.5098824265624999 0.39882389687500003 0.5098824265624999 0.4151380953125 0.519632709375 0.4151380953125 0.519632709375 0.39882389687500003 0.5098824265624999 0.39882389687500003
2 0.5127501578125 0.4069809953125 0.5127501578125 0.4192166453125 0.5219268953125 0.4192166453125 0.5219268953125 0.4069809953125 0.5127501578125 0.4069809953125
2 0.494396684375 0.3978042578125 0.494396684375 0.40698099374999996 0.50758824375 0.40698099374999996 0.50758824375 0.3978042578125 0.494396684375 0.3978042578125
2 0.4720283890625 0.3967846234375 0.4720283890625 0.41819700937500004 0.4915289546875 0.41819700937500004 0.4915289546875 0.3967846234375 0.4720283890625 0.3967846234375
2 0.4869405875 0.40494172187500005 0.4869405875 0.43858975625 0.5110295203125 0.43858975625 0.5110295203125 0.40494172187500005 0.4869405875 0.40494172187500005
2 0.5213533484374999 0.40188280781249996 0.5213533484374999 0.4243148296875 0.527088809375 0.4243148296875 0.527088809375 0.40188280781249996 0.5213533484374999 0.40188280781249996
2 0.524794625 0.39270607343749997 0.524794625 0.42737374531250005 0.543148096875 0.42737374531250005 0.543148096875 0.39270607343749997 0.524794625 0.39270607343749997
2 0.530530084375 0.40290244687500004 0.530530084375 0.42839338125 0.5511777421875 0.42839338125 0.5511777421875 0.40290244687500004 0.530530084375 0.40290244687500004
2 0.54257455 0.4100399078125 0.54257455 0.45796286875 0.57813440625 0.45796286875 0.57813440625 0.4100399078125 0.54257455 0.4100399078125
2 0.43802530781250004 0.4069809953125 0.43802530781250004 0.42635410625 0.44548140468749997 0.42635410625 0.44548140468749997 0.4069809953125 0.43802530781250004 0.4069809953125
2 0.43114275625 0.40188280781249996 0.43114275625 0.4263541046875 0.44031949218750005 0.4263541046875 0.44031949218750005 0.40188280781249996 0.43114275625 0.40188280781249996
2 0.4271279328125 0.40188280781249996 0.4271279328125 0.42737374375000003 0.43745176093750004 0.42737374375000003 0.43745176093750004 0.40188280781249996 0.4271279328125 0.40188280781249996
2 0.42081892656250003 0.403922084375 0.42081892656250003 0.43145229374999994 0.43343693906249997 0.43145229374999994 0.43343693906249997 0.403922084375 0.42081892656250003 0.403922084375
2 0.41450991875 0.40494172187500005 0.41450991875 0.43451120625 0.4271279328125 0.43451120625 0.4271279328125 0.40494172187500005 0.41450991875 0.40494172187500005
2 0.40762736874999994 0.40188280781249996 0.40762736874999994 0.4375701171875 0.422539565625 0.4375701171875 0.422539565625 0.40188280781249996 0.40762736874999994 0.40188280781249996
2 0.3950093546875 0.39882389687500003 0.3950093546875 0.4436879421875 0.41680410312499994 0.4436879421875 0.41680410312499994 0.39882389687500003 0.3950093546875 0.39882389687500003
2 0.3697733296875 0.40494172187500005 0.3697733296875 0.4487861296875 0.4018919078125 0.4487861296875 0.4018919078125 0.40494172187500005 0.3697733296875 0.40494172187500005
2 0.30897745 0.4069809953125 0.30897745 0.43655048125 0.3686262375 0.43655048125 0.3686262375 0.4069809953125 0.30897745 0.4069809953125
2 0.27341759374999997 0.42664544062500004 0.27341759374999997 0.48680404531250004 0.31184517968750003 0.48680404531250004 0.31184517968750003 0.42664544062500004 0.27341759374999997 0.42664544062500004
2 0.18853278125 0.4286847140625 0.18853278125 0.5357466390625001 0.2820207859375 0.5357466390625001 0.2820207859375 0.4286847140625 0.18853278125 0.4286847140625
2 0.273660321875 0.4294712859375 0.273660321875 0.565083059375 0.3941049890625 0.565083059375 0.3941049890625 0.4294712859375 0.273660321875 0.4294712859375
2 0.3711631484375 0.428451646875 0.3711631484375 0.4947280796875 0.3986933578125 0.4947280796875 0.3986933578125 0.428451646875 0.3711631484375 0.428451646875
2 0.439988671875 0.40499997031249996 0.439988671875 0.44374619375 0.4669453359375 0.44374619375 0.4669453359375 0.40499997031249996 0.439988671875 0.40499997031249996
2 0.476122071875 0.42335344687500004 0.476122071875 0.543670659375 0.56158043125 0.543670659375 0.56158043125 0.42335344687500004 0.476122071875 0.42335344687500004
2 0.563874615625 0.4172356203125 0.563874615625 0.4967673375 0.6195085828125 0.4967673375 0.6195085828125 0.4172356203125 0.563874615625 0.4172356203125