2 0.4805802671875 0.36103994687499996 0.4805802671875 0.37836986562499997 0.4893535375 0.37836986562499997 0.4893535375 0.36103994687499996 0.4805802671875 0.36103994687499996
2 0.4718069984375 0.36103994687499996 0.4718069984375 0.38010285625 0.48447949843749993 0.38010285625 0.48447949843749993 0.36103994687499996 0.4718069984375 0.36103994687499996
2 0.464008534375 0.3627729375 0.464008534375 0.383568840625 0.4766810375 0.383568840625 0.4766810375 0.3627729375 0.464008534375 0.3627729375
2 0.4474368015625 0.3679719140625 0.4474368015625 0.38876781718750003 0.4630337265625 0.38876781718750003 0.4630337265625 0.3679719140625 0.4474368015625 0.3679719140625
2 0.4396383390625 0.3697049046875 0.4396383390625 0.3922337984375 0.45133603281249995 0.3922337984375 0.45133603281249995 0.3697049046875 0.4396383390625 0.3697049046875
2 0.4347642984375 0.3697049046875 0.4347642984375 0.3922337984375 0.4474368015625 0.3922337984375 0.4474368015625 0.3697049046875 0.4347642984375 0.3697049046875
2 0.4191673734375 0.366238921875 0.4191673734375 0.3956997828125 0.4396383390625 0.3956997828125 0.4396383390625 0.366238921875 0.4191673734375 0.366238921875
2 0.40746968125 0.3697049046875 0.40746968125 0.399165765625 0.4318398765625 0.399165765625 0.4318398765625 0.3697049046875 0.40746968125 0.3697049046875
2 0.5332198921875 0.3558409703125 0.5332198921875 0.3766368703125 0.54589239375 0.3766368703125 0.54589239375 0.3558409703125 0.5332198921875 0.3558409703125
2 0.549791625 0.357573965625 0.549791625 0.3714378984375 0.5585648953125 0.3714378984375 0.5585648953125 0.357573965625 0.549791625 0.357573965625
2 0.5546656640625 0.35930695625000003 0.5546656640625 0.37663687343749996 0.5683129734375 0.37663687343749996 0.5683129734375 0.35930695625000003 0.5546656640625 0.35930695625000003
2 0.5605145109375 0.36450593124999997 0.5605145109375 0.39223379999999997 0.5809854750000001 0.39223379999999997 0.5809854750000001 0.36450593124999997 0.5605145109375 0.36450593124999997
2 0.5156733499999999 0.357573965625 0.5156733499999999 0.3956997828125 0.5400435453125 0.3956997828125 0.5400435453125 0.357573965625 0.5156733499999999 0.357573965625
2 0.50300085 0.35410798125 0.50300085 0.36450593124999997 0.518597775 0.36450593124999997 0.518597775 0.35410798125 0.50300085 0.35410798125
2 0.4883787296875 0.35930695625000003 0.4883787296875 0.4199616671875 0.5263962375 0.4199616671875 0.5263962375 0.35930695625000003 0.4883787296875 0.35930695625000003
2 0.5390687390625 0.3731708890625 0.5390687390625 0.42169465781250004 0.5722122046875 0.42169465781250004 0.5722122046875 0.3731708890625 0.5390687390625 0.3731708890625
2 0.5897587468750001 0.3523749890625 0.5897587468750001 0.3679719140625 0.60340605625 0.3679719140625 0.60340605625 0.3523749890625 0.5897587468750001 0.3523749890625
2 0.6053556734375001 0.36103994687499996 0.6053556734375001 0.38876781718750003 0.6277762515624999 0.38876781718750003 0.6277762515624999 0.36103994687499996 0.6053556734375001 0.36103994687499996
2 0.6112045187499999 0.3679719140625 0.6112045187499999 0.40089875625 0.6355747140625 0.40089875625 0.6355747140625 0.3679719140625 0.6112045187499999 0.3679719140625
2 0.3470315921875 0.3766368703125 0.3470315921875 0.45288850625 0.4084444875 0.45288850625 0.4084444875 0.3766368703125 0.3470315921875 0.3766368703125
2 0.6839901921875 0.3731708890625 0.6839901921875 0.45288850937499997 0.832160984375 0.45288850937499997 0.832160984375 0.3731708890625 0.6839901921875 0.3731708890625
2 0.7610000125 0.40089877031250004 0.7610000125 0.596726834375 0.9715585062500001 0.596726834375 0.9715585062500001 0.40089877031250004 0.7610000125 0.40089877031250004