2 0.077984628125 0.33620039375 0.077984628125 0.47137375156249994 0.227130228125 0.47137375156249994 0.227130228125 0.33620039375 0.077984628125 0.33620039375
2 0.6677433734375 0.301540559375 0.6677433734375 0.589217190625 0.9260674546875001 0.589217190625 0.9260674546875001 0.301540559375 0.6677433734375 0.301540559375
2 0.227130228125 0.334467403125 0.227130228125 0.43671391562500006 0.2895179296875 0.43671391562500006 0.2895179296875 0.334467403125 0.227130228125 0.334467403125
2 0.28366908281250003 0.334467403125 0.28366908281250003 0.42284998125 0.3363087078125 0.42284998125 0.3363087078125 0.334467403125 0.28366908281250003 0.334467403125
2 0.608280096875 0.31020551875 0.608280096875 0.48697067499999996 0.6726174125 0.48697067499999996 0.6726174125 0.31020551875 0.608280096875 0.31020551875
2 0.5751366296875 0.32580244375 0.5751366296875 0.44364588125 0.6131541359375 0.44364588125 0.6131541359375 0.32580244375 0.5751366296875 0.32580244375
2 0.543942778125 0.324069453125 0.543942778125 0.42111698906250006 0.5780610515625 0.42111698906250006 0.5780610515625 0.324069453125 0.543942778125 0.324069453125
2 0.5273710453125 0.3465983453125 0.5273710453125 0.398588096875 0.5468672015625 0.398588096875 0.5468672015625 0.3465983453125 0.5273710453125 0.3465983453125
2 0.505925271875 0.33620039375 0.505925271875 0.38645715625 0.5283458515625 0.38645715625 0.5283458515625 0.33620039375 0.505925271875 0.33620039375
2 0.4971520015625 0.3431323609375 0.4971520015625 0.37952518749999997 0.5156733499999999 0.37952518749999997 0.5156733499999999 0.3431323609375 0.4971520015625 0.3431323609375
2 0.3840742921875 0.3483313375 0.3840742921875 0.38645715625 0.400646025 0.38645715625 0.400646025 0.3483313375 0.3840742921875 0.3483313375
2 0.40357044843749995 0.3500643296875 0.40357044843749995 0.38299116875 0.4181925640625 0.38299116875 0.4181925640625 0.3500643296875 0.40357044843749995 0.3500643296875
2 0.4191673734375 0.3552633046875 0.4191673734375 0.38645715625 0.43671391562500006 0.38645715625 0.43671391562500006 0.3552633046875 0.4191673734375 0.3552633046875
2 0.43866353125 0.3465983453125 0.43866353125 0.37605920312499996 0.45426045625 0.37605920312499996 0.45426045625 0.3465983453125 0.43866353125 0.3465983453125
2 0.346056784375 0.3448653546875 0.346056784375 0.39685510625 0.3840742921875 0.39685510625 0.3840742921875 0.3448653546875 0.346056784375 0.3448653546875
2 0.4649833421875 0.3517973203125 0.4649833421875 0.3708602296875 0.4796054609375 0.3708602296875 0.4796054609375 0.3517973203125 0.4649833421875 0.3517973203125