2 0.6113588062499999 0.4720841296875 0.6113588062499999 0.4890805453125 0.623650859375 0.4890805453125 0.623650859375 0.4720841296875 0.6113588062499999 0.4720841296875
2 0.6195535078125001 0.47936830625000004 0.6195535078125001 0.4915086015625 0.6345771265625 0.4915086015625 0.6345771265625 0.47936830625000004 0.6195535078125001 0.47936830625000004
2 0.630479775 0.47694024687500003 0.630479775 0.4987927859375 0.64550339375 0.4987927859375 0.64550339375 0.47694024687500003 0.630479775 0.47694024687500003
2 0.64140604375 0.48179636718749996 0.64140604375 0.5109330812499999 0.6605270109375 0.5109330812499999 0.6605270109375 0.48179636718749996 0.64140604375 0.48179636718749996
2 0.6577954453125 0.4915086046875 0.6577954453125 0.5279295 0.67964798125 0.5279295 0.67964798125 0.4915086046875 0.6577954453125 0.4915086046875
2 0.6687217140625 0.4939366640625 0.6687217140625 0.5522100937500001 0.7015005171875 0.5522100937500001 0.7015005171875 0.4939366640625 0.6687217140625 0.4939366640625
2 0.68374533125 0.4915086046875 0.68374533125 0.5619223328125 0.7260846203125 0.5619223328125 0.7260846203125 0.4915086046875 0.68374533125 0.4915086046875
2 0.6946716000000001 0.513361140625 0.6946716000000001 0.60077128125 0.742474021875 0.60077128125 0.742474021875 0.513361140625 0.6946716000000001 0.513361140625
2 0.6004325390624999 0.4745121890625 0.6004325390624999 0.49150860312500005 0.6113588062499999 0.49150860312500005 0.6113588062499999 0.4745121890625 0.6004325390624999 0.4745121890625
2 0.589506271875 0.4720841296875 0.589506271875 0.49636472343750004 0.6017983250000001 0.49636472343750004 0.6017983250000001 0.4720841296875 0.589506271875 0.4720841296875
2 0.5731168703125 0.46965606875 0.5731168703125 0.4915086046875 0.59087205625 0.4915086046875 0.59087205625 0.46965606875 0.5731168703125 0.46965606875
2 0.5594590359375 0.4745121890625 0.5594590359375 0.49879278437499996 0.5744826515625 0.49879278437499996 0.5744826515625 0.4745121890625 0.5594590359375 0.4745121890625
2 0.5403380671875 0.4720841296875 0.5403380671875 0.50122084375 0.5621906015625 0.50122084375 0.5621906015625 0.4720841296875 0.5403380671875 0.4720841296875
2 0.521217096875 0.4720841296875 0.521217096875 0.503648903125 0.5403380671875 0.503648903125 0.5403380671875 0.4720841296875 0.521217096875 0.4720841296875
2 0.5034619109375 0.4745121890625 0.5034619109375 0.5085050203125 0.521217096875 0.5085050203125 0.521217096875 0.4745121890625 0.5034619109375 0.4745121890625
2 0.4652199765625 0.45994383125000005 0.4652199765625 0.49879278125 0.5034619109375 0.49879278125 0.5034619109375 0.45994383125000005 0.4652199765625 0.45994383125000005
2 0.3737124796875 0.45023159375 0.3737124796875 0.5546381499999999 0.4365385203125 0.5546381499999999 0.4365385203125 0.45023159375 0.3737124796875 0.45023159375
2 0.26854715625000003 0.44294741562500006 0.26854715625000003 0.58863098125 0.3805414 0.58863098125 0.3805414 0.44294741562500006 0.26854715625000003 0.44294741562500006
2 0.00085359375 0.394386225 0.00085359375 0.666328884375 0.271278721875 0.666328884375 0.271278721875 0.394386225 0.00085359375 0.394386225
4 0.49116986249999994 0.4720841296875 0.49116986249999994 0.5230733796875 0.5034619124999999 0.5230733796875 0.5034619124999999 0.4720841296875 0.49116986249999994 0.4720841296875
4 0.48297516093750004 0.48179636718749996 0.48297516093750004 0.527929496875 0.49116986249999994 0.527929496875 0.49116986249999994 0.48179636718749996 0.48297516093750004 0.48179636718749996
4 0.4638541921875 0.4866524859375 0.4638541921875 0.5352136765625 0.4747804578125 0.5352136765625 0.4747804578125 0.4866524859375 0.4638541921875 0.4866524859375
2 0.4310753890625 0.47936830625000004 0.4310753890625 0.5327856140625 0.4542937078125 0.5327856140625 0.4542937078125 0.47936830625000004 0.4310753890625 0.47936830625000004