2 0.13867675468750001 0.6426950265625 0.13867675468750001 0.6528965343750001 0.151428640625 0.6528965343750001 0.151428640625 0.6426950265625 0.13867675468750001 0.6426950265625
2 0.5331164796875 0.645188725 0.5331164796875 0.6837277562499999 0.5567074671875 0.6837277562499999 0.5567074671875 0.645188725 0.5331164796875 0.645188725
2 0.546505959375 0.6542567312500001 0.546505959375 0.7007302703125 0.57328491875 0.7007302703125 0.57328491875 0.6542567312500001 0.546505959375 0.6542567312500001
2 0.4604307328125 0.6587907359375 0.4604307328125 0.6814607546875 0.469357053125 0.6814607546875 0.469357053125 0.6587907359375 0.4604307328125 0.6587907359375
2 0.3176096140625 0.6746597484375 0.3176096140625 0.7018637703125 0.33865022499999997 0.7018637703125 0.33865022499999997 0.6746597484375 0.3176096140625 0.6746597484375
2 0.2870050890625 0.6780602515624999 0.2870050890625 0.69959676875 0.3010321640625 0.69959676875 0.3010321640625 0.6780602515624999 0.2870050890625 0.6780602515624999
2 0.1856276015625 0.6859947578125001 0.1856276015625 0.7381358015624999 0.2251584453125 0.7381358015624999 0.2251584453125 0.6859947578125001 0.1856276015625 0.6859947578125001
2 0.45724276250000007 0.6395212203125 0.45724276250000007 0.7744078296875 0.5496939328125 0.7744078296875 0.5496939328125 0.6395212203125 0.45724276250000007 0.6395212203125
2 0.5637210046875001 0.648589228125 0.5637210046875001 0.709798278125 0.608352603125 0.709798278125 0.608352603125 0.648589228125 0.5637210046875001 0.648589228125
2 0.6134533671875 0.633853715625 0.6134533671875 0.7789418359375 0.7396970328125 0.7789418359375 0.7396970328125 0.633853715625 0.6134533671875 0.633853715625
2 0.8086847203125 0.5930476812500001 0.8086847203125 0.857153396875 0.9986878140625001 0.857153396875 0.9986878140625001 0.5930476812500001 0.8086847203125 0.5930476812500001
2 0.8226382984375 0.6165182390624999 0.8226382984375 0.9985080515625 0.9992519124999999 0.9985080515625 0.9992519124999999 0.6165182390624999 0.8226382984375 0.6165182390624999