2 0.0016243328125 0.66561508125 0.0016243328125 0.870641853125 0.13563170625 0.870641853125 0.13563170625 0.66561508125 0.0016243328125 0.66561508125
2 0.113703228125 0.6713904828125 0.113703228125 0.81000013125 0.20791447187499998 0.81000013125 0.20791447187499998 0.6713904828125 0.113703228125 0.6713904828125
2 0.188422490625 0.6497327265624999 0.188422490625 0.77967926875 0.2769485734375 0.77967926875 0.2769485734375 0.6497327265624999 0.188422490625 0.6497327265624999
2 0.2736999109375 0.6728343328124999 0.2736999109375 0.760909215625 0.312683875 0.760909215625 0.312683875 0.6728343328124999 0.2736999109375 0.6728343328124999
2 0.3029378828125 0.675722034375 0.3029378828125 0.745026859375 0.3484191734375 0.745026859375 0.3484191734375 0.675722034375 0.3029378828125 0.675722034375
2 0.343546178125 0.6786097359375 0.343546178125 0.7363637546875 0.38009364375 0.7363637546875 0.38009364375 0.6786097359375 0.343546178125 0.6786097359375
2 0.55552148125 0.66128353125 0.55552148125 0.7623530671875 0.6237434171875 0.7623530671875 0.6237434171875 0.66128353125 0.55552148125 0.66128353125
2 0.5693283015625 0.6627273812500001 0.5693283015625 0.7897862250000001 0.6643517109375 0.7897862250000001 0.6643517109375 0.6627273812500001 0.5693283015625 0.6627273812500001
2 0.631865075 0.639625771875 0.631865075 0.8894119093749999 0.8665810234375 0.8894119093749999 0.8665810234375 0.639625771875 0.631865075 0.639625771875
2 0.3849666390625 0.6771658859375 0.3849666390625 0.7233691015625 0.4353209265625 0.7233691015625 0.4353209265625 0.6771658859375 0.3849666390625 0.6771658859375
2 0.4783657203125 0.6771658859375 0.4783657203125 0.711818296875 0.5214105124999999 0.711818296875 0.5214105124999999 0.6771658859375 0.4783657203125 0.6771658859375
4 0.4645589 0.6685027812500001 0.4645589 0.7161498484375 0.4775535546875 0.7161498484375 0.4775535546875 0.6685027812500001 0.4645589 0.6685027812500001