4 0.6623553531249999 0.22730858125000003 0.6623553531249999 0.24719808125 0.6749416781249999 0.24719808125 0.6749416781249999 0.22730858125000003 0.6623553531249999 0.22730858125000003
4 0.619002453125 0.22482239062499998 0.619002453125 0.2745461453125 0.63158878125 0.2745461453125 0.63158878125 0.22482239062499998 0.619002453125 0.22482239062499998
4 0.6959188875 0.22979476562499998 0.6959188875 0.29443564843750003 0.7127006546875 0.29443564843750003 0.7127006546875 0.22979476562499998 0.6959188875 0.22979476562499998
6 0.43859845625 0.2024467015625 0.43859845625 0.25714283125000004 0.4651695875 0.25714283125000004 0.4651695875 0.2024467015625 0.43859845625 0.2024467015625
2 0.43020757343750005 0.23228095624999998 0.43020757343750005 0.25714283125000004 0.44838782187500004 0.25714283125000004 0.44838782187500004 0.23228095624999998 0.43020757343750005 0.23228095624999998
2 0.4987331234375 0.21239145312500002 0.4987331234375 0.23228095468749999 0.5085224875 0.23228095468749999 0.5085224875 0.21239145312500002 0.4987331234375 0.21239145312500002
2 0.488943759375 0.22482239062499998 0.488943759375 0.2447118921875 0.4973346421875 0.2447118921875 0.4973346421875 0.22482239062499998 0.488943759375 0.22482239062499998
2 0.47356047187500006 0.21487763906250001 0.47356047187500006 0.26211520625 0.488943759375 0.26211520625 0.488943759375 0.21487763906250001 0.47356047187500006 0.21487763906250001
2 0.5029285640625 0.23476714375 0.5029285640625 0.27703233437499997 0.5322966578125 0.27703233437499997 0.5322966578125 0.23476714375 0.5029285640625 0.23476714375
2 0.39804251874999996 0.23228095624999998 0.39804251874999996 0.2496842671875 0.41622276718749995 0.2496842671875 0.41622276718749995 0.23228095624999998 0.39804251874999996 0.23228095624999998
2 0.3812607515625 0.22730858125000003 0.3812607515625 0.2447118921875 0.392448596875 0.2447118921875 0.392448596875 0.22730858125000003 0.3812607515625 0.22730858125000003
2 0.3658774640625 0.22730858125000003 0.3658774640625 0.24719808125 0.38545619375 0.24719808125 0.38545619375 0.22730858125000003 0.3658774640625 0.22730858125000003
2 0.354689621875 0.23228095624999998 0.354689621875 0.264601396875 0.37566683125 0.264601396875 0.37566683125 0.23228095624999998 0.354689621875 0.23228095624999998
2 0.3239230484375 0.21736382812500002 0.3239230484375 0.2745461453125 0.36727594531249996 0.2745461453125 0.36727594531249996 0.21736382812500002 0.3239230484375 0.21736382812500002
2 0.378463790625 0.24222570625 0.378463790625 0.2919494609375 0.417621246875 0.2919494609375 0.417621246875 0.24222570625 0.378463790625 0.24222570625
2 0.14351905 0.21736382812500002 0.14351905 0.2969218359375 0.2162400421875 0.2969218359375 0.2162400421875 0.21736382812500002 0.14351905 0.21736382812500002
2 0.10436159375000001 0.23725333124999998 0.10436159375000001 0.30935277499999997 0.20225523750000002 0.30935277499999997 0.20225523750000002 0.23725333124999998 0.10436159375000001 0.23725333124999998
2 0.0190542765625 0.21736382812500002 0.0190542765625 0.2795185203125 0.130932725 0.2795185203125 0.130932725 0.21736382812500002 0.0190542765625 0.21736382812500002
2 0.017655796874999997 0.23228095624999998 0.017655796874999997 0.3317284640625 0.1421205703125 0.3317284640625 0.1421205703125 0.23228095624999998 0.017655796874999997 0.23228095624999998
2 0 0.35659034375 0.0428284484375 0.35659034375 0.0428284484375 0.2621152109375 0 0.2621152109375 0 0.35659034375
2 0.2162400421875 0.2223362046875 0.2162400421875 0.34913177812499996 0.3211260890625 0.34913177812499996 0.3211260890625 0.2223362046875 0.2162400421875 0.2223362046875
2 0.56026626875 0.22730858125000003 0.56026626875 0.291949459375 0.6078146109375 0.291949459375 0.6078146109375 0.22730858125000003 0.56026626875 0.22730858125000003
2 0.707106734375 0.2223362046875 0.707106734375 0.2621152109375 0.7546550734374999 0.2621152109375 0.7546550734374999 0.2223362046875 0.707106734375 0.2223362046875
2 0.7882186078125 0.22482239062499998 0.7882186078125 0.282004709375 0.8119927765625 0.282004709375 0.8119927765625 0.22482239062499998 0.7882186078125 0.22482239062499998
4 0.835766946875 0.21736382812500002 0.835766946875 0.25714283125000004 0.8525487140625 0.25714283125000004 0.8525487140625 0.21736382812500002 0.835766946875 0.21736382812500002
2 0.79101556875 0.24968426875 0.79101556875 0.43614835156250004 0.996592215625 0.43614835156250004 0.996592215625 0.24968426875 0.79101556875 0.24968426875