4 0.7581759781249999 0.21315789375 0.7581759781249999 0.3375 0.7881513078125 0.3375 0.7881513078125 0.21315789375 0.7581759781249999 0.21315789375
2 0.42345147031249997 0.27532895 0.42345147031249997 0.3019736890625 0.4394383125 0.3019736890625 0.4394383125 0.27532895 0.42345147031249997 0.27532895
2 0.445433378125 0.2717763171875 0.445433378125 0.3019736890625 0.46541693124999994 0.3019736890625 0.46541693124999994 0.2717763171875 0.445433378125 0.2717763171875
2 0.40846380625 0.262894740625 0.40846380625 0.3001973671875 0.42345147031249997 0.3001973671875 0.42345147031249997 0.262894740625 0.40846380625 0.262894740625
2 0.395474496875 0.262894740625 0.395474496875 0.3019736890625 0.41246051718750004 0.3019736890625 0.41246051718750004 0.262894740625 0.395474496875 0.262894740625
2 0.227612653125 0.239802634375 0.227612653125 0.34638158125 0.3075468640625 0.34638158125 0.3075468640625 0.239802634375 0.227612653125 0.239802634375
2 0.544351965625 0.24690789375 0.544351965625 0.3090789484375 0.5933116703125 0.3090789484375 0.5933116703125 0.24690789375 0.544351965625 0.24690789375
2 0.47083524375 0.24513158124999998 0.47083524375 0.3482810125 0.540355253125 0.3482810125 0.540355253125 0.24513158124999998 0.47083524375 0.24513158124999998
2 0.30854604218750004 0.2202631578125 0.30854604218750004 0.358815790625 0.400470384375 0.358815790625 0.400470384375 0.2202631578125 0.30854604218750004 0.2202631578125
2 0.604302621875 0.2486842125 0.604302621875 0.3978947421875 0.7371932484375 0.3978947421875 0.7371932484375 0.2486842125 0.604302621875 0.2486842125
2 0.0007993296875 0.2486842125 0.0007993296875 0.6146052671875 0.282567421875 0.6146052671875 0.282567421875 0.2486842125 0.0007993296875 0.2486842125