4 0.063729771875 0.51325731875 0.063729771875 0.5391895156250001 0.0740263796875 0.5391895156250001 0.0740263796875 0.51325731875 0.063729771875 0.51325731875
4 0.68667456875 0.47969800156250003 0.68667456875 0.5788505265625 0.7089838859375 0.5788505265625 0.7089838859375 0.47969800156250003 0.68667456875 0.47969800156250003
4 0.5268431203125 0.5110168515625 0.5268431203125 0.55067785625 0.53971388125 0.55067785625 0.53971388125 0.5110168515625 0.5268431203125 0.5110168515625
4 0.5654554015625 0.5110168515625 0.5654554015625 0.5369490453125 0.574035909375 0.5369490453125 0.574035909375 0.5110168515625 0.5654554015625 0.5110168515625
4 0.2608474078125 0.5171185453125 0.2608474078125 0.5644066703124999 0.272002065625 0.5644066703124999 0.272002065625 0.5171185453125 0.2608474078125 0.5171185453125
4 0.6718536859375 0.5140676984375 0.6718536859375 0.56288125 0.6890147 0.56288125 0.6890147 0.5140676984375 0.6718536859375 0.5140676984375
4 0.544004134375 0.52016939375 0.544004134375 0.549152434375 0.5525846390625 0.549152434375 0.5525846390625 0.52016939375 0.544004134375 0.52016939375
4 0.5508685390625 0.51864396875 0.5508685390625 0.5491524375 0.5594490453125001 0.5491524375 0.5594490453125001 0.51864396875 0.5508685390625 0.51864396875
2 0.404999921875 0.52169481875 0.404999921875 0.5445761703125 0.41443848125000005 0.5445761703125 0.41443848125000005 0.52169481875 0.404999921875 0.52169481875
2 0.3741101 0.527796509375 0.3741101 0.5476270171875 0.38698085937500004 0.5476270171875 0.38698085937500004 0.527796509375 0.3741101 0.527796509375
2 0.356091034375 0.52169481875 0.356091034375 0.54915243125 0.3749681484375 0.54915243125 0.3749681484375 0.52169481875 0.356091034375 0.52169481875
2 0.3440783234375 0.53084735625 0.3440783234375 0.5537287078124999 0.3569490875 0.5537287078124999 0.3569490875 0.53084735625 0.3440783234375 0.53084735625
2 0.32605926093750004 0.53237278125 0.32605926093750004 0.5522032859375 0.343220275 0.5522032859375 0.343220275 0.53237278125 0.32605926093750004 0.53237278125
2 0.31833680468750003 0.535423628125 0.31833680468750003 0.55525413125 0.3269173125 0.55525413125 0.3269173125 0.535423628125 0.31833680468750003 0.535423628125
2 0.2720020671875 0.5110168515625 0.2720020671875 0.57508463125 0.32091095625 0.57508463125 0.32091095625 0.5110168515625 0.2720020671875 0.5110168515625
2 0.14844276875 0.49881346562499995 0.14844276875 0.6101693796875 0.24626054375 0.6101693796875 0.24626054375 0.49881346562499995 0.14844276875 0.49881346562499995
2 0.12956565312499999 0.5338982046875 0.12956565312499999 0.5903388703125 0.1595974265625 0.5903388703125 0.1595974265625 0.5338982046875 0.12956565312499999 0.5338982046875
2 0.07979871250000001 0.53084735625 0.07979871250000001 0.5979659859375 0.14501056406249999 0.5979659859375 0.14501056406249999 0.53084735625 0.07979871250000001 0.53084735625
2 0 0.6169861125 0.0978177765625 0.6169861125 0.0978177765625 0.53237278125 0 0.53237278125 0 0.6169861125
2 0.3852647578125 0.52169481875 0.3852647578125 0.558304978125 0.407574075 0.558304978125 0.407574075 0.52169481875 0.3852647578125 0.52169481875
2 0.44189610312500005 0.52169481875 0.44189610312500005 0.54610159375 0.4496185578125 0.54610159375 0.4496185578125 0.52169481875 0.44189610312500005 0.52169481875
2 0.4496185578125 0.52169481875 0.4496185578125 0.5476270171875 0.46334737031250006 0.5476270171875 0.46334737031250006 0.52169481875 0.4496185578125 0.52169481875
2 0.46248931875 0.5232202406249999 0.46248931875 0.5506778546875 0.471069828125 0.5506778546875 0.471069828125 0.5232202406249999 0.46248931875 0.5232202406249999
2 0.470211775 0.5155931218750001 0.470211775 0.552203284375 0.48050838437500004 0.552203284375 0.48050838437500004 0.5155931218750001 0.470211775 0.5155931218750001
2 0.47879228124999995 0.5094914296875 0.47879228124999995 0.5583049796874999 0.5174045609375 0.5583049796874999 0.5174045609375 0.5094914296875 0.47879228124999995 0.5094914296875
2 0.411006278125 0.50796600625 0.411006278125 0.564406671875 0.44532830468749995 0.564406671875 0.44532830468749995 0.50796600625 0.411006278125 0.50796600625
2 0.694397025 0.48274884843750004 0.694397025 0.73139286875 0.9586766359375 0.73139286875 0.9586766359375 0.48274884843750004 0.694397025 0.48274884843750004
2 0.884026225 0.5130545015625 0.884026225 0.8076640421875 0.9977004890625001 0.8076640421875 0.9977004890625001 0.5130545015625 0.884026225 0.5130545015625