2 0.4082748328125 0.4130170140625 0.4082748328125 0.49175509375 0.5161817937500001 0.49175509375 0.5161817937500001 0.4130170140625 0.4082748328125 0.4130170140625
2 0.32452614999999996 0.4373542375 0.32452614999999996 0.4602598609375 0.3398263890625 0.4602598609375 0.3398263890625 0.4373542375 0.32452614999999996 0.4373542375
2 0.30600480625 0.44594384531250003 0.30600480625 0.46312306249999996 0.32774725312499997 0.46312306249999996 0.32774725312499997 0.44594384531250003 0.30600480625 0.44594384531250003
2 0.2681568453125 0.444512246875 0.2681568453125 0.4607809328125 0.2826518078125 0.4607809328125 0.2826518078125 0.444512246875 0.2681568453125 0.444512246875
2 0.2303088796875 0.44308064375 0.2303088796875 0.4616914625 0.252856603125 0.4616914625 0.252856603125 0.44308064375 0.2303088796875 0.44308064375
2 0.19246091875 0.44308064375 0.19246091875 0.47028107031250005 0.2262825015625 0.47028107031250005 0.2262825015625 0.44308064375 0.19246091875 0.44308064375
2 0 0.5876723921875 0.20776115781249999 0.5876723921875 0.20776115781249999 0.41015381093750003 0 0.41015381093750003 0 0.5876723921875
2 0 0.6234624234374999 0.109517509375 0.6234624234374999 0.109517509375 0.44021743750000003 0 0.44021743750000003 0 0.6234624234374999
2 0 0.6248940281250001 0.020131895312500002 0.6248940281250001 0.020131895312500002 0.4860286859375 0 0.4860286859375 0 0.6248940281250001
2 0.697368846875 0.3987009984375 0.697368846875 0.55617715625 0.7819228078125 0.55617715625 0.7819228078125 0.3987009984375 0.697368846875 0.3987009984375
2 0.7191112937499999 0.3987009984375 0.7191112937499999 0.5991252 0.8197707703124999 0.5991252 0.8197707703124999 0.3987009984375 0.7191112937499999 0.3987009984375
2 0.765836165625 0.37153412656249996 0.765836165625 0.7108236671875 0.9994969890625001 0.7108236671875 0.9994969890625001 0.37153412656249996 0.765836165625 0.37153412656249996
2 0.971181496875 0.4960834515625 0.971181496875 0.7430346984375 0.9994969890625001 0.7430346984375 0.9994969890625001 0.4960834515625 0.971181496875 0.4960834515625
2 0.3416361140625 0.43734345 0.3416361140625 0.4537496859375 0.36404820781249997 0.4537496859375 0.36404820781249997 0.43734345 0.3416361140625 0.43734345