2 0.754655071875 0.4460931 0.754655071875 0.5554853625 0.823180621875 0.5554853625 0.823180621875 0.4460931 0.754655071875 0.4460931
2 0.7238884999999999 0.45106547499999994 0.7238884999999999 0.5256511109375 0.782624684375 0.5256511109375 0.782624684375 0.45106547499999994 0.7238884999999999 0.45106547499999994
2 0.7182945765625 0.45106547499999994 0.7182945765625 0.5306234843750001 0.7798277234375 0.5306234843750001 0.7798277234375 0.45106547499999994 0.7182945765625 0.45106547499999994
2 0.4819513546875 0.475927353125 0.4819513546875 0.50327541875 0.48894375781250005 0.50327541875 0.48894375781250005 0.475927353125 0.4819513546875 0.475927353125
2 0.46936503125 0.470954978125 0.46936503125 0.50078923125 0.487545278125 0.50078923125 0.487545278125 0.470954978125 0.46936503125 0.470954978125
2 0.46516958906249994 0.475927353125 0.46516958906249994 0.5082477937500001 0.480552875 0.5082477937500001 0.480552875 0.475927353125 0.46516958906249994 0.475927353125
2 0.431606053125 0.46101022656249996 0.431606053125 0.5306234812499999 0.4721619921875 0.5306234812499999 0.4721619921875 0.46101022656249996 0.431606053125 0.46101022656249996
2 0.407831884375 0.470954978125 0.407831884375 0.5455406078125 0.45398174375 0.5455406078125 0.45398174375 0.470954978125 0.407831884375 0.470954978125
2 0.392448596875 0.45852403906249994 0.392448596875 0.5554853625 0.4232151703125 0.5554853625 0.4232151703125 0.45852403906249994 0.392448596875 0.45852403906249994
2 0.3085397609375 0.44360691250000006 0.3085397609375 0.5952643609375 0.4148242875 0.5952643609375 0.4148242875 0.44360691250000006 0.3085397609375 0.44360691250000006
2 0.49174072031250005 0.45603784999999997 0.49174072031250005 0.5704024875 0.554672346875 0.5704024875 0.554672346875 0.45603784999999997 0.49174072031250005 0.45603784999999997
2 0.0008740296875 0.411286471875 0.0008740296875 0.8438831375 0.1449175328125 0.8438831375 0.1449175328125 0.411286471875 0.0008740296875 0.411286471875