4 0.75816800625 0.350821175 0.75816800625 0.383006603125 0.7682259515625 0.383006603125 0.7682259515625 0.350821175 0.75816800625 0.350821175
4 0.7450926734375 0.34545693593750004 0.7450926734375 0.375854284375 0.755150621875 0.375854284375 0.755150621875 0.34545693593750004 0.7450926734375 0.34545693593750004
4 0.7289999625 0.341880778125 0.7289999625 0.383006603125 0.7450926734375 0.383006603125 0.7450926734375 0.341880778125 0.7289999625 0.341880778125
4 0.6485363875 0.357973490625 0.6485363875 0.44201322187500003 0.666640690625 0.44201322187500003 0.666640690625 0.357973490625 0.6485363875 0.357973490625
4 0.21202150312499998 0.36154965 0.21202150312499998 0.5546622265625001 0.2522532890625 0.5546622265625001 0.2522532890625 0.36154965 0.21202150312499998 0.36154965
4 0.1697781265625 0.383006603125 0.1697781265625 0.5475099078125 0.203975146875 0.5475099078125 0.203975146875 0.383006603125 0.1697781265625 0.383006603125
4 0.1587143875 0.363337728125 0.1587143875 0.4598940171875 0.1828534578125 0.4598940171875 0.1828534578125 0.363337728125 0.1587143875 0.363337728125
4 0.1355811078125 0.375854284375 0.1355811078125 0.49744368437500003 0.1556970015625 0.49744368437500003 0.1556970015625 0.375854284375 0.1355811078125 0.375854284375
4 0.23414898593750003 0.375854284375 0.23414898593750003 0.5153244796875 0.24923590468749998 0.5153244796875 0.24923590468749998 0.375854284375 0.23414898593750003 0.375854284375
4 0.348809578125 0.3561854125 0.348809578125 0.45274169999999997 0.36691388125 0.45274169999999997 0.36691388125 0.3561854125 0.348809578125 0.3561854125
4 0.3940703375 0.3597615703125 0.3940703375 0.442013225 0.40915725625 0.442013225 0.40915725625 0.3597615703125 0.3940703375 0.3597615703125
4 0.36691388125 0.36154965 0.36691388125 0.4545297796875 0.3900471578125 0.4545297796875 0.3900471578125 0.36154965 0.36691388125 0.36154965
4 0.40714566718749995 0.363337728125 0.40714566718749995 0.47777481093749996 0.43430212343749997 0.47777481093749996 0.43430212343749997 0.363337728125 0.40714566718749995 0.363337728125
2 0.0001812703125 0.3951559796875 0.0001812703125 0.5123434 0.0990581546875 0.5123434 0.0990581546875 0.3951559796875 0.0001812703125 0.3951559796875
2 0.45542381093750006 0.34545693593750004 0.45542381093750006 0.39015892343749997 0.564049634375 0.39015892343749997 0.564049634375 0.34545693593750004 0.45542381093750006 0.34545693593750004
2 0.577124965625 0.3597615703125 0.577124965625 0.39552315937500004 0.6203741359375 0.39552315937500004 0.6203741359375 0.3597615703125 0.577124965625 0.3597615703125
2 0.603275628125 0.370490046875 0.603275628125 0.461682096875 0.6565827453125 0.461682096875 0.6565827453125 0.370490046875 0.603275628125 0.370490046875
2 0.781301284375 0.34366885625 0.781301284375 0.4849271296875 0.9854776 0.4849271296875 0.9854776 0.34366885625 0.781301284375 0.34366885625
2 0.6706638703125 0.375854284375 0.6706638703125 0.5475099078125 0.8567358828125 0.5475099078125 0.8567358828125 0.375854284375 0.6706638703125 0.375854284375
2 0.4009622453125 0.3857809875 0.4009622453125 0.70843705625 0.6706638703125 0.70843705625 0.6706638703125 0.3857809875 0.4009622453125 0.3857809875
2 0.920100946875 0.332940378125 0.920100946875 0.44201322187500003 0.9994969890625001 0.44201322187500003 0.9994969890625001 0.332940378125 0.920100946875 0.332940378125