4 0.1130777109375 0.3552633046875 0.1130777109375 0.634274971875 0.177415028125 0.634274971875 0.177415028125 0.3552633046875 0.1130777109375 0.3552633046875
2 0.0009748078125000001 0.33620039375 0.0009748078125000001 0.584018209375 0.1939867625 0.584018209375 0.1939867625 0.33620039375 0.0009748078125000001 0.33620039375
2 0.1423219453125 0.3431323625 0.1423219453125 0.51989751875 0.2895179296875 0.51989751875 0.2895179296875 0.3431323625 0.1423219453125 0.3431323625
2 0.25539965468750003 0.3847241625 0.25539965468750003 0.48003871093750006 0.3480064015625 0.48003871093750006 0.3480064015625 0.3847241625 0.25539965468750003 0.3847241625
2 0.333384284375 0.3587292875 0.333384284375 0.4297819484375 0.3782254453125 0.4297819484375 0.3782254453125 0.3587292875 0.333384284375 0.3587292875
2 0.3655529421875 0.36219526874999997 0.3655529421875 0.4263159640625 0.39479717812500004 0.4263159640625 0.39479717812500004 0.36219526874999997 0.3655529421875 0.36219526874999997
2 0.390897946875 0.3587292875 0.390897946875 0.4020540796875 0.4103941015625 0.4020540796875 0.4103941015625 0.3587292875 0.390897946875 0.3587292875
2 0.61900298125 0.3604622796875 0.61900298125 0.5112325609374999 0.7545012718749999 0.5112325609374999 0.7545012718749999 0.3604622796875 0.61900298125 0.3604622796875
2 0.5868343234375 0.329268428125 0.5868343234375 0.447111865625 0.639473946875 0.447111865625 0.639473946875 0.329268428125 0.5868343234375 0.329268428125
2 0.5517412421875 0.3587292875 0.5517412421875 0.41765100625 0.5897587484375 0.41765100625 0.5897587484375 0.3587292875 0.5517412421875 0.3587292875
2 0.542967971875 0.3535303125 0.542967971875 0.39165613125 0.5595397046875 0.39165613125 0.5595397046875 0.3535303125 0.542967971875 0.3535303125
2 0.53029546875 0.356996296875 0.53029546875 0.395122115625 0.5478420093749999 0.395122115625 0.5478420093749999 0.356996296875 0.53029546875 0.356996296875
2 0.5166481593750001 0.3604622796875 0.5166481593750001 0.3951221140625 0.5322450843750001 0.3951221140625 0.5322450843750001 0.3604622796875 0.5166481593750001 0.3604622796875
2 0.42989026093750005 0.3604622796875 0.42989026093750005 0.39165613125 0.45523526406250003 0.39165613125 0.45523526406250003 0.3604622796875 0.42989026093750005 0.3604622796875
2 0.481555075 0.3431323625 0.481555075 0.39685510625 0.5234718125 0.39685510625 0.5234718125 0.3431323625 0.481555075 0.3431323625
2 0.46205891875000005 0.356996296875 0.46205891875000005 0.39165613125 0.48545430781250004 0.39165613125 0.48545430781250004 0.356996296875 0.46205891875000005 0.356996296875
4 0.9689589968749999 0.33620039375 0.9689589968749999 0.447111865625 0.9904047703125001 0.447111865625 0.9904047703125001 0.33620039375 0.9689589968749999 0.33620039375
4 0.8919491781250001 0.33620039375 0.8919491781250001 0.426315965625 0.9153445671875 0.426315965625 0.9153445671875 0.33620039375 0.8919491781250001 0.33620039375
6 0.6414235625 0.3240694515625 0.6414235625 0.365661253125 0.689189146875 0.365661253125 0.689189146875 0.3240694515625 0.6414235625 0.3240694515625