2 0.6384991390625 0.28767662656250004 0.6384991390625 0.74345345 0.9989777890625 0.74345345 0.9989777890625 0.28767662656250004 0.6384991390625 0.28767662656250004
2 0.29439197031250003 0.40378707187499996 0.29439197031250003 0.47483973281249997 0.3558048640625 0.47483973281249997 0.3558048640625 0.40378707187499996 0.29439197031250003 0.40378707187499996
0 0 0.55629034375 0.035093082812499996 0.55629034375 0.035093082812499996 0.43324793125000005 0 0.43324793125000005 0 0.55629034375
0 0.0019496156250000001 0.4263159671875 0.0019496156250000001 0.5372274359375 0.0682365484375 0.5372274359375 0.0682365484375 0.4263159671875 0.0019496156250000001 0.4263159671875
0 0.0233953890625 0.41765100625 0.0233953890625 0.5320284578125001 0.09553116874999999 0.5320284578125001 0.09553116874999999 0.41765100625 0.0233953890625 0.41765100625
0 0.0789594359375 0.42284998125 0.0789594359375 0.5164315359375 0.11795175 0.5164315359375 0.11795175 0.42284998125 0.0789594359375 0.42284998125
0 0.1121029015625 0.42458297187499994 0.1121029015625 0.5043005921875 0.1384227140625 0.5043005921875 0.1384227140625 0.42458297187499994 0.1121029015625 0.42458297187499994
0 0.1257502125 0.421116990625 0.1257502125 0.50949956875 0.154994446875 0.50949956875 0.154994446875 0.421116990625 0.1257502125 0.421116990625
0 0.1423219453125 0.4193839953125 0.1423219453125 0.5043005921875 0.16864175625 0.5043005921875 0.16864175625 0.4193839953125 0.1423219453125 0.4193839953125
0 0.157918871875 0.41591801406249995 0.157918871875 0.50083460625 0.1842386828125 0.50083460625 0.1842386828125 0.41591801406249995 0.157918871875 0.41591801406249995
0 0.17351579687500002 0.41765100625 0.17351579687500002 0.49216965 0.1969111859375 0.49216965 0.1969111859375 0.41765100625 0.17351579687500002 0.41765100625
0 0.18716310625000002 0.4193839953125 0.18716310625000002 0.488703665625 0.20470964687499998 0.488703665625 0.20470964687499998 0.4193839953125 0.18716310625000002 0.4193839953125
0 0.196911184375 0.42284998125 0.196911184375 0.49216965 0.2144577265625 0.49216965 0.2144577265625 0.42284998125 0.196911184375 0.42284998125
0 0.20958368593749999 0.421116990625 0.20958368593749999 0.48697067499999996 0.2251806109375 0.48697067499999996 0.2251806109375 0.421116990625 0.20958368593749999 0.421116990625
0 0.216407340625 0.4263159671875 0.216407340625 0.47657272500000003 0.2320042671875 0.47657272500000003 0.2320042671875 0.4263159671875 0.216407340625 0.4263159671875
2 0.437688721875 0.40032108906249997 0.437688721875 0.43151494062499995 0.4581596859375 0.43151494062499995 0.4581596859375 0.40032108906249997 0.437688721875 0.40032108906249997
2 0.35775447968749996 0.398588096875 0.35775447968749996 0.43324793125000005 0.38114986875 0.43324793125000005 0.38114986875 0.398588096875 0.35775447968749996 0.398588096875
2 0.39967121875 0.40378707187499996 0.39967121875 0.4245394765625 0.41136891093749994 0.4245394765625 0.41136891093749994 0.40378707187499996 0.39967121875 0.40378707187499996
2 0.376275828125 0.39685510625 0.376275828125 0.42458297187499994 0.3889483296875 0.42458297187499994 0.3889483296875 0.39685510625 0.376275828125 0.39685510625
2 0.3879735234375 0.398588096875 0.3879735234375 0.421116990625 0.3957719859375 0.421116990625 0.3957719859375 0.398588096875 0.3879735234375 0.398588096875
6 0.42306660625000003 0.37952518749999997 0.42306660625000003 0.41938399843749996 0.4464619953125 0.41938399843749996 0.4464619953125 0.37952518749999997 0.42306660625000003 0.37952518749999997