2 0.58139195 0.5090571765624999 0.58139195 0.5714416328125 0.6277124093750001 0.5714416328125 0.6277124093750001 0.5090571765624999 0.58139195 0.5090571765624999
2 0.2479782265625 0.5231976640625 0.2479782265625 0.55438989375 0.2620147296875 0.55438989375 0.2620147296875 0.5231976640625 0.2479782265625 0.5231976640625
2 0.23183624218749999 0.5227817546875 0.23183624218749999 0.5564693609375 0.254996471875 0.5564693609375 0.254996471875 0.5227817546875 0.23183624218749999 0.5227817546875
2 0.21288696406250002 0.521534065625 0.21288696406250002 0.5627078062499999 0.2409599703125 0.5627078062499999 0.2409599703125 0.521534065625 0.21288696406250002 0.521534065625
2 0.1707774546875 0.5290202015625 0.1707774546875 0.5739370109374999 0.2163960890625 0.5739370109374999 0.2163960890625 0.5290202015625 0.1707774546875 0.5290202015625
2 0.3366421328125 0.5315155796875 0.3366421328125 0.543992471875 0.3429585609375 0.543992471875 0.3429585609375 0.5315155796875 0.3366421328125 0.5315155796875
2 0.343660384375 0.5365063359375 0.343660384375 0.54648785 0.3513804625 0.54648785 0.3513804625 0.5365063359375 0.343660384375 0.5365063359375
2 0.258710284375 0.4960455671875 0.258710284375 0.6033468328125 0.323980025 0.6033468328125 0.323980025 0.4960455671875 0.258710284375 0.4960455671875
6 0.36541696562500003 0.464972165625 0.36541696562500003 0.573521121875 0.43489765468749997 0.573521121875 0.43489765468749997 0.464972165625 0.36541696562500003 0.464972165625
2 0.32822023125 0.521534065625 0.32822023125 0.5427447812499999 0.3429585609375 0.5427447812499999 0.3429585609375 0.521534065625 0.32822023125 0.521534065625
2 0 0.79290645625 0.1875627703125 0.79290645625 0.1875627703125 0.4198474 0 0.4198474 0 0.79290645625