6 0.4766810375 0.38819014531249996 0.4766810375 0.50083460625 0.536144315625 0.50083460625 0.536144315625 0.38819014531249996 0.4766810375 0.38819014531249996
2 0.3216865890625 0.45404383125000003 0.3216865890625 0.47137374843749996 0.33630870625 0.47137374843749996 0.33630870625 0.45404383125000003 0.3216865890625 0.45404383125000003
2 0.28366908281250003 0.440179896875 0.28366908281250003 0.460975796875 0.29731639374999996 0.460975796875 0.29731639374999996 0.440179896875 0.28366908281250003 0.440179896875
2 0.26904696562499997 0.43844690625 0.26904696562499997 0.4557768234375 0.28171946718749996 0.4557768234375 0.28171946718749996 0.43844690625 0.26904696562499997 0.43844690625
2 0.22225618906250003 0.43671391562500006 0.22225618906250003 0.45750981562500004 0.24760119375 0.45750981562500004 0.24760119375 0.43671391562500006 0.22225618906250003 0.43671391562500006
2 0.284643890625 0.4505778484375 0.284643890625 0.474839734375 0.3216865890625 0.474839734375 0.3216865890625 0.4505778484375 0.284643890625 0.4505778484375
2 0.249550809375 0.45404383125000003 0.249550809375 0.47830571875 0.282694275 0.47830571875 0.282694275 0.45404383125000003 0.249550809375 0.45404383125000003
2 0.3908979453125 0.460975796875 0.3908979453125 0.4817717 0.4006460234375 0.4817717 0.4006460234375 0.460975796875 0.3908979453125 0.460975796875
2 0.3743262140625 0.460975796875 0.3743262140625 0.474839734375 0.3869987171875 0.474839734375 0.3869987171875 0.460975796875 0.3743262140625 0.460975796875
2 0.460109303125 0.460975796875 0.460109303125 0.4817717 0.47083219062500004 0.4817717 0.47083219062500004 0.460975796875 0.460109303125 0.460975796875
2 0.4464619953125 0.45404383125000003 0.4464619953125 0.5043005921875 0.46205891875000005 0.5043005921875 0.46205891875000005 0.45404383125000003 0.4464619953125 0.45404383125000003
2 0.33630870625 0.4505778484375 0.33630870625 0.5060335828125 0.3801750609375 0.5060335828125 0.3801750609375 0.4505778484375 0.33630870625 0.4505778484375
2 0.3908979453125 0.45404383125000003 0.3908979453125 0.5441594000000001 0.4581596859375 0.5441594000000001 0.4581596859375 0.45404383125000003 0.3908979453125 0.45404383125000003
2 0.80129205 0.3933891234375 0.80129205 0.49216965156250003 0.9137402859374999 0.49216965156250003 0.9137402859374999 0.3933891234375 0.80129205 0.3933891234375
2 0.0009748078125000001 0.42804895624999995 0.0009748078125000001 0.7139925921875 0.10527924687500001 0.7139925921875 0.10527924687500001 0.42804895624999995 0.0009748078125000001 0.42804895624999995
2 0.5965824015625001 0.419383996875 0.5965824015625001 0.4349809234375 0.6112045187499999 0.4349809234375 0.6112045187499999 0.419383996875 0.5965824015625001 0.419383996875
2 0.6102297109375 0.419383996875 0.6102297109375 0.4349809234375 0.62972586875 0.4349809234375 0.62972586875 0.419383996875 0.6102297109375 0.419383996875
2 0.6345999078125 0.42458297187499994 0.6345999078125 0.4384469078125 0.6472724109375 0.4384469078125 0.6472724109375 0.42458297187499994 0.6345999078125 0.42458297187499994