2 0.5692125875 0.3711480140625 0.5692125875 0.3942597953125 0.581448234375 0.3942597953125 0.581448234375 0.3711480140625 0.5692125875 0.3711480140625
2 0.5944486125 0.3752265640625 0.5944486125 0.3915407625 0.6013311640625 0.3915407625 0.6013311640625 0.3752265640625 0.5944486125 0.3752265640625
2 0.6066842609374999 0.3711480140625 0.6066842609374999 0.396978828125 0.629626103125 0.396978828125 0.629626103125 0.3711480140625 0.6066842609374999 0.3711480140625
2 0.6097431734375001 0.37794559375 0.6097431734375001 0.403776409375 0.6357439265625 0.403776409375 0.6357439265625 0.37794559375 0.6097431734375001 0.37794559375
2 0.617390453125 0.3820241453125 0.617390453125 0.4173715765625 0.648744303125 0.4173715765625 0.648744303125 0.3820241453125 0.617390453125 0.3820241453125
2 0.47377770625000004 0.3589123640625 0.47377770625000004 0.3874622109375 0.49289590624999996 0.3874622109375 0.49289590624999996 0.3589123640625 0.47377770625000004 0.3589123640625
2 0.45160059218750004 0.36027188125 0.45160059218750004 0.409214478125 0.48218971406250005 0.409214478125 0.48218971406250005 0.36027188125 0.45160059218750004 0.36027188125
2 0.3795600171875 0.34486402968749996 0.3795600171875 0.36797580937499996 0.40479604374999995 0.36797580937499996 0.40479604374999995 0.34486402968749996 0.3795600171875 0.34486402968749996
2 0.3374999765625 0.3285498296875 0.3374999765625 0.38972807343750004 0.37956001875 0.38972807343750004 0.37956001875 0.3285498296875 0.3374999765625 0.3285498296875
2 0.314558134375 0.33942595937500003 0.314558134375 0.393806621875 0.3390294328125 0.393806621875 0.3390294328125 0.33942595937500003 0.314558134375 0.33942595937500003
2 0.2656155375 0.3353474125 0.2656155375 0.3965256546875 0.31608759062499997 0.3965256546875 0.31608759062499997 0.3353474125 0.2656155375 0.3353474125
2 0.2105551203125 0.32447128125 0.2105551203125 0.40060420625 0.26714499687500004 0.40060420625 0.26714499687500004 0.32447128125 0.2105551203125 0.32447128125
2 0.0989048234375 0.31631418125 0.0989048234375 0.410120821875 0.2166729421875 0.410120821875 0.2166729421875 0.31631418125 0.0989048234375 0.31631418125
2 0.00062569375 0.3227190984375 0.00062569375 0.41924477187500003 0.1084523484375 0.41924477187500003 0.1084523484375 0.3227190984375 0.00062569375 0.3227190984375
2 0.38604863125 0.3403928140625 0.38604863125 0.43310514375000003 0.45314384375000005 0.43310514375000003 0.45314384375000005 0.3403928140625 0.38604863125 0.3403928140625
2 0.4709334453125 0.35398798125000003 0.4709334453125 0.5089728671875 0.5749364609375001 0.5089728671875 0.5749364609375001 0.35398798125000003 0.4709334453125 0.35398798125000003
4 0.74450523125 0.3705673828125 0.74450523125 0.4480598265625 0.7582703359375 0.4480598265625 0.7582703359375 0.3705673828125 0.74450523125 0.3705673828125