2 0.5010512328125001 0.19236208125 0.5010512328125001 0.20622601718750003 0.5107993125 0.20622601718750003 0.5107993125 0.19236208125 0.5010512328125001 0.19236208125
2 0.4610841109375 0.1888960984375 0.4610841109375 0.20622601718750003 0.47765584375000003 0.20622601718750003 0.47765584375000003 0.1888960984375 0.4610841109375 0.1888960984375
2 0.3830994828125 0.1992940484375 0.3830994828125 0.2270219171875 0.40746967968750003 0.2270219171875 0.40746967968750003 0.1992940484375 0.3830994828125 0.1992940484375
2 0.5634389343749999 0.17676515625 0.5634389343749999 0.20449302343750003 0.579035859375 0.20449302343750003 0.579035859375 0.17676515625 0.5634389343749999 0.17676515625
2 0.581960284375 0.17676515625 0.581960284375 0.211424990625 0.6014564390625 0.211424990625 0.6014564390625 0.17676515625 0.581960284375 0.17676515625
2 0.551741240625 0.17676515625 0.551741240625 0.1888960984375 0.5634389343749999 0.1888960984375 0.5634389343749999 0.17676515625 0.551741240625 0.17676515625
2 0.5449175859375 0.1784981484375 0.5449175859375 0.20276003281250002 0.555640471875 0.20276003281250002 0.555640471875 0.1784981484375 0.5449175859375 0.1784981484375
2 0.531270275 0.183697125 0.531270275 0.21662396718750002 0.5478420093749999 0.21662396718750002 0.5478420093749999 0.183697125 0.531270275 0.183697125
2 0.5507664343750001 0.185430115625 0.5507664343750001 0.2166239640625 0.570262590625 0.2166239640625 0.570262590625 0.185430115625 0.5507664343750001 0.185430115625
2 0.508849696875 0.1906290890625 0.508849696875 0.2304878984375 0.5351695078125001 0.2304878984375 0.5351695078125001 0.1906290890625 0.508849696875 0.1906290890625
4 0.6004816328125 0.1750321640625 0.6004816328125 0.20102704062500001 0.6053556734375001 0.20102704062500001 0.6053556734375001 0.1750321640625 0.6004816328125 0.1750321640625
4 0.6043808640624999 0.1698331875 0.6043808640624999 0.20795900625 0.61412894375 0.20795900625 0.61412894375 0.1698331875 0.6043808640624999 0.1698331875
4 0.6336250999999999 0.159435240625 0.6336250999999999 0.20276003281250002 0.639473946875 0.20276003281250002 0.639473946875 0.159435240625 0.6336250999999999 0.159435240625
4 0.6287510625 0.1629012234375 0.6287510625 0.1992940484375 0.6345999078125 0.1992940484375 0.6345999078125 0.1629012234375 0.6287510625 0.1629012234375
4 0.661894528125 0.1663672046875 0.661894528125 0.21835695624999998 0.6726174125 0.21835695624999998 0.6726174125 0.1663672046875 0.661894528125 0.1663672046875
2 0.265147734375 0.194095071875 0.265147734375 0.22355593125 0.31291331875 0.22355593125 0.31291331875 0.194095071875 0.265147734375 0.194095071875
2 0.2242058046875 0.1802311390625 0.2242058046875 0.20449302343750003 0.270021775 0.20449302343750003 0.270021775 0.1802311390625 0.2242058046875 0.1802311390625
0 0.0721357796875 0.2166239640625 0.0721357796875 0.3084725265625 0.11112809531250001 0.3084725265625 0.11112809531250001 0.2166239640625 0.0721357796875 0.2166239640625
4 0.4883787296875 0.1871631078125 0.4883787296875 0.211424990625 0.49617719375 0.211424990625 0.49617719375 0.1871631078125 0.4883787296875 0.1871631078125