2 0 0.6602698499999999 0.05069000781250001 0.6602698499999999 0.05069000781250001 0.5025676 0 0.5025676 0 0.6602698499999999
2 0.043866353125 0.5580233359375 0.043866353125 0.6134790703124999 0.0809090515625 0.6134790703124999 0.0809090515625 0.5580233359375 0.043866353125 0.5580233359375
2 0.196911184375 0.516431534375 0.196911184375 0.5926831734375 0.2544248484375 0.5926831734375 0.2544248484375 0.516431534375 0.196911184375 0.516431534375
2 0.3158377421875 0.516431534375 0.3158377421875 0.5476253890625 0.3411827453125 0.5476253890625 0.3411827453125 0.516431534375 0.3158377421875 0.516431534375
2 0.3655529421875 0.51469854375 0.3655529421875 0.6065471062500001 0.44158795156249997 0.6065471062500001 0.44158795156249997 0.51469854375 0.3655529421875 0.51469854375
2 0.8617301359375 0.4800387078125 0.8617301359375 0.7018616453125001 0.9991780421875 0.7018616453125001 0.9991780421875 0.4800387078125 0.8617301359375 0.4800387078125
2 0.727206653125 0.47137375 0.727206653125 0.6568038640625 0.8909743703125 0.6568038640625 0.8909743703125 0.47137375 0.727206653125 0.47137375
2 0.6024312484375 0.51469854375 0.6024312484375 0.6134790703124999 0.731105884375 0.6134790703124999 0.731105884375 0.51469854375 0.6024312484375 0.51469854375
2 0.5234718125 0.5008346078125 0.5234718125 0.5961491546875 0.6248518265625 0.5961491546875 0.6248518265625 0.5008346078125 0.5234718125 0.5008346078125
2 0.4718069984375 0.4817717 0.4718069984375 0.585751203125 0.551741240625 0.585751203125 0.551741240625 0.4817717 0.4718069984375 0.4817717
2 0.6307006765625001 0.49563563281249995 0.6307006765625001 0.5233635015625 0.66481895 0.5233635015625 0.66481895 0.49563563281249995 0.6307006765625001 0.49563563281249995
2 0.5946327859375 0.4939026421875 0.5946327859375 0.5164315312500001 0.627776253125 0.5164315312500001 0.627776253125 0.4939026421875 0.5946327859375 0.4939026421875
2 0.456210071875 0.516431534375 0.456210071875 0.551091371875 0.4825298828125 0.551091371875 0.4825298828125 0.516431534375 0.456210071875 0.516431534375
2 0.4406131453125 0.5129655515625 0.4406131453125 0.549358378125 0.464008534375 0.549358378125 0.464008534375 0.5129655515625 0.4406131453125 0.5129655515625
2 0.3411827453125 0.5043005921875 0.3411827453125 0.532028459375 0.35775447968749996 0.532028459375 0.35775447968749996 0.5043005921875 0.3411827453125 0.5043005921875
2 0.1881379140625 0.5285624765625 0.1881379140625 0.564955303125 0.216407340625 0.564955303125 0.216407340625 0.5285624765625 0.1881379140625 0.5285624765625
2 0.131599059375 0.537227434375 0.131599059375 0.559756325 0.177415028125 0.559756325 0.177415028125 0.537227434375 0.131599059375 0.537227434375
2 0.057513664062500004 0.5233635015625 0.057513664062500004 0.5476253859375 0.0838334765625 0.5476253859375 0.0838334765625 0.5233635015625 0.057513664062500004 0.5233635015625
2 0.0428915453125 0.5337614515625 0.0428915453125 0.559756325 0.0604380890625 0.559756325 0.0604380890625 0.5337614515625 0.0428915453125 0.5337614515625
2 0.11502732499999999 0.53029546875 0.11502732499999999 0.5476253890625 0.142321946875 0.5476253890625 0.142321946875 0.53029546875 0.11502732499999999 0.53029546875
2 0.16376771875 0.52509649375 0.16376771875 0.5441594015625 0.195936378125 0.5441594015625 0.195936378125 0.52509649375 0.16376771875 0.52509649375
2 0.24760119375 0.516431534375 0.24760119375 0.53029546875 0.26027369375 0.53029546875 0.26027369375 0.516431534375 0.24760119375 0.516431534375
2 0.29080776875000003 0.5114474421875 0.29080776875000003 0.5266938421875 0.3032820953125 0.5266938421875 0.3032820953125 0.5114474421875 0.29080776875000003 0.5114474421875