2 0.44594896562499997 0.4814752984375 0.44594896562499997 0.5020431734375 0.45857016406250006 0.5020431734375 0.45857016406250006 0.4814752984375 0.44594896562499997 0.4814752984375
2 0.460673696875 0.47773568437499997 0.460673696875 0.4964337546875 0.47224312656249995 0.4964337546875 0.47224312656249995 0.47773568437499997 0.460673696875 0.47773568437499997
2 0.47013959375000003 0.4646470359375 0.47013959375000003 0.49456394843749996 0.4817090234375 0.49456394843749996 0.4817090234375 0.4646470359375 0.47013959375000003 0.4646470359375
2 0.478553725 0.4665168421875 0.478553725 0.4964337515625 0.49958905312499996 0.4964337515625 0.49958905312499996 0.4665168421875 0.478553725 0.4665168421875
2 0.4964337546875 0.45903761562499995 0.4964337546875 0.50017336875 0.51010671875 0.50017336875 0.51010671875 0.45903761562499995 0.4964337546875 0.45903761562499995
2 0.5080031859374999 0.4478187734375 0.5080031859374999 0.5076525937499999 0.537452646875 0.5076525937499999 0.537452646875 0.4478187734375 0.5080031859374999 0.4478187734375
2 0.53009028125 0.4534281953125 0.53009028125 0.517001634375 0.5658503406250001 0.517001634375 0.5658503406250001 0.4534281953125 0.53009028125 0.4534281953125
2 0.549022075 0.4478187734375 0.549022075 0.5226110546875 0.5847821328125 0.5226110546875 0.5847821328125 0.4478187734375 0.549022075 0.4478187734375
2 0.5669021046875 0.44220935156249996 0.5669021046875 0.5356997031249999 0.6100245296875 0.5356997031249999 0.6100245296875 0.44220935156249996 0.5669021046875 0.44220935156249996
2 0.587937434375 0.434730125 0.587937434375 0.541309121875 0.6615610843749999 0.541309121875 0.6615610843749999 0.434730125 0.587937434375 0.434730125
2 0.625801025 0.42725089374999997 0.625801025 0.5674864203125 0.738340034375 0.5674864203125 0.738340034375 0.42725089374999997 0.625801025 0.42725089374999997
2 0.6946917265625 0.40668301875 0.6946917265625 0.595533525 0.8734920171875 0.595533525 0.8734920171875 0.40668301875 0.6946917265625 0.40668301875
2 0.8103860328125 0.3748963015625 0.8103860328125 0.6553673484375 0.9997039890625 0.6553673484375 0.9997039890625 0.3748963015625 0.8103860328125 0.3748963015625
2 0.43648306718749996 0.47960549218750004 0.43648306718749996 0.5020431734375 0.44700073281249997 0.5020431734375 0.44700073281249997 0.47960549218750004 0.43648306718749996 0.47960549218750004