2 0 0.5139343937499999 0.087983003125 0.5139343937499999 0.087983003125 0.3572233828125 0 0.3572233828125 0 0.5139343937499999
2 0.5295768625 0.32321646249999997 0.5295768625 0.35151150625 0.5543690328124999 0.35151150625 0.5543690328124999 0.32321646249999997 0.5295768625 0.32321646249999997
2 0.43591754531250004 0.313422021875 0.43591754531250004 0.35423218125 0.463464403125 0.35423218125 0.463464403125 0.313422021875 0.43591754531250004 0.313422021875
2 0.41479828750000003 0.31831924375 0.41479828750000003 0.3591294046875 0.4386722328125 0.3591294046875 0.4386722328125 0.31831924375 0.41479828750000003 0.31831924375
2 0.4037795453125 0.313422021875 0.4037795453125 0.377085871875 0.4267352609375 0.377085871875 0.4267352609375 0.313422021875 0.4037795453125 0.313422021875
2 0.5484885390625001 0.32430473437499996 0.5484885390625001 0.3711003828125 0.57236248125 0.3711003828125 0.57236248125 0.32430473437499996 0.5484885390625001 0.32430473437499996
2 0.5622619656250001 0.2960096890625 0.5622619656250001 0.3879685828125 0.5986850390625 0.3879685828125 0.5986850390625 0.2960096890625 0.5622619656250001 0.2960096890625
2 0.35474230625000003 0.3025393140625 0.35474230625000003 0.39068925781249997 0.4196304640625 0.39068925781249997 0.4196304640625 0.3025393140625 0.35474230625000003 0.3025393140625
2 0.57481109375 0.2960096890625 0.57481109375 0.3972188859375 0.647351153125 0.3972188859375 0.647351153125 0.2960096890625 0.57481109375 0.2960096890625
2 0.45176846406250004 0.3009069109375 0.45176846406250004 0.34824669375 0.472887721875 0.34824669375 0.472887721875 0.3009069109375 0.45176846406250004 0.3009069109375
2 0.5160444656250001 0.3155985671875 0.5160444656250001 0.33845225624999997 0.5279814359375 0.33845225624999997 0.5279814359375 0.3155985671875 0.5160444656250001 0.3155985671875
2 0.4646236640625 0.2992745015625 0.4646236640625 0.39068925781249997 0.5224720671874999 0.39068925781249997 0.5224720671874999 0.2992745015625 0.4646236640625 0.2992745015625
4 0.7770718171875 0.26521502343750003 0.7770718171875 0.39580753281250003 0.8055369046875 0.39580753281250003 0.8055369046875 0.26521502343750003 0.7770718171875 0.26521502343750003
2 0.643219125 0.327297478125 0.643219125 0.3844317015625 0.6794891546875 0.3844317015625 0.6794891546875 0.327297478125 0.643219125 0.327297478125