1 0.379200253125 0 0.379200253125 0.38299116875 0.6004816328125 0.38299116875 0.6004816328125 0 0.379200253125 0
2 0.9026720656249999 0.18196413125 0.9026720656249999 0.3639282625 0.9972284265625 0.3639282625 0.9972284265625 0.18196413125 0.9026720656249999 0.18196413125
6 0.609254903125 0.195828065625 0.609254903125 0.3258024453125 0.7077104953125 0.3258024453125 0.7077104953125 0.195828065625 0.609254903125 0.195828065625
4 0.880251484375 0.185430115625 0.880251484375 0.28940961875000004 0.906571296875 0.28940961875000004 0.906571296875 0.185430115625 0.880251484375 0.185430115625
4 0.7506020421875 0.20276003125000003 0.7506020421875 0.270346709375 0.7642493499999999 0.270346709375 0.7642493499999999 0.20276003125000003 0.7506020421875 0.20276003125000003
4 0.7281814609375 0.211424990625 0.7281814609375 0.2720797015625 0.7418287718750001 0.2720797015625 0.7418287718750001 0.211424990625 0.7281814609375 0.211424990625
4 0.7096601125 0.2096919984375 0.7096601125 0.2582157671875 0.72135780625 0.2582157671875 0.72135780625 0.2096919984375 0.7096601125 0.2096919984375
4 0.7174585734375001 0.2096919984375 0.7174585734375001 0.25994875624999997 0.727206653125 0.25994875624999997 0.727206653125 0.2096919984375 0.7174585734375001 0.2096919984375
4 0.7418287718750001 0.211424990625 0.7418287718750001 0.24261884218750002 0.7554760796875 0.24261884218750002 0.7554760796875 0.211424990625 0.7418287718750001 0.211424990625
4 0.28659350781250004 0.2235559328125 0.28659350781250004 0.25994875624999997 0.2982912015625 0.25994875624999997 0.2982912015625 0.2235559328125 0.28659350781250004 0.2235559328125
4 0.30998889375 0.225288925 0.30998889375 0.2530167921875 0.3216865875 0.2530167921875 0.3216865875 0.225288925 0.30998889375 0.225288925
0 0.227130228125 0.280744659375 0.227130228125 0.3431323609375 0.2953667765625 0.3431323609375 0.2953667765625 0.280744659375 0.227130228125 0.280744659375
0 0.27879504375 0.2668807265625 0.27879504375 0.329268428125 0.3129133171875 0.329268428125 0.3129133171875 0.2668807265625 0.27879504375 0.2668807265625
0 0.28951793124999997 0.25994875624999997 0.28951793124999997 0.33100141875 0.3216865890625 0.33100141875 0.3216865890625 0.25994875624999997 0.28951793124999997 0.25994875624999997
0 0.30121562343749997 0.2530167921875 0.30121562343749997 0.329268428125 0.33435909218750004 0.329268428125 0.33435909218750004 0.2530167921875 0.30121562343749997 0.2530167921875
0 0.3138881265625 0.2443518328125 0.3138881265625 0.3223364609375 0.3450819765625 0.3223364609375 0.3450819765625 0.2443518328125 0.3138881265625 0.2443518328125
0 0.32851024375 0.2443518328125 0.32851024375 0.32060346875 0.3538552484375 0.32060346875 0.3538552484375 0.2443518328125 0.32851024375 0.2443518328125