4 0.237146403125 0.43959968437499997 0.237146403125 0.5103239234375 0.25703759531250003 0.5103239234375 0.25703759531250003 0.43959968437499997 0.237146403125 0.43959968437499997
4 0.21725520937499998 0.4416798078125 0.21725520937499998 0.49784317656250004 0.2336361921875 0.49784317656250004 0.2336361921875 0.4416798078125 0.21725520937499998 0.4416798078125
4 0.20555450937500003 0.431279184375 0.20555450937500003 0.491602803125 0.22310556093749997 0.491602803125 0.22310556093749997 0.431279184375 0.20555450937500003 0.431279184375
4 0.1564115609375 0.42919906093750004 0.1564115609375 0.45832080625 0.17162247343749998 0.45832080625 0.17162247343749998 0.42919906093750004 0.1564115609375 0.42919906093750004
2 0.3447928578125 0.44584005781249997 0.3447928578125 0.5248847984375 0.395105875 0.5248847984375 0.395105875 0.44584005781249997 0.3447928578125 0.44584005781249997
2 0.427867840625 0.46248105625 0.427867840625 0.5040835515625 0.44424882187500003 0.5040835515625 0.44424882187500003 0.46248105625 0.427867840625 0.46248105625
2 0.4430787515625 0.45416055625 0.4430787515625 0.537365546875 0.47467064687500005 0.537365546875 0.47467064687500005 0.45416055625 0.4430787515625 0.45416055625
2 0.5378544359374999 0.46872143125 0.5378544359374999 0.5165643015625 0.555405490625 0.5165643015625 0.555405490625 0.46872143125 0.5378544359374999 0.46872143125
2 0.6174192078125 0.4749618046875 0.6174192078125 0.5082438 0.6572015906249999 0.5082438 0.6572015906249999 0.4749618046875 0.6174192078125 0.4749618046875
2 0.39042559374999997 0.44375993593749996 0.39042559374999997 0.4791220546875 0.4231875578125 0.4791220546875 0.4231875578125 0.44375993593749996 0.39042559374999997 0.44375993593749996
2 0.5495551359374999 0.4500003078125 0.5495551359374999 0.54152579375 0.6139089953125 0.54152579375 0.6139089953125 0.4500003078125 0.5495551359374999 0.4500003078125
2 0.4606298046875 0.4479201828125 0.4606298046875 0.578968040625 0.5355142953125 0.578968040625 0.5355142953125 0.4479201828125 0.4606298046875 0.4479201828125
2 0.2523573140625 0.46248105625 0.2523573140625 0.5997692890625 0.3635139796875 0.5997692890625 0.3635139796875 0.46248105625 0.2523573140625 0.46248105625
2 0.08264242187500001 0.454619946875 0.08264242187500001 0.60431188125 0.2299954203125 0.60431188125 0.2299954203125 0.454619946875 0.08264242187500001 0.454619946875
0 0.010135390625 0.47125238437499994 0.010135390625 0.58906548125 0.0842017125 0.58906548125 0.0842017125 0.47125238437499994 0.010135390625 0.47125238437499994
2 0.6073438375 0.4629361671875 0.6073438375 0.7761803984375 0.8833383390625 0.7761803984375 0.8833383390625 0.4629361671875 0.6073438375 0.4629361671875