2 0.75937470625 0.30354197968749996 0.75937470625 0.9979462281249999 0.9987258718750001 0.9979462281249999 0.9987258718750001 0.30354197968749996 0.75937470625 0.30354197968749996
2 0.0007796453125 0.5031312203125 0.0007796453125 0.9799277515625 0.22063967343750002 0.9799277515625 0.22063967343750002 0.5031312203125 0.0007796453125 0.5031312203125
3 0.2292157734375 0.5308519515625 0.2292157734375 0.697176321875 0.3001635125 0.697176321875 0.3001635125 0.5308519515625 0.2292157734375 0.5308519515625
2 0.32277323281250003 0.4962010390625 0.32277323281250003 0.6278745015625 0.41866962656249995 0.6278745015625 0.41866962656249995 0.4962010390625 0.32277323281250003 0.4962010390625
2 0.40229707187499997 0.510061403125 0.40229707187499997 0.60292584375 0.43582182812500003 0.60292584375 0.43582182812500003 0.510061403125 0.40229707187499997 0.510061403125
2 0.42022891875 0.5142195140625 0.42022891875 0.5765911515625 0.443618284375 0.5765911515625 0.443618284375 0.5142195140625 0.42022891875 0.5142195140625
2 0.43972005625 0.5253078062500001 0.43972005625 0.5710470062499999 0.46077048437499996 0.5710470062499999 0.46077048437499996 0.5253078062500001 0.43972005625 0.5253078062500001
2 0.50033749375 0.5232287515625 0.50033749375 0.5370891171875 0.5073543015624999 0.5370891171875 0.5073543015624999 0.5232287515625 0.50033749375 0.5232287515625
2 0.5042357203125001 0.5246147875 0.5042357203125001 0.5398611875 0.512811821875 0.5398611875 0.512811821875 0.5246147875 0.5042357203125001 0.5246147875
2 0.50891359375 0.5246147875 0.50891359375 0.5440192953125 0.5182693406250001 0.5440192953125 0.5182693406250001 0.5246147875 0.50891359375 0.5246147875
2 0.51671005 0.5260008234375 0.51671005 0.553721553125 0.5315233125 0.553721553125 0.5315233125 0.5260008234375 0.51671005 0.5260008234375
2 0.526845440625 0.5232287515625 0.526845440625 0.56342380625 0.541658703125 0.56342380625 0.541658703125 0.5232287515625 0.526845440625 0.5232287515625
2 0.5338622484375 0.5218427140624999 0.5338622484375 0.56619588125 0.5658277140625 0.56619588125 0.5658277140625 0.5218427140624999 0.5338622484375 0.5218427140624999
2 0.55101445 0.5384751515625 0.55101445 0.5953026453125 0.5954542421875 0.5953026453125 0.5954542421875 0.5384751515625 0.55101445 0.5384751515625
2 0.5876577875 0.537089115625 0.5876577875 0.64381391875 0.66874091875 0.64381391875 0.66874091875 0.537089115625 0.5876577875 0.537089115625
2 0.64067368125 0.5121404578125001 0.64067368125 0.72697610625 0.7966027796875 0.72697610625 0.7966027796875 0.5121404578125001 0.64067368125 0.5121404578125001
2 0.48006671093750003 0.5260008234375 0.48006671093750003 0.53847515 0.48708351875 0.53847515 0.48708351875 0.5260008234375 0.48006671093750003 0.5260008234375
2 0.4753888375 0.5260008234375 0.4753888375 0.5398611875 0.4831852921875 0.5398611875 0.4831852921875 0.5260008234375 0.4753888375 0.5260008234375
2 0.46603309218750005 0.5218427140624999 0.46603309218750005 0.5454053359375 0.479287065625 0.5454053359375 0.479287065625 0.5218427140624999 0.46603309218750005 0.5218427140624999
2 0.44186408125 0.5135264953124999 0.44186408125 0.56342380625 0.471490609375 0.56342380625 0.471490609375 0.5135264953124999 0.44186408125 0.5135264953124999
2 0.4426437265625 0.5190706421875 0.4426437265625 0.56342380625 0.4652534453125 0.56342380625 0.4652534453125 0.5190706421875 0.4426437265625 0.5190706421875
2 0.48786316406249997 0.5232287515625 0.48786316406249997 0.5398611875 0.499557846875 0.5398611875 0.499557846875 0.5232287515625 0.48786316406249997 0.5232287515625