2 0.7837572265625 0.5157745703125001 0.7837572265625 0.84299079375 0.9993693453124999 0.84299079375 0.9993693453124999 0.5157745703125001 0.7837572265625 0.5157745703125001
2 0.2713557390625 0.4839060453125 0.2713557390625 0.530651221875 0.29659813281249997 0.530651221875 0.29659813281249997 0.4839060453125 0.2713557390625 0.4839060453125
2 0.617807609375 0.465207984375 0.617807609375 0.629751 0.71351835625 0.629751 0.71351835625 0.465207984375 0.617807609375 0.465207984375
2 0.6689234500000001 0.47081740468750005 0.6689234500000001 0.7008036625 0.87822496875 0.7008036625 0.87822496875 0.47081740468750005 0.6689234500000001 0.47081740468750005
2 0.47329489375 0.46707778906249997 0.47329489375 0.6129227328125 0.551125609375 0.6129227328125 0.551125609375 0.46707778906249997 0.47329489375 0.46707778906249997
2 0.46172546406250004 0.47081740468750005 0.46172546406250004 0.500734315625 0.48065725937500003 0.500734315625 0.48065725937500003 0.47081740468750005 0.46172546406250004 0.47081740468750005
2 0.4438454328125 0.47829663125 0.4438454328125 0.5026041234374999 0.4617254625 0.5026041234374999 0.4617254625 0.47829663125 0.4438454328125 0.47829663125
2 0.4249136375 0.47642682656249996 0.4249136375 0.5082135437499999 0.4427936671875 0.5082135437499999 0.4427936671875 0.47642682656249996 0.4249136375 0.47642682656249996
2 0.44594896562499997 0.45772874999999996 0.44594896562499997 0.47455701406250006 0.45646663125 0.47455701406250006 0.45646663125 0.45772874999999996 0.44594896562499997 0.45772874999999996
2 0.454363096875 0.45211933125000003 0.454363096875 0.46707778749999995 0.4669842953125 0.46707778749999995 0.4669842953125 0.45211933125000003 0.454363096875 0.45211933125000003
2 0.46488076093749997 0.4427702953125 0.46488076093749997 0.45585894375 0.474346659375 0.45585894375 0.474346659375 0.4427702953125 0.46488076093749997 0.4427702953125
2 0.47224312656249995 0.4334212625 0.47224312656249995 0.44837971718749997 0.482760790625 0.44837971718749997 0.482760790625 0.4334212625 0.47224312656249995 0.4334212625
2 0.4880196234375 0.43903068125000005 0.4880196234375 0.459598559375 0.5006408203125 0.459598559375 0.5006408203125 0.43903068125000005 0.4880196234375 0.43903068125000005