2 0.156411559375 0.5082438 0.156411559375 0.591448790625 0.23012598281250002 0.591448790625 0.23012598281250002 0.5082438 0.156411559375 0.5082438
2 0.1119488953125 0.5228046749999999 0.1119488953125 0.603929540625 0.1961939453125 0.603929540625 0.1961939453125 0.5228046749999999 0.1119488953125 0.5228046749999999
2 0.026533771875 0.526964921875 0.026533771875 0.643451909375 0.14471085781249998 0.643451909375 0.14471085781249998 0.526964921875 0.026533771875 0.526964921875
2 0.534344225 0.4832823046875 0.534344225 0.5664872937500001 0.5869973828124999 0.5664872937500001 0.5869973828124999 0.4832823046875 0.534344225 0.4832823046875
2 0.41967735 0.4895226765625 0.41967735 0.5144841718750001 0.4348882609375 0.5144841718750001 0.4348882609375 0.4895226765625 0.41967735 0.4895226765625
2 0.427867840625 0.495763053125 0.427867840625 0.5165642984375001 0.4465889609375 0.5165642984375001 0.4465889609375 0.495763053125 0.427867840625 0.495763053125
2 0.39978615624999997 0.495763053125 0.39978615624999997 0.51240405 0.41499706875 0.51240405 0.41499706875 0.495763053125 0.39978615624999997 0.495763053125
2 0.43722840312500005 0.4999233046875 0.43722840312500005 0.529045046875 0.46179987499999997 0.529045046875 0.46179987499999997 0.4999233046875 0.43722840312500005 0.4999233046875
2 0.335432296875 0.49784317656250004 0.335432296875 0.5165642984375001 0.3529833515625 0.5165642984375001 0.3529833515625 0.49784317656250004 0.335432296875 0.49784317656250004
2 0.28160906875 0.4999233046875 0.28160906875 0.57480779375 0.33309215625 0.57480779375 0.33309215625 0.4999233046875 0.28160906875 0.4999233046875
2 0.5659361203125 0.493682925 0.5659361203125 0.5810481640625 0.6548614515625 0.5810481640625 0.6548614515625 0.493682925 0.5659361203125 0.493682925
2 0 0.691294775 0.037064403125 0.691294775 0.037064403125 0.54360591875 0 0.54360591875 0 0.691294775