2 0.4923864328125 0.41859229062500003 0.4923864328125 0.43523327187499994 0.5111075421875 0.43523327187499994 0.5111075421875 0.41859229062500003 0.4923864328125 0.41859229062500003
2 0.5064272640625 0.41859229062500003 0.5064272640625 0.43731339843750006 0.5181279578125 0.43731339843750006 0.5181279578125 0.41859229062500003 0.5064272640625 0.41859229062500003
2 0.5181279562500001 0.4196323515625 0.5181279562500001 0.4373133953125 0.5298286453125 0.4373133953125 0.5298286453125 0.4196323515625 0.5181279562500001 0.4196323515625
2 0.5309987171875 0.420672415625 0.5309987171875 0.43731339687500004 0.546794653125 0.43731339687500004 0.546794653125 0.420672415625 0.5309987171875 0.420672415625
2 0.5701960390624999 0.420672415625 0.5701960390624999 0.43523327343749996 0.5900872171875 0.43523327343749996 0.5900872171875 0.420672415625 0.5701960390624999 0.420672415625
2 0.5895021859375 0.40819167500000003 0.5895021859375 0.4425137046875 0.652100890625 0.4425137046875 0.652100890625 0.40819167500000003 0.5895021859375 0.40819167500000003
2 0.7111893874999999 0.4263454734375 0.7111893874999999 0.527231446875 0.7989445828124999 0.527231446875 0.7989445828124999 0.4263454734375 0.7111893874999999 0.4263454734375
2 0.41877844062499997 0.41594485781249996 0.41877844062499997 0.44194639843749994 0.4439349328125 0.44194639843749994 0.4439349328125 0.41594485781249996 0.41877844062499997 0.41594485781249996
2 0.3877716046875 0.42322528750000005 0.3877716046875 0.459627446875 0.4140981640625 0.459627446875 0.4140981640625 0.42322528750000005 0.3877716046875 0.42322528750000005
2 0.3760709109375 0.42322528750000005 0.3760709109375 0.4513069515625 0.3924518828125 0.4513069515625 0.3924518828125 0.42322528750000005 0.3760709109375 0.42322528750000005
2 0.3134722046875 0.41594485781249996 0.3134722046875 0.457547321875 0.3544246296875 0.457547321875 0.3544246296875 0.41594485781249996 0.3134722046875 0.41594485781249996
2 0.250288465625 0.4242653484375 0.250288465625 0.4648277515625 0.277785090625 0.4648277515625 0.277785090625 0.4242653484375 0.250288465625 0.4242653484375
2 0.22454693906249998 0.4242653484375 0.22454693906249998 0.47210818593750004 0.25496874062499997 0.47210818593750004 0.25496874062499997 0.4242653484375 0.22454693906249998 0.4242653484375
2 0.27368985 0.4315457828125 0.27368985 0.4804286796875 0.3035266171875 0.4804286796875 0.3035266171875 0.4315457828125 0.27368985 0.4315457828125
2 0.0864787640625 0.389943315625 0.0864787640625 0.5199510171874999 0.23507756249999998 0.5199510171874999 0.23507756249999998 0.389943315625 0.0864787640625 0.389943315625
2 0 0.48874916874999996 0.0590885171875 0.48874916874999996 0.0590885171875 0.40658430156250003 0 0.40658430156250003 0 0.48874916874999996
2 0.4614327828125 0.4263454734375 0.4614327828125 0.4945055140625 0.510297953125 0.4945055140625 0.510297953125 0.4263454734375 0.4614327828125 0.4263454734375
2 0.486004240625 0.43674609062499997 0.486004240625 0.5376320640625 0.526956665625 0.5376320640625 0.526956665625 0.43674609062499997 0.486004240625 0.43674609062499997
2 0.46402023124999997 0.43674609062499997 0.46402023124999997 0.8495988734375001 0.8194208015625 0.8495988734375001 0.8194208015625 0.43674609062499997 0.46402023124999997 0.43674609062499997
2 0.7720309796875 0.284917159375 0.7720309796875 0.8956246812499999 0.998317575 0.8956246812499999 0.998317575 0.284917159375 0.7720309796875 0.284917159375
4 0.6790952109374999 0.4259810578125 0.6790952109374999 0.44470216406249996 0.6907959046875 0.44470216406249996 0.6907959046875 0.4259810578125 0.6790952109374999 0.4259810578125