4 0.9218534437500001 0.40749498125 0.9218534437500001 0.4638604984375 0.9364068359375001 0.4638604984375 0.9364068359375001 0.40749498125 0.9218534437500001 0.40749498125
2 0.4394084953125 0.4426079265625 0.4394084953125 0.4629364734375 0.455521178125 0.4629364734375 0.455521178125 0.4426079265625 0.4394084953125 0.4426079265625
2 0.416538878125 0.457392325 0.416538878125 0.47310074843749994 0.43057250625 0.47310074843749994 0.43057250625 0.457392325 0.416538878125 0.457392325
2 0.3931494984375 0.457392325 0.3931494984375 0.4721767234375 0.41186100156250005 0.4721767234375 0.41186100156250005 0.457392325 0.3931494984375 0.457392325
2 0.3759972859375 0.45646829999999994 0.3759972859375 0.483265021875 0.39574831875 0.483265021875 0.39574831875 0.45646829999999994 0.3759972859375 0.45646829999999994
2 0.31518489375000003 0.4453800015625 0.31518489375000003 0.455544275 0.33181734218750003 0.455544275 0.33181734218750003 0.4453800015625 0.31518489375000003 0.4453800015625
2 0.29803268125 0.44815207656249995 0.29803268125 0.4620124546875 0.31726394999999996 0.4620124546875 0.31726394999999996 0.44815207656249995 0.29803268125 0.44815207656249995
2 0.281919996875 0.45092414999999997 0.281919996875 0.46478452499999995 0.29491409687500003 0.46478452499999995 0.29491409687500003 0.45092414999999997 0.281919996875 0.45092414999999997
2 0.269965425 0.4527721984375 0.269965425 0.467556596875 0.2845188171875 0.467556596875 0.2845188171875 0.4527721984375 0.269965425 0.4527721984375
2 0.2595701453125 0.45462024999999995 0.2595701453125 0.4694046515625 0.27204448124999997 0.4694046515625 0.27204448124999997 0.45462024999999995 0.2595701453125 0.45462024999999995
2 0.24709580937500003 0.455544275 0.24709580937500003 0.46940465312499996 0.25957014375 0.46940465312499996 0.25957014375 0.455544275 0.24709580937500003 0.455544275
2 0.227864540625 0.45092414999999997 0.227864540625 0.46108842499999997 0.24657604531250002 0.46108842499999997 0.24657604531250002 0.45092414999999997 0.227864540625 0.45092414999999997
2 0.21746926093750002 0.4583163484375 0.21746926093750002 0.47494879687499997 0.23410170937500002 0.47494879687499997 0.23410170937500002 0.4583163484375 0.21746926093750002 0.4583163484375
2 0.20291586874999998 0.4629364734375 0.20291586874999998 0.47587281875 0.221107609375 0.47587281875 0.221107609375 0.4629364734375 0.20291586874999998 0.4629364734375
2 0.18680318437500001 0.4629364734375 0.18680318437500001 0.4740247734375 0.20395539999999998 0.4740247734375 0.20395539999999998 0.4629364734375 0.18680318437500001 0.4629364734375
2 0.160814984375 0.45646829999999994 0.160814984375 0.477720871875 0.1878427125 0.477720871875 0.1878427125 0.45646829999999994 0.160814984375 0.45646829999999994
2 0.132747728125 0.45646829999999994 0.132747728125 0.475872821875 0.15977545625 0.475872821875 0.15977545625 0.45646829999999994 0.132747728125 0.45646829999999994
2 0.11663504375 0.453696225 0.11663504375 0.4684806265625 0.1332674921875 0.4684806265625 0.1332674921875 0.453696225 0.11663504375 0.453696225
2 0.04386808125 0.45092414999999997 0.04386808125 0.5119097953125 0.1395046609375 0.5119097953125 0.1395046609375 0.45092414999999997 0.04386808125 0.45092414999999997
2 0.31206630468749996 0.4527721984375 0.31206630468749996 0.48880917031250004 0.35052884375 0.48880917031250004 0.35052884375 0.4527721984375 0.31206630468749996 0.4527721984375
2 0.5074975875 0.42135535468749996 0.5074975875 0.4278235265625 0.5147742828124999 0.4278235265625 0.5147742828124999 0.42135535468749996 0.5074975875 0.42135535468749996
2 0.5074975875 0.426899503125 0.5074975875 0.437063778125 0.5158138109375 0.437063778125 0.5158138109375 0.426899503125 0.5074975875 0.426899503125
2 0.5319264953125 0.4490761015625 0.5319264953125 0.459240375 0.5418020109375 0.459240375 0.5418020109375 0.4490761015625 0.5319264953125 0.4490761015625
2 0.558434459375 0.457392325 0.558434459375 0.49158124374999995 0.577665728125 0.49158124374999995 0.577665728125 0.457392325 0.558434459375 0.457392325
2 0.5766262015625 0.45646829999999994 0.5766262015625 0.50266954375 0.6093713359375 0.50266954375 0.6093713359375 0.45646829999999994 0.5766262015625 0.45646829999999994
6 0.5402427203125 0.4453800015625 0.5402427203125 0.48603709687499996 0.5615530453125 0.48603709687499996 0.5615530453125 0.4453800015625 0.5402427203125 0.4453800015625
6 0.529593125 0.41818728125 0.529593125 0.431123625 0.5420674609375 0.431123625 0.5420674609375 0.41818728125 0.529593125 0.41818728125
2 0.499966578125 0.4290115671875 0.499966578125 0.44194791093749997 0.508802565625 0.44194791093749997 0.508802565625 0.4290115671875 0.499966578125 0.4290115671875
2 0.5275140703125001 0.43363169062500007 0.5275140703125001 0.4447199890625 0.536869821875 0.4447199890625 0.536869821875 0.43363169062500007 0.5275140703125001 0.43363169062500007
2 0.5140002046875 0.42069534218750004 0.5140002046875 0.4345557203125 0.5207571359375 0.4345557203125 0.5207571359375 0.42069534218750004 0.5140002046875 0.42069534218750004
2 0.60926551875 0.4530362140625 0.60926551875 0.5426666328125 0.68099295 0.5426666328125 0.68099295 0.4530362140625 0.60926551875 0.4530362140625
2 0.4715280578125 0.4465680390625 0.4715280578125 0.555602975 0.5479333640624999 0.555602975 0.5479333640624999 0.4465680390625 0.4715280578125 0.4465680390625
6 0.3452254015625 0.4253154671875 0.3452254015625 0.4816809859375 0.36809501718750004 0.4816809859375 0.36809501718750004 0.4253154671875 0.3452254015625 0.4253154671875
2 0.009187909375 0.45030814374999995 0.009187909375 0.4697126671875 0.0278994140625 0.4697126671875 0.0278994140625 0.45030814374999995 0.009187909375 0.45030814374999995
2 0 0.48357304062499995 0.0268598859375 0.48357304062499995 0.0268598859375 0.4604724171875 0 0.4604724171875 0 0.48357304062499995
6 0.525481409375 0.4158112046875 0.525481409375 0.43151963125000004 0.535356925 0.43151963125000004 0.535356925 0.4158112046875 0.525481409375 0.4158112046875