4 0.7141744265625001 0.607653334375 0.7141744265625001 0.65663294375 0.73053285 0.65663294375 0.73053285 0.607653334375 0.7141744265625001 0.607653334375
4 0.693511153125 0.5862247546875 0.693511153125 0.6841839828125 0.7150353984375 0.6841839828125 0.7150353984375 0.5862247546875 0.693511153125 0.5862247546875
4 0.675430790625 0.5862247546875 0.675430790625 0.64591865625 0.6960940640625 0.64591865625 0.6960940640625 0.5862247546875 0.675430790625 0.5862247546875
4 0.6737088484375 0.5862247546875 0.6737088484375 0.63826559375 0.6874843640625 0.63826559375 0.6874843640625 0.5862247546875 0.6737088484375 0.5862247546875
4 0.6582113921875 0.5877553671875 0.6582113921875 0.6352043671875001 0.6728478796874999 0.6352043671875001 0.6728478796874999 0.5877553671875 0.6582113921875 0.5877553671875
4 0.646157815625 0.5892859796875001 0.646157815625 0.6367349812499999 0.6625162421875 0.6367349812499999 0.6625162421875 0.5892859796875001 0.646157815625 0.5892859796875001
4 0.6427139359375 0.590816590625 0.6427139359375 0.632143140625 0.655628484375 0.632143140625 0.655628484375 0.590816590625 0.6427139359375 0.590816590625
4 0.630660359375 0.5923472046875 0.630660359375 0.6352043671875001 0.6496016953125 0.6352043671875001 0.6496016953125 0.5923472046875 0.630660359375 0.5923472046875
4 0.6220506609374999 0.5862247546875 0.6220506609374999 0.6260206937499999 0.63668715 0.6260206937499999 0.63668715 0.5862247546875 0.6220506609374999 0.5862247546875
4 0.607414175 0.5892859796875001 0.607414175 0.63367375625 0.6272164796874999 0.63367375625 0.6272164796874999 0.5892859796875001 0.607414175 0.5892859796875001
4 0.8157688593750001 0.558673721875 0.8157688593750001 0.68877581875 0.8605392875 0.68877581875 0.8605392875 0.558673721875 0.8157688593750001 0.558673721875
4 0.7537790375 0.5984696578124999 0.7537790375 0.7209186937500001 0.7778861921875 0.7209186937500001 0.7778861921875 0.5984696578124999 0.7537790375 0.5984696578124999
4 0.746030309375 0.5984696578124999 0.746030309375 0.6994901109375 0.7589448562500001 0.6994901109375 0.7589448562500001 0.5984696578124999 0.746030309375 0.5984696578124999
4 0.7580838875 0.60000026875 0.7580838875 0.7040819468749999 0.772720375 0.7040819468749999 0.772720375 0.60000026875 0.7580838875 0.60000026875
4 0.9492191765625 0.5571431062500001 0.9492191765625 0.8326534328124999 0.9982944515625001 0.8326534328124999 0.9982944515625001 0.5571431062500001 0.9492191765625 0.5571431062500001
4 0.8760367453125 0.5678573984375 0.8760367453125 0.734694209375 0.9121974765624999 0.734694209375 0.9121974765624999 0.5678573984375 0.8760367453125 0.5678573984375
4 0.7830520078125 0.5801023015625 0.7830520078125 0.7270411421875 0.81835176875 0.7270411421875 0.81835176875 0.5801023015625 0.7830520078125 0.5801023015625
4 0.7632497046875 0.6061227203125 0.7632497046875 0.7224493046875 0.7908007359375 0.7224493046875 0.7908007359375 0.6061227203125 0.7632497046875 0.6061227203125
2 0.0012914546875000001 0.57397985 0.0012914546875000001 0.795918725 0.1356027390625 0.795918725 0.1356027390625 0.57397985 0.0012914546875000001 0.57397985
2 0.210507109375 0.572449234375 0.210507109375 0.6704084625 0.294021178125 0.6704084625 0.294021178125 0.572449234375 0.210507109375 0.572449234375
2 0.0099011515625 0.54795943125 0.0099011515625 0.877041209375 0.2957431171875 0.877041209375 0.2957431171875 0.54795943125 0.0099011515625 0.54795943125
2 0.5953605984375 0.627551303125 0.5953605984375 0.8280615921875001 0.73053285 0.8280615921875001 0.73053285 0.627551303125 0.5953605984375 0.627551303125
2 0.2449459015625 0.50969410625 0.2449459015625 0.9964290218749999 0.63324326875 0.9964290218749999 0.63324326875 0.50969410625 0.2449459015625 0.50969410625