2 0.0008609453125 0.37040833125 0.0008609453125 0.41479610625 0.007748728125 0.41479610625 0.007748728125 0.37040833125 0.0008609453125 0.37040833125
2 0.22126923281250002 0.364285878125 0.22126923281250002 0.39183691249999997 0.2608738421875 0.39183691249999997 0.2608738421875 0.364285878125 0.22126923281250002 0.364285878125
2 0.325446575 0.3759185453125 0.325446575 0.3881634484375 0.34008306093749996 0.3881634484375 0.34008306093749996 0.3759185453125 0.325446575 0.3759185453125
2 0.52002574375 0.374081815625 0.52002574375 0.3893879453125 0.527774471875 0.3893879453125 0.527774471875 0.374081815625 0.52002574375 0.374081815625
2 0.4993624671875 0.374081815625 0.4993624671875 0.38908180468750003 0.5053892578125 0.38908180468750003 0.5053892578125 0.374081815625 0.4993624671875 0.374081815625
2 0.46750658593749994 0.372551203125 0.46750658593749994 0.39091855625 0.4761162859375 0.39091855625 0.4761162859375 0.372551203125 0.46750658593749994 0.372551203125
2 0.33663918125 0.3477552546875 0.33663918125 0.44418386875 0.41068258281250003 0.44418386875 0.41068258281250003 0.3477552546875 0.33663918125 0.3477552546875
2 0.41584839999999995 0.3661226078125 0.41584839999999995 0.395204253125 0.4347897359375 0.395204253125 0.4347897359375 0.3661226078125 0.41584839999999995 0.3661226078125
2 0.47439434374999995 0.35846954375 0.47439434374999995 0.39826548125 0.5002234390625 0.39826548125 0.5002234390625 0.35846954375 0.47439434374999995 0.35846954375
2 0.5079721671875 0.372245059375 0.5079721671875 0.39214302968750003 0.5217476828125001 0.39214302968750003 0.5217476828125001 0.372245059375 0.5079721671875 0.372245059375
2 0.4502871921875 0.3783675109375 0.4502871921875 0.3890818015625 0.46406270781250003 0.3890818015625 0.46406270781250003 0.3783675109375 0.4502871921875 0.3783675109375
2 0.40035094375 0.3661226078125 0.40035094375 0.3860205765625 0.4124045203125 0.3860205765625 0.4124045203125 0.3661226078125 0.40035094375 0.3661226078125