2 0.253306096875 0.4054684703125 0.253306096875 0.41953096093750003 0.27044475625 0.41953096093750003 0.27044475625 0.4054684703125 0.253306096875 0.4054684703125
2 0.05818904375 0.43828094999999995 0.05818904375 0.4617184328125 0.07005426718749999 0.4617184328125 0.07005426718749999 0.43828094999999995 0.05818904375 0.43828094999999995
2 0.042368740625 0.43828094999999995 0.042368740625 0.4617184328125 0.0555523265625 0.4617184328125 0.0555523265625 0.43828094999999995 0.042368740625 0.43828094999999995
2 0.075327703125 0.44765594062499997 0.075327703125 0.46171843125 0.087192928125 0.46171843125 0.087192928125 0.44765594062499997 0.075327703125 0.44765594062499997
2 0.08851128750000001 0.44531219375 0.08851128750000001 0.46406218125 0.0990581546875 0.46406218125 0.0990581546875 0.44531219375 0.08851128750000001 0.44531219375
2 0.09510307968750001 0.45234343906249996 0.09510307968750001 0.4617184328125 0.108286665625 0.4617184328125 0.108286665625 0.45234343906249996 0.09510307968750001 0.45234343906249996
6 0.108286665625 0.4312497046875 0.108286665625 0.5273433875 0.1438823421875 0.5273433875 0.1438823421875 0.4312497046875 0.108286665625 0.4312497046875
2 0 0.7218745046875 0.1504741359375 0.7218745046875 0.1504741359375 0.459374684375 0 0.459374684375 0 0.7218745046875
4 0.335044321875 0.44531219375 0.335044321875 0.541405878125 0.3561380578125 0.541405878125 0.3561380578125 0.44531219375 0.335044321875 0.44531219375
4 0.316587303125 0.42890595625000005 0.316587303125 0.5414058796875 0.335044321875 0.5414058796875 0.335044321875 0.42890595625000005 0.316587303125 0.42890595625000005
4 0.30340371875 0.43359345156250007 0.30340371875 0.53671838125 0.3218607359375 0.53671838125 0.3218607359375 0.43359345156250007 0.30340371875 0.43359345156250007
6 0.3007670015625 0.400780975 0.3007670015625 0.48984341249999996 0.4352395640625 0.48984341249999996 0.4352395640625 0.400780975 0.3007670015625 0.400780975
6 0.27703654843750003 0.4054684703125 0.27703654843750003 0.5085934015625 0.3324076046875 0.5085934015625 0.3324076046875 0.4054684703125 0.27703654843750003 0.4054684703125
6 0.46688016875000005 0.4124997171875 0.46688016875000005 0.48281216875000005 0.5723488453125001 0.48281216875000005 0.5723488453125001 0.4124997171875 0.46688016875000005 0.4124997171875
2 0.5354348078125 0.44296844531249996 0.5354348078125 0.55312461875 0.680454240625 0.55312461875 0.680454240625 0.44296844531249996 0.5354348078125 0.44296844531249996
2 0.7107764859375 0.4312497046875 0.7107764859375 0.50156215625 0.77537605 0.50156215625 0.77537605 0.4312497046875 0.7107764859375 0.4312497046875
2 0.46688016875000005 0.3796872390625 0.46688016875000005 0.78984320625 0.9981786312500001 0.78984320625 0.9981786312500001 0.3796872390625 0.46688016875000005 0.3796872390625