5 0.02640400625 0.5257701671875 0.02640400625 0.6569817046875001 0.06382701406249999 0.6569817046875001 0.06382701406249999 0.5257701671875 0.02640400625 0.5257701671875
5 0.0721432375 0.52115004375 0.0721432375 0.6634498765625 0.118402234375 0.6634498765625 0.118402234375 0.52115004375 0.0721432375 0.52115004375
5 0.1111255390625 0.52115004375 0.1111255390625 0.6357291328125 0.1360742109375 0.6357291328125 0.1360742109375 0.52115004375 0.1111255390625 0.52115004375
5 0.155305478125 0.5183779671875001 0.155305478125 0.645893403125 0.194287778125 0.645893403125 0.194287778125 0.5183779671875001 0.155305478125 0.5183779671875001
4 0.3565581078125 0.540554565625 0.3565581078125 0.5996921640624999 0.36487433281250004 0.5996921640624999 0.36487433281250004 0.540554565625 0.3565581078125 0.540554565625
4 0.5499103187500001 0.486961121875 0.5499103187500001 0.63110900625 0.577977575 0.63110900625 0.577977575 0.486961121875 0.5499103187500001 0.486961121875
4 0.50676990625 0.5340863921875 0.50676990625 0.578439584375 0.5197640046875 0.578439584375 0.5197640046875 0.5340863921875 0.50676990625 0.5340863921875
4 0.6276670156249999 0.5322383421875 0.6276670156249999 0.6190966812500001 0.648457578125 0.6190966812500001 0.648457578125 0.5322383421875 0.6276670156249999 0.5322383421875
4 0.39117439374999996 0.5318437046875 0.39117439374999996 0.5664272625 0.398023721875 0.5664272625 0.398023721875 0.5318437046875 0.39117439374999996 0.5318437046875
5 0.5018841265625 0.545174690625 0.5018841265625 0.5691993390625 0.5076015328125 0.5691993390625 0.5076015328125 0.545174690625 0.5018841265625 0.545174690625
2 0.40167361718750005 0.5313143171875 0.40167361718750005 0.5673512875 0.4385768609375 0.5673512875 0.4385768609375 0.5313143171875 0.40167361718750005 0.5313143171875
2 0.4224641765625 0.5359344421875 0.4224641765625 0.581211659375 0.4442942625 0.581211659375 0.4442942625 0.5359344421875 0.4224641765625 0.5359344421875
2 0.4765196328125 0.5368584671875001 0.4765196328125 0.5747434890625 0.50198806875 0.5747434890625 0.50198806875 0.5368584671875001 0.4765196328125 0.5368584671875001
2 0.68899916875 0.52115004375 0.68899916875 0.612628509375 0.77112188125 0.612628509375 0.77112188125 0.52115004375 0.68899916875 0.52115004375
2 0.21767716718750002 0.51190979375 0.21767716718750002 0.60431228125 0.2847267234375 0.60431228125 0.2847267234375 0.51190979375 0.21767716718750002 0.51190979375
2 0.21819693125 0.5377824921875 0.21819693125 0.6163246046874999 0.2566594671875 0.6163246046874999 0.2566594671875 0.5377824921875 0.21819693125 0.5377824921875
2 0.1443904421875 0.52115004375 0.1443904421875 0.640349253125 0.23950725468749998 0.640349253125 0.23950725468749998 0.52115004375 0.1443904421875 0.52115004375
2 0.4299487828125 0.5322383421875 0.4299487828125 0.5996921578125 0.479846128125 0.5996921578125 0.479846128125 0.5322383421875 0.4299487828125 0.5322383421875
2 0.7357779296875 0.5054416203125001 0.7357779296875 0.671766103125 0.9972192234374999 0.671766103125 0.9972192234374999 0.5054416203125001 0.7357779296875 0.5054416203125001
6 0.5052106125 0.4925052703125 0.5052106125 0.5765915374999999 0.5467917328125 0.5765915374999999 0.5467917328125 0.4925052703125 0.5052106125 0.4925052703125
6 0.533797634375 0.45462024999999995 0.533797634375 0.592299959375 0.598248371875 0.592299959375 0.598248371875 0.45462024999999995 0.533797634375 0.45462024999999995
6 0.5810961578125 0.430595603125 0.5810961578125 0.6163246078125 0.7172743265625 0.6163246078125 0.7172743265625 0.430595603125 0.5810961578125 0.430595603125