2 0.3270339578125 0.2874193921875 0.3270339578125 0.3570968203125 0.35642912187500003 0.3570968203125 0.35642912187500003 0.2874193921875 0.3270339578125 0.2874193921875
2 0.3025379875 0.2961290703125 0.3025379875 0.33967746249999997 0.32948355625 0.33967746249999997 0.32948355625 0.2961290703125 0.3025379875 0.2961290703125
2 0.29273959843749997 0.30048390937499997 0.29273959843749997 0.3483871421875 0.3111115765625 0.3483871421875 0.3111115765625 0.30048390937499997 0.29273959843749997 0.30048390937499997
2 0.2792668140625 0.30048390937499997 0.2792668140625 0.346209721875 0.3013131875 0.346209721875 0.3013131875 0.30048390937499997 0.2792668140625 0.30048390937499997
2 0.23149967187499998 0.29177423125 0.23149967187499998 0.3636290796875 0.2841660078125 0.3636290796875 0.2841660078125 0.29177423125 0.23149967187499998 0.29177423125
2 0.0355319046875 0.2787097140625 0.0355319046875 0.41806456875000003 0.1518877671875 0.41806456875000003 0.1518877671875 0.2787097140625 0.0355319046875 0.2787097140625
2 0.000012745312499999999 0.313548428125 0.000012745312499999999 0.44419360625 0.047779890625 0.44419360625 0.047779890625 0.313548428125 0.000012745312499999999 0.313548428125
2 0.79123260625 0.3026613296875 0.79123260625 0.38322585625 0.8806429015624999 0.38322585625 0.8806429015624999 0.3026613296875 0.79123260625 0.3026613296875
2 0.760612640625 0.30483874843750003 0.760612640625 0.3505645609375 0.8047053890625 0.3505645609375 0.8047053890625 0.30483874843750003 0.760612640625 0.30483874843750003
4 0.7214190890625 0.27986753124999997 0.7214190890625 0.38758069375000004 0.7459150609375 0.38758069375000004 0.7459150609375 0.27986753124999997 0.7214190890625 0.27986753124999997
2 0.5842416515625 0.30048390937499997 0.5842416515625 0.4267742484375 0.7165198937499999 0.4267742484375 0.7165198937499999 0.30048390937499997 0.5842416515625 0.30048390937499997
2 0.8279765640625 0.21774196406250002 0.8279765640625 0.5813710421875 0.9982235609375 0.5813710421875 0.9982235609375 0.21774196406250002 0.8279765640625 0.21774196406250002
2 0.346630734375 0.21991938281249998 0.346630734375 0.49862909687499996 0.530350515625 0.49862909687499996 0.530350515625 0.21991938281249998 0.346630734375 0.21991938281249998