2 0.4148242875 0.4663377796875 0.4148242875 0.5334648468750001 0.45258326249999997 0.5334648468750001 0.45258326249999997 0.4663377796875 0.4148242875 0.4663377796875
2 0.4078318828125 0.45390684375 0.4078318828125 0.4812549078125 0.4260121296875 0.4812549078125 0.4260121296875 0.45390684375 0.4078318828125 0.45390684375
2 0.4665680703125 0.448934465625 0.4665680703125 0.46882396406250004 0.476357434375 0.46882396406250004 0.476357434375 0.448934465625 0.4665680703125 0.448934465625
2 0.311336721875 0.47628253125000003 0.311336721875 0.538437225 0.33231393124999997 0.538437225 0.33231393124999997 0.47628253125000003 0.311336721875 0.47628253125000003
2 0.8008049328125001 0.4389897171875 0.8008049328125001 0.5458957890625 0.960231721875 0.5458957890625 0.960231721875 0.4389897171875 0.8008049328125001 0.4389897171875
2 0.730880903125 0.461365403125 0.730880903125 0.51854771875 0.8203836609374999 0.51854771875 0.8203836609374999 0.461365403125 0.730880903125 0.461365403125
6 0.430207575 0.4411207265625 0.430207575 0.49333066875 0.46516958906249994 0.49333066875 0.46516958906249994 0.4411207265625 0.430207575 0.4411207265625
6 0.5141164093749999 0.43366216093750004 0.5141164093749999 0.4808997296875 0.55047690625 0.4808997296875 0.55047690625 0.43366216093750004 0.5141164093749999 0.43366216093750004
2 0.19526283125 0.45852403906249994 0.19526283125 0.5654301125 0.318329125 0.5654301125 0.318329125 0.45852403906249994 0.19526283125 0.45852403906249994
2 0.3309154515625 0.4460931 0.3309154515625 0.5753748640625 0.42601213125 0.5753748640625 0.42601213125 0.4460931 0.3309154515625 0.4460931
2 0.4539817453125 0.45106547499999994 0.4539817453125 0.5927781765625 0.56026626875 0.5927781765625 0.56026626875 0.45106547499999994 0.4539817453125 0.45106547499999994
2 0.019054278124999997 0.4808997296875 0.019054278124999997 0.552999175 0.09597071093750001 0.552999175 0.09597071093750001 0.4808997296875 0.019054278124999997 0.4808997296875
2 0 0.625098615625 0.023249717187499998 0.625098615625 0.023249717187499998 0.45603784999999997 0 0.45603784999999997 0 0.625098615625
4 0.111353996875 0.473441165625 0.111353996875 0.550512984375 0.125338803125 0.550512984375 0.125338803125 0.473441165625 0.111353996875 0.473441165625
4 0.567258671875 0.470954978125 0.567258671875 0.535595859375 0.5882358828124999 0.535595859375 0.5882358828124999 0.470954978125 0.567258671875 0.470954978125
4 0.7518581125 0.4460931 0.7518581125 0.5206787312500001 0.770038359375 0.5206787312500001 0.770038359375 0.4460931 0.7518581125 0.4460931
4 0.58780913125 0.47483973281249997 0.58780913125 0.53549444375 0.6024312484375 0.53549444375 0.6024312484375 0.47483973281249997 0.58780913125 0.47483973281249997
2 0.617053365625 0.4661747734375 0.617053365625 0.52509649375 0.6843151078124999 0.52509649375 0.6843151078124999 0.4661747734375 0.617053365625 0.4661747734375