2 0.2820535125 0.5479590875 0.2820535125 0.5791835703125 0.3109820765625 0.5791835703125 0.3109820765625 0.5479590875 0.2820535125 0.5479590875
2 0.2603570875 0.5534692890625 0.2603570875 0.57918356875 0.2810203484375 0.57918356875 0.2810203484375 0.5534692890625 0.2603570875 0.5534692890625
2 0.125012728125 0.5430611187500001 0.125012728125 0.61469375625 0.1859693484375 0.61469375625 0.1859693484375 0.5430611187500001 0.125012728125 0.5430611187500001
2 0.5296682765625 0.5302039781250001 0.5296682765625 0.58530600625 0.5678953078125 0.58530600625 0.5678953078125 0.5302039781250001 0.5296682765625 0.5302039781250001
2 0.43961087499999996 0.539999884375 0.43961087499999996 0.57857130625 0.4623404640625 0.57857130625 0.4623404640625 0.539999884375 0.43961087499999996 0.539999884375
2 0.1855265640625 0.5203206015624999 0.1855265640625 0.612157315625 0.2619806296875 0.612157315625 0.2619806296875 0.5203206015624999 0.1855265640625 0.5203206015624999
2 0.48721017343749995 0.5423614125 0.48721017343749995 0.569912428125 0.5068402703125 0.569912428125 0.5068402703125 0.5423614125 0.48721017343749995 0.5423614125
2 0.51899223125 0.533265196875 0.51899223125 0.5626529437500001 0.5324233515625 0.5626529437500001 0.5324233515625 0.533265196875 0.51899223125 0.533265196875
4 0.743606190625 0.5128162125 0.743606190625 0.59546925625 0.7601368 0.59546925625 0.7601368 0.5128162125 0.743606190625 0.5128162125
4 0.6671521265625 0.5146529453124999 0.6671521265625 0.5899590546875 0.67748375625 0.5899590546875 0.67748375625 0.5146529453124999 0.6671521265625 0.5146529453124999
4 0.8128281140625001 0.4907754 0.8128281140625001 0.59546925625 0.836590865625 0.59546925625 0.836590865625 0.4907754 0.8128281140625001 0.4907754
4 0.8312184125 0.49995907500000003 0.8312184125 0.5917957890625 0.8518816734374999 0.5917957890625 0.8518816734374999 0.49995907500000003 0.8312184125 0.49995907500000003
4 0.8818434015625 0.49628560625 0.8818434015625 0.6009794625 0.9014735015625 0.6009794625 0.9014735015625 0.49628560625 0.8818434015625 0.49628560625
4 0.9293689015625001 0.48710193437499993 0.9293689015625001 0.595469259375 0.9603637921875 0.595469259375 0.9603637921875 0.48710193437499993 0.9293689015625001 0.48710193437499993
4 0.754970984375 0.510979478125 0.754970984375 0.6046529296875 0.7797668984375 0.6046529296875 0.7797668984375 0.510979478125 0.754970984375 0.510979478125
2 0.3313741359375 0.53302029375 0.3313741359375 0.57526518125 0.362369028125 0.57526518125 0.362369028125 0.53302029375 0.3313741359375 0.53302029375