2 0.4347642984375 0.45231084062500004 0.4347642984375 0.4783057171875 0.45133603125 0.4783057171875 0.45133603125 0.45231084062500004 0.4347642984375 0.45231084062500004
2 0.46985738125000004 0.45404383125000003 0.46985738125000004 0.47310674218750004 0.48545430625 0.47310674218750004 0.48545430625 0.45404383125000003 0.46985738125000004 0.45404383125000003
2 0.48447950000000006 0.45404383125000003 0.48447950000000006 0.493902640625 0.494227578125 0.493902640625 0.494227578125 0.45404383125000003 0.48447950000000006 0.45404383125000003
2 0.551741240625 0.44537887343750004 0.551741240625 0.51469854375 0.5985320171875 0.51469854375 0.5985320171875 0.44537887343750004 0.551741240625 0.44537887343750004
2 0.38118686875 0.43324793125000005 0.38118686875 0.5233635015625 0.4406131453125 0.5233635015625 0.4406131453125 0.43324793125000005 0.38118686875 0.43324793125000005
2 0.4532856484375 0.45404383125000003 0.4532856484375 0.4852376828125 0.47570622812499996 0.4852376828125 0.47570622812499996 0.45404383125000003 0.4532856484375 0.45404383125000003
2 0.49325277031250003 0.42804895624999995 0.49325277031250003 0.5320284578125001 0.5546656640625 0.5320284578125001 0.5546656640625 0.42804895624999995 0.49325277031250003 0.42804895624999995
2 0.6180281734374999 0.43151494062499995 0.6180281734374999 0.5285624765625 0.6921135703125 0.5285624765625 0.6921135703125 0.43151494062499995 0.6180281734374999 0.43151494062499995
2 0.212508109375 0.3569962953125 0.212508109375 0.6013481296875 0.39674679375 0.6013481296875 0.39674679375 0.3569962953125 0.212508109375 0.3569962953125
2 0.15499444843750002 0.419383996875 0.15499444843750002 0.504300590625 0.23395388281249999 0.504300590625 0.23395388281249999 0.419383996875 0.15499444843750002 0.419383996875
2 0 0.5718872687500001 0.2086088796875 0.5718872687500001 0.2086088796875 0.41245203124999996 0 0.41245203124999996 0 0.5718872687500001
2 0.0001812703125 0.41245203124999996 0.0001812703125 0.462708790625 0.056538854687499994 0.462708790625 0.056538854687499994 0.41245203124999996 0.0001812703125 0.41245203124999996
4 0.7856951234375 0.419383996875 0.7856951234375 0.54069341875 0.817863784375 0.54069341875 0.817863784375 0.419383996875 0.7856951234375 0.419383996875
4 0.73695473125 0.42804895624999995 0.73695473125 0.5337614515625 0.7642493499999999 0.5337614515625 0.7642493499999999 0.42804895624999995 0.73695473125 0.42804895624999995
4 0.8773270609375 0.44537887343750004 0.8773270609375 0.549358378125 0.9026720671874999 0.549358378125 0.9026720671874999 0.44537887343750004 0.8773270609375 0.44537887343750004
4 0.9572613046875 0.44364588125 0.9572613046875 0.59614915625 0.9991780421875 0.59614915625 0.9991780421875 0.44364588125 0.9572613046875 0.44364588125