2 0.47126365937500003 0.5189210906249999 0.47126365937500003 0.5444120234375001 0.48445521874999997 0.5444120234375001 0.48445521874999997 0.5189210906249999 0.47126365937500003 0.5189210906249999
2 0.4511895484375 0.515862175 0.4511895484375 0.549510209375 0.47241075156249995 0.549510209375 0.47241075156249995 0.515862175 0.4511895484375 0.515862175
2 0.4402921734375 0.511783628125 0.4402921734375 0.5576673078125001 0.4569250078125 0.5576673078125001 0.4569250078125 0.511783628125 0.4402921734375 0.511783628125
2 0.424232884375 0.511783628125 0.424232884375 0.5658244078125 0.44545408750000004 0.5658244078125 0.44545408750000004 0.511783628125 0.424232884375 0.511783628125
2 0.3657311890625 0.506685440625 0.3657311890625 0.60151171875 0.43398316875000004 0.60151171875 0.43398316875000004 0.506685440625 0.3657311890625 0.506685440625
2 0.29174375 0.521073671875 0.29174375 0.6536265328125 0.3783492 0.6536265328125 0.3783492 0.521073671875 0.29174375 0.521073671875
2 0.186912278125 0.52515221875 0.186912278125 0.7280600625 0.330872334375 0.7280600625 0.330872334375 0.52515221875 0.186912278125 0.52515221875
2 0.5035734296875 0.519940725 0.5035734296875 0.5433923828125 0.5196327171874999 0.5433923828125 0.5196327171874999 0.519940725 0.5035734296875 0.519940725
2 0.5167649890625 0.511783628125 0.5167649890625 0.555628034375 0.55060420625 0.555628034375 0.55060420625 0.511783628125 0.5167649890625 0.511783628125
2 0.5477364734375 0.5291174625 0.5477364734375 0.58519751875 0.5689576781250001 0.58519751875 0.5689576781250001 0.5291174625 0.5477364734375 0.5291174625
2 0.5712518625 0.5138229015625 0.5712518625 0.6076295421875 0.6360625640625 0.6076295421875 0.6360625640625 0.5138229015625 0.5712518625 0.5138229015625
2 0.7393008515624999 0.5231129453125 0.7393008515624999 0.8760207812499999 0.99911720625 0.8760207812499999 0.99911720625 0.5231129453125 0.7393008515624999 0.5231129453125
2 0 0.8974331687499999 0.24178151250000002 0.8974331687499999 0.24178151250000002 0.3203184 0 0.3203184 0 0.8974331687499999
2 0.48866123281249996 0.5190343953125 0.48866123281249996 0.54146641875 0.5024263390625 0.54146641875 0.5024263390625 0.5190343953125 0.48866123281249996 0.5190343953125
2 0.60107625625 0.5293440640625 0.60107625625 0.669034390625 0.723815109375 0.669034390625 0.723815109375 0.5293440640625 0.60107625625 0.5293440640625