2 0.4323212609375 0.463618421875 0.4323212609375 0.4760526328125 0.44331221562499995 0.4760526328125 0.44331221562499995 0.463618421875 0.4323212609375 0.463618421875
2 0.4213303046875 0.46717105625000005 0.4213303046875 0.483157896875 0.430322903125 0.483157896875 0.430322903125 0.46717105625000005 0.4213303046875 0.46717105625000005
2 0.41133853125000003 0.46894737031249994 0.41133853125000003 0.483157896875 0.4203311296875 0.483157896875 0.4203311296875 0.46894737031249994 0.41133853125000003 0.46894737031249994
2 0.39934839843750003 0.47427631875 0.39934839843750003 0.49026316249999996 0.41133853125000003 0.49026316249999996 0.41133853125000003 0.47427631875 0.39934839843750003 0.47427631875
2 0.35650656875000003 0.47782894843749996 0.35650656875000003 0.5311184234375 0.3953516890625 0.5311184234375 0.3953516890625 0.47782894843749996 0.35650656875000003 0.47782894843749996
2 0.2854421484375 0.5009210562499999 0.2854421484375 0.5542105312500001 0.333402675 0.5542105312500001 0.333402675 0.5009210562499999 0.2854421484375 0.5009210562499999
2 0.140561390625 0.4991447375 0.140561390625 0.6678947390625 0.27445119375 0.6678947390625 0.27445119375 0.4991447375 0.140561390625 0.4991447375
2 0.4752859 0.45118421093750005 0.4752859 0.46539473750000004 0.4822801421875 0.46539473750000004 0.4822801421875 0.45118421093750005 0.4752859 0.45118421093750005
2 0.4812809640625 0.4529605296875 0.4812809640625 0.4760526328125 0.48727602968749995 0.4760526328125 0.48727602968749995 0.4529605296875 0.4812809640625 0.4529605296875
2 0.4882752078125 0.4440789515625 0.4882752078125 0.48848684374999995 0.505261228125 0.48848684374999995 0.505261228125 0.4440789515625 0.4882752078125 0.4440789515625
2 0.44930728125 0.45118421093750005 0.44930728125 0.46894737031249994 0.4772842546875 0.46894737031249994 0.4772842546875 0.45118421093750005 0.44930728125 0.45118421093750005
2 0.4992661640625 0.431644740625 0.4992661640625 0.50802631875 0.5512234 0.50802631875 0.5512234 0.431644740625 0.4992661640625 0.431644740625
2 0.396350865625 0.47072368593749997 0.396350865625 0.6394736875 0.505261228125 0.6394736875 0.505261228125 0.47072368593749997 0.396350865625 0.47072368593749997
2 0.5831970828124999 0.4263157921875 0.5831970828124999 0.50802631875 0.6541386953125 0.50802631875 0.6541386953125 0.4263157921875 0.5831970828124999 0.4263157921875
6 0.6561370515625 0.3517105296875 0.6561370515625 0.44763158281250004 0.72408113125 0.44763158281250004 0.72408113125 0.3517105296875 0.6561370515625 0.3517105296875
4 0.8319923156250001 0.3641447390625 0.8319923156250001 0.4156578984375 0.8449816234374999 0.4156578984375 0.8449816234374999 0.3641447390625 0.8319923156250001 0.3641447390625
2 0.7170868875 0.3925657921875 0.7170868875 0.4192105296875 0.7450638609375 0.4192105296875 0.7450638609375 0.3925657921875 0.7170868875 0.3925657921875
2 0.7701661109375 0.37657894999999997 0.7701661109375 0.4103289515625 0.8091340390624999 0.4103289515625 0.8091340390624999 0.37657894999999997 0.7701661109375 0.37657894999999997