2 0.340311434375 0.7421796031250001 0.340311434375 0.7677720031249999 0.349908584375 0.7677720031249999 0.349908584375 0.7421796031250001 0.340311434375 0.7421796031250001
2 0.330714284375 0.7507104046874999 0.330714284375 0.780568203125 0.346309653125 0.780568203125 0.346309653125 0.7507104046874999 0.330714284375 0.7507104046874999
2 0.30312247812500004 0.772037403125 0.30312247812500004 0.799762503125 0.31631855937500003 0.799762503125 0.31631855937500003 0.772037403125 0.30312247812500004 0.772037403125
2 0.312719628125 0.752843103125 0.312719628125 0.772037403125 0.328314996875 0.772037403125 0.328314996875 0.752843103125 0.312719628125 0.752843103125
2 0.321117134375 0.776302803125 0.321117134375 0.797629803125 0.33791214687500004 0.797629803125 0.33791214687500004 0.776302803125 0.321117134375 0.776302803125
2 0.310320340625 0.7890990015625 0.310320340625 0.8189568015625 0.330714284375 0.8189568015625 0.330714284375 0.7890990015625 0.310320340625 0.7890990015625
2 0.48186939687499997 0.7059237015625001 0.48186939687499997 0.720852603125 0.4938658359375 0.720852603125 0.4938658359375 0.7059237015625001 0.48186939687499997 0.7059237015625001
2 0.4974647671875 0.7059237015625001 0.4974647671875 0.720852603125 0.5070619171875 0.720852603125 0.5070619171875 0.7059237015625001 0.4974647671875 0.7059237015625001
2 0.468673315625 0.708056403125 0.468673315625 0.725118003125 0.47947010937499995 0.725118003125 0.47947010937499995 0.708056403125 0.468673315625 0.708056403125
2 0.4734718921875 0.725118003125 0.4734718921875 0.7507104046874999 0.49026690312500004 0.7507104046874999 0.49026690312500004 0.725118003125 0.4734718921875 0.725118003125
2 0.541851584375 0.712321803125 0.541851584375 0.740046903125 0.5562473109375 0.740046903125 0.5562473109375 0.712321803125 0.541851584375 0.712321803125
2 0.5286555046875 0.727250703125 0.5286555046875 0.7485777031249999 0.5454505171874999 0.7485777031249999 0.5454505171874999 0.727250703125 0.5286555046875 0.727250703125
2 0.227544921875 0.772037403125 0.227544921875 0.876539703125 0.31631855937500003 0.876539703125 0.31631855937500003 0.772037403125 0.227544921875 0.772037403125
2 0.34271072187499996 0.708056403125 0.34271072187499996 0.9618477046875 0.49626512343750007 0.9618477046875 0.49626512343750007 0.708056403125 0.34271072187499996 0.708056403125
2 0.0020118953125 0.644075403125 0.0020118953125 0.9917055031249999 0.187956678125 0.9917055031249999 0.187956678125 0.644075403125 0.0020118953125 0.644075403125