2 0.5855911984375 0.51635735625 0.5855911984375 0.5366698546875 0.596138071875 0.5366698546875 0.596138071875 0.51635735625 0.5855911984375 0.51635735625
2 0.597016978125 0.5194823562499999 0.597016978125 0.5366698546875 0.6058060390625 0.5366698546875 0.6058060390625 0.5194823562499999 0.597016978125 0.5194823562499999
2 0.604927134375 0.5194823562499999 0.604927134375 0.5382323546875 0.6137161953125 0.5382323546875 0.6137161953125 0.5194823562499999 0.604927134375 0.5194823562499999
2 0.610200571875 0.522607359375 0.610200571875 0.54135735625 0.6233841640625 0.54135735625 0.6233841640625 0.522607359375 0.610200571875 0.522607359375
2 0.6189896328125 0.522607359375 0.6189896328125 0.54448235625 0.62953650625 0.54448235625 0.62953650625 0.522607359375 0.6189896328125 0.522607359375
2 0.6286576 0.5007323593749999 0.6286576 0.5647948515625 0.655024784375 0.5647948515625 0.655024784375 0.5007323593749999 0.6286576 0.5007323593749999
2 0.6365677546875 0.522607359375 0.6365677546875 0.5741698515625 0.66469275 0.5741698515625 0.66469275 0.522607359375 0.6365677546875 0.522607359375
2 0.6567825953125 0.47573236249999995 0.6567825953125 0.60541984375 0.7270950859374999 0.60541984375 0.7270950859374999 0.47573236249999995 0.6567825953125 0.47573236249999995
2 0.7165482125 0.4788573625 0.7165482125 0.51323235625 0.8211380437500001 0.51323235625 0.8211380437500001 0.4788573625 0.7165482125 0.4788573625
2 0.6655716578125 0.497607359375 0.6655716578125 0.7429198296874999 0.8580521031250001 0.7429198296874999 0.8580521031250001 0.497607359375 0.6655716578125 0.497607359375
2 0.56449745 0.51791985625 0.56449745 0.53823235625 0.5768021359375 0.53823235625 0.5768021359375 0.51791985625 0.56449745 0.51791985625
2 0.5565872953125 0.51791985625 0.5565872953125 0.5351073562499999 0.56449745 0.5351073562499999 0.56449745 0.51791985625 0.5565872953125 0.51791985625
2 0.539888078125 0.5194823562499999 0.539888078125 0.5413573546875 0.5574662 0.5413573546875 0.5574662 0.5194823562499999 0.539888078125 0.5194823562499999
2 0.5328568296875 0.5194823562499999 0.5328568296875 0.5319823546875 0.538130265625 0.5319823546875 0.538130265625 0.5194823562499999 0.5328568296875 0.5194823562499999
2 0.5214310484375 0.51479485625 0.5214310484375 0.5351073546875 0.5319779234374999 0.5351073546875 0.5319779234374999 0.51479485625 0.5214310484375 0.51479485625
2 0.5108841765625 0.511669859375 0.5108841765625 0.52885735625 0.5196732374999999 0.52885735625 0.5196732374999999 0.511669859375 0.5108841765625 0.511669859375
2 0.5038529265625 0.52104485625 0.5038529265625 0.5382323546875 0.5179154234375 0.5382323546875 0.5179154234375 0.52104485625 0.5038529265625 0.52104485625
2 0.47133339999999996 0.51791985625 0.47133339999999996 0.53354485625 0.4827591796875 0.53354485625 0.4827591796875 0.51791985625 0.47133339999999996 0.51791985625
2 0.45727090156249994 0.51479485625 0.45727090156249994 0.53354485625 0.46693886874999996 0.53354485625 0.46693886874999996 0.51479485625 0.45727090156249994 0.51479485625
2 0.43705606250000006 0.510107359375 0.43705606250000006 0.53354485625 0.4599076203125 0.53354485625 0.4599076203125 0.510107359375 0.43705606250000006 0.510107359375
2 0.42035684375000004 0.511669859375 0.42035684375000004 0.53041985625 0.43441934218749995 0.53041985625 0.43441934218749995 0.511669859375 0.42035684375000004 0.511669859375
2 0.374653725 0.506982359375 0.374653725 0.52573235625 0.397505284375 0.52573235625 0.397505284375 0.506982359375 0.374653725 0.506982359375
6 0.33510295 0.5007323593749999 0.33510295 0.5397948546875 0.37201700625 0.5397948546875 0.37201700625 0.5007323593749999 0.33510295 0.5007323593749999
6 0.25336467812499996 0.492919859375 0.25336467812499996 0.5476073515625 0.312251390625 0.5476073515625 0.312251390625 0.492919859375 0.25336467812499996 0.492919859375
2 0.16195843906250001 0.4960448609375 0.16195843906250001 0.5601073515625 0.2533646765625 0.5601073515625 0.2533646765625 0.4960448609375 0.16195843906250001 0.4960448609375