2 0.0031185828125 0.400564528125 0.0031185828125 0.575205115625 0.20270782812500002 0.575205115625 0.20270782812500002 0.400564528125 0.0031185828125 0.400564528125
2 0.562124396875 0.4255131828125 0.562124396875 0.568274934375 0.682189803125 0.568274934375 0.682189803125 0.4255131828125 0.562124396875 0.4255131828125
2 0.3453829515625 0.4241271453125 0.3453829515625 0.4754104953125 0.3867041625 0.4754104953125 0.3867041625 0.4241271453125 0.3453829515625 0.4241271453125
2 0.26897769375 0.42135507343749995 0.26897769375 0.4948150046875 0.3321289796875 0.4948150046875 0.3321289796875 0.42135507343749995 0.26897769375 0.42135507343749995
2 0.48338020468750004 0.42689921875000003 0.48338020468750004 0.44907579999999997 0.49585453125 0.44907579999999997 0.49585453125 0.42689921875000003 0.48338020468750004 0.42689921875000003
2 0.4670076484375 0.43105732812499997 0.4670076484375 0.44907580156250004 0.48182091250000003 0.44907580156250004 0.48182091250000003 0.43105732812499997 0.4670076484375 0.43105732812499997
2 0.4545333203125 0.4296712921875 0.4545333203125 0.44491769375 0.46466871093749995 0.44491769375 0.46466871093749995 0.4296712921875 0.4545333203125 0.4296712921875
2 0.4366014734375 0.4296712921875 0.4366014734375 0.45046184062499994 0.4514147390625 0.45046184062499994 0.4514147390625 0.4296712921875 0.4366014734375 0.4296712921875
2 0.21050428124999998 0.41858300000000004 0.21050428124999998 0.4878848234375 0.27833343906249997 0.4878848234375 0.27833343906249997 0.41858300000000004 0.21050428124999998 0.41858300000000004
2 0.32823075 0.4296712921875 0.32823075 0.4698663484375 0.3547386984375 0.4698663484375 0.3547386984375 0.4296712921875 0.32823075 0.4296712921875
2 0.3820262890625 0.42135507343749995 0.3820262890625 0.467094275 0.41165281875000004 0.467094275 0.41165281875000004 0.42135507343749995 0.3820262890625 0.42135507343749995
2 0.40931388281250003 0.422741109375 0.40931388281250003 0.4560059859375 0.42880501875 0.4560059859375 0.42880501875 0.422741109375 0.40931388281250003 0.422741109375
2 0.4280253734375 0.42689921875000003 0.4280253734375 0.4504618390625 0.4397200578125 0.4504618390625 0.4397200578125 0.42689921875000003 0.4280253734375 0.42689921875000003
6 0.3523997609375 0.407494709375 0.3523997609375 0.42828525624999997 0.38124664531249997 0.42828525624999997 0.38124664531249997 0.407494709375 0.3523997609375 0.407494709375
1 0.4366014734375 0.4171969640625 0.4366014734375 0.43521543749999997 0.4506350921875 0.43521543749999997 0.4506350921875 0.4171969640625 0.4366014734375 0.4171969640625
2 0.959743596875 0.44907580156250004 0.959743596875 0.51560555 0.9987258718750001 0.51560555 0.9987258718750001 0.44907580156250004 0.959743596875 0.44907580156250004
2 0.8069330812500001 0.42828525624999997 0.8069330812500001 0.49204293125 0.875541884375 0.49204293125 0.875541884375 0.42828525624999997 0.8069330812500001 0.42828525624999997
2 0.756256125 0.42828525624999997 0.756256125 0.49342896875 0.8139498921874999 0.49342896875 0.8139498921874999 0.42828525624999997 0.756256125 0.42828525624999997
2 0.7258499515625 0.43105732812499997 0.7258499515625 0.48372671250000004 0.7734083265625 0.48372671250000004 0.7734083265625 0.43105732812499997 0.7258499515625 0.43105732812499997
2 0.6845287390625 0.432443365625 0.6845287390625 0.4684803125 0.7079181046875 0.4684803125 0.7079181046875 0.432443365625 0.6845287390625 0.432443365625
2 0.66425795625 0.43105732812499997 0.66425795625 0.46986635000000004 0.6853083859375 0.46986635000000004 0.6853083859375 0.43105732812499997 0.66425795625 0.43105732812499997