2 0.5360743578125 0.43572505 0.5360743578125 0.472431996875 0.552133646875 0.472431996875 0.552133646875 0.43572505 0.5360743578125 0.43572505
2 0.520779803125 0.43681265625 0.520779803125 0.4796374265625 0.5391332765625 0.4796374265625 0.5391332765625 0.43681265625 0.520779803125 0.43681265625
2 0.494396684375 0.42661628125 0.494396684375 0.4898338015625 0.5299565390625001 0.4898338015625 0.5299565390625001 0.42661628125 0.494396684375 0.42661628125
2 0.4955437765625 0.44089120625 0.4955437765625 0.500030175 0.519632709375 0.500030175 0.519632709375 0.44089120625 0.4955437765625 0.44089120625
2 0.4703077515625 0.42865555625 0.4703077515625 0.5183836484375 0.50930888125 0.5183836484375 0.50930888125 0.42865555625 0.4703077515625 0.42865555625
2 0.5540454734375 0.45516612968750003 0.5540454734375 0.471480328125 0.563222209375 0.471480328125 0.563222209375 0.45516612968750003 0.5540454734375 0.45516612968750003
2 0.633194825 0.43069483125 0.633194825 0.50206945 0.6825197843749999 0.50206945 0.6825197843749999 0.43069483125 0.633194825 0.43069483125
2 0.6526953921875001 0.44700903125 0.6526953921875001 0.51022655 0.70660871875 0.51022655 0.70660871875 0.44700903125 0.6526953921875001 0.44700903125
2 0.6951377984375 0.45720540468750004 0.6951377984375 0.55305131875 0.7742871515624999 0.55305131875 0.7742871515624999 0.45720540468750004 0.6951377984375 0.45720540468750004
2 0.7598337828124999 0.42661628125 0.7598337828124999 0.6285044875 0.9697516328125 0.6285044875 0.9697516328125 0.42661628125 0.7598337828124999 0.42661628125
2 0.5878846890625 0.44762081875000004 0.5878846890625 0.4761706671875 0.6027968875 0.4761706671875 0.6027968875 0.44762081875000004 0.5878846890625 0.44762081875000004
2 0.1502690625 0.4231495203125 0.1502690625 0.6699017734375 0.400335134375 0.6699017734375 0.400335134375 0.4231495203125 0.1502690625 0.4231495203125
2 0 0.8233629953125 0.2682109953125 0.8233629953125 0.2682109953125 0.45425425625000004 0 0.45425425625000004 0 0.8233629953125
2 0.9025529125 0.45833280624999995 0.9025529125 0.6663388343750001 0.9989086468749999 0.6663388343750001 0.9989086468749999 0.45833280624999995 0.9025529125 0.45833280624999995
2 0.39345258125 0.4135649359375 0.39345258125 0.552235621875 0.4875141328125 0.552235621875 0.4875141328125 0.4135649359375 0.39345258125 0.4135649359375
2 0.5602397625 0.4421147828125 0.5602397625 0.4849395546875 0.59006415625 0.4849395546875 0.59006415625 0.4421147828125 0.5602397625 0.4421147828125
2 0.5987820640625 0.44966009375000004 0.5987820640625 0.4802492140625 0.610252984375 0.4802492140625 0.610252984375 0.44966009375000004 0.5987820640625 0.44966009375000004
2 0.6033704328125 0.44354226875 0.6033704328125 0.48024921562499995 0.627459365625 0.48024921562499995 0.627459365625 0.44354226875 0.6033704328125 0.44354226875
2 0.619429721875 0.44762081875000004 0.619429721875 0.488406315625 0.6389302859375 0.488406315625 0.6389302859375 0.44762081875000004 0.619429721875 0.44762081875000004