2 0.3411827453125 0.4904366578125 0.3411827453125 0.6065471046875001 0.4172177578125 0.6065471046875001 0.4172177578125 0.4904366578125 0.3411827453125 0.4904366578125
2 0.3138881265625 0.5337614515625 0.3138881265625 0.6048141125 0.3411827453125 0.6048141125 0.3411827453125 0.5337614515625 0.3138881265625 0.5337614515625
2 0.296341584375 0.5389604265625 0.296341584375 0.592683171875 0.3138881265625 0.592683171875 0.3138881265625 0.5389604265625 0.296341584375 0.5389604265625
2 0.28171946718749996 0.5389604265625 0.28171946718749996 0.5822852187499999 0.29439197031250003 0.5822852187499999 0.29439197031250003 0.5389604265625 0.28171946718749996 0.5389604265625
2 0.265147734375 0.5441594015625 0.265147734375 0.57708624375 0.282694275 0.57708624375 0.282694275 0.5441594015625 0.265147734375 0.5441594015625
2 0.25247523125 0.54069341875 0.25247523125 0.570154278125 0.2680721578125 0.570154278125 0.2680721578125 0.54069341875 0.25247523125 0.54069341875
2 0.2407775375 0.5337614515625 0.2407775375 0.5510913687500001 0.2505256171875 0.5510913687500001 0.2505256171875 0.5337614515625 0.2407775375 0.5337614515625
2 0.0019496156250000001 0.56668829375 0.0019496156250000001 0.6308089890625 0.017546540625000003 0.6308089890625 0.017546540625000003 0.56668829375 0.0019496156250000001 0.56668829375
2 0.018521348437499998 0.570154278125 0.018521348437499998 0.6273430046875 0.03801750625 0.6273430046875 0.03801750625 0.570154278125 0.018521348437499998 0.570154278125
2 0.0370426984375 0.559756328125 0.0370426984375 0.6204110375 0.057513664062500004 0.6204110375 0.057513664062500004 0.559756328125 0.0370426984375 0.559756328125
2 0.055564046874999995 0.56148931875 0.055564046874999995 0.6048141125 0.074085396875 0.6048141125 0.074085396875 0.56148931875 0.055564046874999995 0.56148931875
2 0.0731105875 0.564955303125 0.0731105875 0.6048141125 0.09748078437499999 0.6048141125 0.09748078437499999 0.564955303125 0.0731105875 0.564955303125
2 0.10235482343749999 0.564955303125 0.10235482343749999 0.5996151375000001 0.1325738671875 0.5996151375000001 0.1325738671875 0.564955303125 0.10235482343749999 0.564955303125
2 0.12964944375 0.55629034375 0.12964944375 0.5857512015624999 0.15596925625 0.5857512015624999 0.15596925625 0.55629034375 0.12964944375 0.55629034375
2 0.15694406249999998 0.55629034375 0.15694406249999998 0.5718872687500001 0.17156618125 0.5718872687500001 0.17156618125 0.55629034375 0.15694406249999998 0.55629034375
2 0.169616565625 0.5510913687500001 0.169616565625 0.564955303125 0.185213490625 0.564955303125 0.185213490625 0.5510913687500001 0.169616565625 0.5510913687500001