2 0.3383715734375 0.4794712828125 0.3383715734375 0.5032748218750001 0.351761065625 0.5032748218750001 0.351761065625 0.4794712828125 0.3383715734375 0.4794712828125
2 0.3307204359375 0.4794712828125 0.3307204359375 0.5134763390625 0.34219714218749997 0.5134763390625 0.34219714218749997 0.4794712828125 0.3307204359375 0.4794712828125
2 0.3412407515625 0.48287178906249995 0.3412407515625 0.5134763390625 0.355586634375 0.5134763390625 0.355586634375 0.48287178906249995 0.3412407515625 0.48287178906249995
2 0.31159259375000004 0.474370525 0.31159259375000004 0.51687684375 0.3345460046875 0.51687684375 0.3345460046875 0.474370525 0.31159259375000004 0.474370525
2 0.295333925 0.474370525 0.295333925 0.5287786140625 0.324025690625 0.5287786140625 0.324025690625 0.474370525 0.295333925 0.474370525
2 0.258034615625 0.48287178906249995 0.258034615625 0.5117760859375 0.277162459375 0.5117760859375 0.277162459375 0.48287178906249995 0.258034615625 0.48287178906249995
2 0.3412407359375 0.48117153593750006 0.3412407359375 0.5661841796875 0.3833219921875 0.5661841796875 0.3833219921875 0.48117153593750006 0.3412407359375 0.48117153593750006
2 0.523385625 0.4883976109375 0.523385625 0.513901403125 0.5664232734375 0.513901403125 0.5664232734375 0.4883976109375 0.523385625 0.4883976109375
2 0.46600209374999996 0.49859912812499996 0.46600209374999996 0.5785110078125 0.51956005625 0.5785110078125 0.51956005625 0.49859912812499996 0.46600209374999996 0.49859912812499996
2 0.168325025 0.476637546875 0.168325025 0.525944878125 0.21136267343749998 0.525944878125 0.21136267343749998 0.476637546875 0.168325025 0.476637546875
2 0.2086847796875 0.476070778125 0.2086847796875 0.53217911875 0.25937356562499997 0.53217911875 0.25937356562499997 0.476070778125 0.2086847796875 0.476070778125
2 0.2622427421875 0.476070778125 0.2622427421875 0.5474813984375 0.3167570984375 0.5474813984375 0.3167570984375 0.476070778125 0.2622427421875 0.476070778125
2 0.3601773046875 0.46892972187500004 0.3601773046875 0.640655253125 0.4825955046875 0.640655253125 0.4825955046875 0.46892972187500004 0.3601773046875 0.46892972187500004