2 0.42888009374999997 0.4703777765625 0.42888009374999997 0.493302325 0.45467021250000006 0.493302325 0.45467021250000006 0.4703777765625 0.42888009374999997 0.4703777765625
2 0.461834134375 0.4627362578125 0.461834134375 0.483113634375 0.47472919375 0.483113634375 0.47472919375 0.4627362578125 0.461834134375 0.4627362578125
2 0.4775947609375 0.46528343124999993 0.4775947609375 0.48820797968749996 0.4919226046875 0.48820797968749996 0.4919226046875 0.46528343124999993 0.4775947609375 0.46528343124999993
2 0.49478817187499996 0.4678306046875 0.49478817187499996 0.493302325 0.5076832328124999 0.493302325 0.5076832328124999 0.4678306046875 0.49478817187499996 0.4678306046875
2 0.500519309375 0.4678306046875 0.500519309375 0.49839666875 0.523443859375 0.49839666875 0.523443859375 0.4678306046875 0.500519309375 0.4678306046875
2 0.450371859375 0.4729249484375 0.450371859375 0.49839666875 0.4704308390625 0.49839666875 0.4704308390625 0.4729249484375 0.450371859375 0.4729249484375
2 0.39735883906249997 0.47547211875000006 0.39735883906249997 0.5136797 0.414552253125 0.5136797 0.414552253125 0.47547211875000006 0.39735883906249997 0.47547211875000006
2 0.5162799375 0.4703777765625 0.5162799375 0.5289627375 0.5549651140625 0.5289627375 0.5549651140625 0.4703777765625 0.5162799375 0.4703777765625
2 0.587919153125 0.478019290625 0.587919153125 0.544245765625 0.6352010359375 0.544245765625 0.6352010359375 0.478019290625 0.587919153125 0.478019290625
2 0.6194404078125 0.4805664625 0.6194404078125 0.56207596875 0.6738862109375 0.56207596875 0.6738862109375 0.4805664625 0.6194404078125 0.4805664625
2 0.8100007218749999 0.4550947390625 0.8100007218749999 0.5391514203125001 0.8931022109375 0.5391514203125001 0.8931022109375 0.4550947390625 0.8100007218749999 0.4550947390625
2 0.42888009374999997 0.48311363749999997 0.42888009374999997 0.5264155625 0.45753577968750003 0.5264155625 0.45753577968750003 0.48311363749999997 0.42888009374999997 0.48311363749999997
2 0.3858965671875 0.48311363749999997 0.3858965671875 0.5289627343750001 0.4102539 0.5289627343750001 0.4102539 0.48311363749999997 0.3858965671875 0.48311363749999997
2 0.3371818984375 0.4729249484375 0.3371818984375 0.5493401109375 0.3887621328125 0.5493401109375 0.3887621328125 0.4729249484375 0.3371818984375 0.4729249484375
2 0.40452276249999997 0.4805664625 0.40452276249999997 0.544245765625 0.45037186093750003 0.544245765625 0.45037186093750003 0.4805664625 0.40452276249999997 0.4805664625
2 0.46326691875000003 0.4805664625 0.46326691875000003 0.5340570765625 0.500519309375 0.5340570765625 0.500519309375 0.4805664625 0.46326691875000003 0.4805664625
2 0.550666759375 0.478019290625 0.550666759375 0.544245765625 0.596515859375 0.544245765625 0.596515859375 0.478019290625 0.550666759375 0.478019290625
2 0.6480960921875 0.4678306046875 0.6480960921875 0.5722646609375001 0.7440926421875 0.5722646609375001 0.7440926421875 0.4678306046875 0.6480960921875 0.4678306046875
2 0.25551319375000003 0.49160421562499995 0.25551319375000003 0.557830690625 0.3285851921875 0.557830690625 0.3285851921875 0.49160421562499995 0.25551319375000003 0.49160421562499995
2 0.181008409375 0.4983966671875 0.181008409375 0.579906175 0.2741393890625 0.579906175 0.2741393890625 0.4983966671875 0.181008409375 0.4983966671875
2 0.077847940625 0.5187740437499999 0.077847940625 0.5951892062499999 0.1853067625 0.5951892062499999 0.1853067625 0.5187740437499999 0.077847940625 0.5187740437499999
4 0.2153952328125 0.4805664625 0.2153952328125 0.6002835515625 0.27270660625 0.6002835515625 0.27270660625 0.4805664625 0.2153952328125 0.4805664625
4 0.268408253125 0.41943433125 0.268408253125 0.73528366875 0.3371818984375 0.73528366875 0.3371818984375 0.41943433125 0.268408253125 0.41943433125
2 0 0.8499064171875 0.21252966562500003 0.8499064171875 0.21252966562500003 0.444906053125 0 0.444906053125 0 0.8499064171875
2 0.8243285625000001 0.5824533453125 0.8243285625000001 0.9645291578125 0.9991282484375 0.9645291578125 0.9991282484375 0.5824533453125 0.8243285625000001 0.5824533453125