2 0.30621238125 0.5617742671875 0.30621238125 0.5879033015624999 0.3282587546875 0.5879033015624999 0.3282587546875 0.5617742671875 0.30621238125 0.5617742671875
2 0.297638790625 0.57048394375 0.297638790625 0.5966129812500001 0.3147859703125 0.5966129812500001 0.3147859703125 0.57048394375 0.297638790625 0.57048394375
2 0.2706932234375 0.57048394375 0.2706932234375 0.6053226578124999 0.3000883890625 0.6053226578124999 0.3000883890625 0.57048394375 0.2706932234375 0.57048394375
2 0.2070037015625 0.5944355609375 0.2070037015625 0.63145169375 0.2474220515625 0.63145169375 0.2474220515625 0.5944355609375 0.2070037015625 0.5944355609375
2 0.172709340625 0.5987904000000001 0.172709340625 0.6488710515625 0.219251684375 0.6488710515625 0.219251684375 0.5987904000000001 0.172709340625 0.5987904000000001
4 0.1433141765625 0.6009678187499999 0.1433141765625 0.6619355687499999 0.16046135625 0.6619355687499999 0.16046135625 0.6009678187499999 0.1433141765625 0.6009678187499999
4 0.5376993062500001 0.507338775 0.5376993062500001 0.5595968453125 0.5523968890625001 0.5595968453125 0.5523968890625001 0.507338775 0.5376993062500001 0.507338775
4 0.525451321875 0.5160484546874999 0.525451321875 0.55088716875 0.5352497109375001 0.55088716875 0.5352497109375001 0.5160484546874999 0.525451321875 0.5160484546874999
4 0.5915904421875 0.48991941875 0.5915904421875 0.61185491875 0.6185360109375 0.61185491875 0.6185360109375 0.48991941875 0.5915904421875 0.48991941875
4 0.5732184640625 0.5029839359375 0.5732184640625 0.6140323375000001 0.5952648375 0.6140323375000001 0.5952648375 0.5029839359375 0.5732184640625 0.5029839359375
2 0.5548464859375 0.5138710328125 0.5548464859375 0.5617742671875 0.571993665625 0.5617742671875 0.571993665625 0.5138710328125 0.5548464859375 0.5138710328125
2 0.436041028125 0.53564523125 0.436041028125 0.5574194265625 0.4825833734375 0.5574194265625 0.4825833734375 0.53564523125 0.436041028125 0.53564523125
2 0.37970029375 0.548709746875 0.37970029375 0.5617742671875 0.39072348125 0.5617742671875 0.39072348125 0.548709746875 0.37970029375 0.548709746875
2 0.3968474734375 0.5465323296875 0.3968474734375 0.5661291046875 0.40787066093749996 0.5661291046875 0.40787066093749996 0.5465323296875 0.3968474734375 0.5465323296875
2 0.2510964484375 0.5530645875 0.2510964484375 0.9972581937499999 0.6405823859375 0.9972581937499999 0.6405823859375 0.5530645875 0.2510964484375 0.5530645875