2 0.448279371875 0.5246442 0.448279371875 0.5417058 0.457876521875 0.5417058 0.457876521875 0.5246442 0.448279371875 0.5246442
2 0.46027581093750003 0.5246442 0.46027581093750003 0.5481039 0.4710726046875 0.5481039 0.4710726046875 0.5246442 0.46027581093750003 0.5246442
2 0.47227224687499997 0.5289096015625 0.47227224687499997 0.5438385015625 0.4878676171875 0.5438385015625 0.4878676171875 0.5289096015625 0.47227224687499997 0.5289096015625
2 0.467473671875 0.5481039 0.467473671875 0.5672982015625 0.4878676171875 0.5672982015625 0.4878676171875 0.5481039 0.467473671875 0.5481039
2 0.449479015625 0.5459712015625 0.449479015625 0.575829003125 0.465074384375 0.575829003125 0.465074384375 0.5459712015625 0.449479015625 0.5459712015625
2 0.40869112812499997 0.5545020015625 0.40869112812499997 0.5800944015625 0.4242864984375 0.5800944015625 0.4242864984375 0.5545020015625 0.40869112812499997 0.5545020015625
2 0.41948792187499995 0.5459712015625 0.41948792187499995 0.5907579015625 0.449479015625 0.5907579015625 0.449479015625 0.5459712015625 0.41948792187499995 0.5459712015625
2 0.44108151093750003 0.5118480015625 0.44108151093750003 0.531042303125 0.4482793734375 0.531042303125 0.4482793734375 0.5118480015625 0.44108151093750003 0.5118480015625
2 0.42548614218749997 0.5331750015625001 0.42548614218749997 0.5545020015625 0.4446804421875 0.5545020015625 0.4446804421875 0.5331750015625001 0.42548614218749997 0.5331750015625001
2 0.48546832812499996 0.5459712015625 0.48546832812499996 0.5672982015625 0.49866441093749997 0.5672982015625 0.49866441093749997 0.5459712015625 0.48546832812499996 0.5459712015625
2 0.495065478125 0.5331750015625001 0.495065478125 0.5800944015625 0.52385693125 0.5800944015625 0.52385693125 0.5331750015625001 0.495065478125 0.5331750015625001
2 0.3978943359375 0.5246442 0.3978943359375 0.5417058 0.40989077187499995 0.5417058 0.40989077187499995 0.5246442 0.3978943359375 0.5246442
2 0.381099321875 0.5246442 0.381099321875 0.5459712 0.395495046875 0.5459712 0.395495046875 0.5246442 0.381099321875 0.5246442
2 0.4122900609375 0.5289096015625 0.4122900609375 0.5438385015625 0.42308685468749996 0.5438385015625 0.42308685468749996 0.5289096015625 0.4122900609375 0.5289096015625
2 0.3834986109375 0.5566347015625001 0.3834986109375 0.5800944015625 0.4038925546875 0.5800944015625 0.4038925546875 0.5566347015625001 0.3834986109375 0.5566347015625001
2 0.358306090625 0.5609001015625 0.358306090625 0.5886252015625 0.378700034375 0.5886252015625 0.378700034375 0.5609001015625 0.358306090625 0.5609001015625
2 0.3439103640625 0.5587674 0.3439103640625 0.5864925000000001 0.3595057359375 0.5864925000000001 0.3595057359375 0.5587674 0.3439103640625 0.5587674
2 0.318717846875 0.5587674 0.318717846875 0.5928905999999999 0.34151107812500003 0.5928905999999999 0.34151107812500003 0.5587674 0.318717846875 0.5587674
2 0.2875271109375 0.5672982015625 0.2875271109375 0.609952203125 0.3115199875 0.609952203125 0.3115199875 0.5672982015625 0.2875271109375 0.5672982015625
2 0.0001812703125 0.6142176015625 0.0001812703125 0.6867294046875 0.0859869578125 0.6867294046875 0.0859869578125 0.6142176015625 0.0001812703125 0.6142176015625
2 0.133972709375 0.5886252015625 0.133972709375 0.7720374015625 0.3271153515625 0.7720374015625 0.3271153515625 0.5886252015625 0.133972709375 0.5886252015625
2 0.547849803125 0.5246442 0.547849803125 0.6227484015625 0.6594166734375 0.6227484015625 0.6594166734375 0.5246442 0.547849803125 0.5246442
2 0.870553975 0.4777248015625 0.870553975 0.5225115015624999 0.9209390109375001 0.5225115015624999 0.9209390109375001 0.4777248015625 0.870553975 0.4777248015625
4 0.838163590625 0.44786700156250003 0.838163590625 0.569430903125 0.8777518375 0.569430903125 0.8777518375 0.44786700156250003 0.838163590625 0.44786700156250003
2 0.77578211875 0.43933619999999995 0.77578211875 0.9618477015625 0.9989158546875 0.9618477015625 0.9989158546875 0.43933619999999995 0.77578211875 0.43933619999999995