2 0.4982328359375 0.5603778609375001 0.4982328359375 0.6036797875000001 0.5168590328125 0.6036797875000001 0.5168590328125 0.5603778609375001 0.4982328359375 0.5603778609375001
2 0.5225901703125 0.5603778609375001 0.5225901703125 0.61641565 0.5727376203125 0.61641565 0.5727376203125 0.5603778609375001 0.5225901703125 0.5603778609375001
2 0.569872053125 0.5400004843749999 0.569872053125 0.672453434375 0.687360365625 0.672453434375 0.687360365625 0.5400004843749999 0.569872053125 0.5400004843749999
2 0.6916587187500001 0.5170759359375 0.6916587187500001 0.843113965625 0.996841775 0.843113965625 0.996841775 0.5170759359375 0.6916587187500001 0.5170759359375
2 0.4251608375 0.557830690625 0.4251608375 0.63169868125 0.476741071875 0.63169868125 0.476741071875 0.557830690625 0.4251608375 0.557830690625
2 0.3950723671875 0.5756608937500001 0.3950723671875 0.606226959375 0.420862484375 0.606226959375 0.420862484375 0.5756608937500001 0.3950723671875 0.5756608937500001
2 0.36641668125 0.5807552390625 0.36641668125 0.6215099921875 0.3922067984375 0.6215099921875 0.3922067984375 0.5807552390625 0.36641668125 0.5807552390625
2 0.330597071875 0.5807552390625 0.330597071875 0.6291515078125001 0.36641668125 0.6291515078125001 0.36641668125 0.5807552390625 0.330597071875 0.5807552390625
2 0.3119708765625 0.57056655 0.3119708765625 0.639340196875 0.3434921328125 0.639340196875 0.3434921328125 0.57056655 0.3119708765625 0.57056655
2 0.2732857015625 0.5782080671875 0.2732857015625 0.6469817124999999 0.3205675828125 0.6469817124999999 0.3205675828125 0.5782080671875 0.2732857015625 0.5782080671875
2 0.23746609218749998 0.5858495828125 0.23746609218749998 0.67500060625 0.29621025 0.67500060625 0.29621025 0.5858495828125 0.23746609218749998 0.5858495828125
2 0.11567942812500001 0.5450948296875 0.11567942812500001 0.7055666703125001 0.2403316625 0.7055666703125001 0.2403316625 0.5450948296875 0.11567942812500001 0.5450948296875
2 0.0024894671875 0.5629250328125 0.0024894671875 0.7870761796875 0.13430562343750002 0.7870761796875 0.13430562343750002 0.5629250328125 0.0024894671875 0.5629250328125