2 0.75030901875 0.46625174999999996 0.75030901875 0.9819818218749999 0.9994969890625001 0.9819818218749999 0.9994969890625001 0.46625174999999996 0.75030901875 0.46625174999999996
2 0.2653900265625 0.6103528015624999 0.2653900265625 0.7544538484375 0.3976406625 0.7544538484375 0.3976406625 0.6103528015624999 0.2653900265625 0.6103528015624999
2 0.44314625625000004 0.558280859375 0.44314625625000004 0.789847090625 0.5881953375 0.789847090625 0.5881953375 0.558280859375 0.44314625625000004 0.558280859375
2 0.64792143125 0.5901280921875001 0.64792143125 0.7443414953125 0.775905915625 0.7443414953125 0.775905915625 0.5901280921875001 0.64792143125 0.5901280921875001
2 0.6038378875 0.544622496875 0.6038378875 0.693779721875 0.693427025 0.693779721875 0.693427025 0.544622496875 0.6038378875 0.544622496875
2 0.34559118906249997 0.602768534375 0.34559118906249997 0.693779721875 0.4104391109375 0.693779721875 0.4104391109375 0.602768534375 0.34559118906249997 0.602768534375
2 0.3976406625 0.602768534375 0.3976406625 0.665970746875 0.43319190625 0.665970746875 0.43319190625 0.602768534375 0.3976406625 0.602768534375
2 0.42181550625 0.6002404453125 0.42181550625 0.6482741296875 0.4587888015625 0.6482741296875 0.4587888015625 0.6002404453125 0.42181550625 0.6002404453125
2 0.5867732875 0.5901280921875001 0.5867732875 0.663442659375 0.610948134375 0.663442659375 0.610948134375 0.5901280921875001 0.5867732875 0.5901280921875001
2 0.576818940625 0.572431471875 0.576818940625 0.6609145703125 0.6152142859375 0.6609145703125 0.6152142859375 0.572431471875 0.576818940625 0.572431471875
2 0.5640204921875 0.5850719140625 0.5640204921875 0.6154089765624999 0.5881953390625 0.6154089765624999 0.5881953390625 0.5850719140625 0.5640204921875 0.5850719140625