2 0.4352403515625 0.5542019625 0.4352403515625 0.572158434375 0.4563596078125 0.572158434375 0.4563596078125 0.5542019625 0.4352403515625 0.5542019625
2 0.4260580640625 0.563996403125 0.4260580640625 0.5917473078125 0.4407497203125 0.5917473078125 0.4407497203125 0.563996403125 0.4260580640625 0.563996403125
2 0.5022710359375 0.5599153859375 0.5022710359375 0.5729746359375001 0.5160444640625 0.5729746359375001 0.5160444640625 0.5599153859375 0.5022710359375 0.5599153859375
2 0.4995163515625 0.569709825 0.4995163515625 0.58766629375 0.5160444640625 0.58766629375 0.5160444640625 0.569709825 0.4995163515625 0.569709825
2 0.5142080078125 0.563180196875 0.5142080078125 0.5990931374999999 0.5426730937500001 0.5990931374999999 0.5426730937500001 0.563180196875 0.5142080078125 0.563180196875
2 0.5390001796874999 0.5599153859375 0.5390001796874999 0.612152390625 0.5619558921875 0.612152390625 0.5619558921875 0.5599153859375 0.5390001796874999 0.5599153859375
2 0.554610065625 0.5435913218749999 0.554610065625 0.6252116421875 0.6179678375 0.6252116421875 0.6179678375 0.5435913218749999 0.554610065625 0.5435913218749999
2 0.58123869375 0.56807741875 0.58123869375 0.64153570625 0.6363324109375 0.64153570625 0.6363324109375 0.56807741875 0.58123869375 0.56807741875
2 0.743397896875 0.57623945 0.743397896875 0.6317412671875 0.8150197265625 0.6317412671875 0.8150197265625 0.57623945 0.743397896875 0.57623945
6 0.3445193625 0.4472793453125 0.3445193625 0.6317412671875 0.42807816406250004 0.6317412671875 0.42807816406250004 0.4472793453125 0.3445193625 0.4472793453125
2 0.30117897656250003 0.5612213171875 0.30117897656250003 0.66406291875 0.3930018328125 0.66406291875 0.3930018328125 0.5612213171875 0.30117897656250003 0.5612213171875
2 0.43744410624999996 0.556324096875 0.43744410624999996 0.6118259109374999 0.5017201078125 0.6118259109374999 0.5017201078125 0.556324096875 0.43744410624999996 0.556324096875
2 0.6229262671875 0.541632440625 0.6229262671875 0.6901814203125001 0.7432142125000001 0.6901814203125001 0.7432142125000001 0.541632440625 0.6229262671875 0.541632440625