2 0.43523441875 0.4116667109375 0.43523441875 0.43791671406250005 0.45000004374999997 0.43791671406250005 0.45000004374999997 0.4116667109375 0.43523441875 0.4116667109375
2 0.4211719171875 0.40666671093750006 0.4211719171875 0.450416715625 0.43945316874999996 0.450416715625 0.43945316874999996 0.40666671093750006 0.4211719171875 0.40666671093750006
2 0.4176562921875 0.42041671249999996 0.4176562921875 0.45291671562499997 0.43031254375000005 0.45291671562499997 0.43031254375000005 0.42041671249999996 0.4176562921875 0.42041671249999996
2 0.3895312890625 0.4104167109375 0.3895312890625 0.4679167171875 0.4218750421875 0.4679167171875 0.4218750421875 0.4104167109375 0.3895312890625 0.4104167109375
2 0.33829983750000003 0.42875004375000003 0.33829983750000003 0.4950000515625 0.39595609375 0.4950000515625 0.39595609375 0.42875004375000003 0.33829983750000003 0.42875004375000003
2 0.25462795312500003 0.42875004375000003 0.25462795312500003 0.55375005625 0.3411123359375 0.55375005625 0.3411123359375 0.42875004375000003 0.25462795312500003 0.42875004375000003
2 0.47882817343750006 0.40791670625 0.47882817343750006 0.42666670937499995 0.4872656734375 0.42666670937499995 0.4872656734375 0.40791670625 0.47882817343750006 0.40791670625
2 0.48585942343750005 0.41041670625000004 0.48585942343750005 0.4391667109375 0.4964063 0.4391667109375 0.4964063 0.41041670625000004 0.48585942343750005 0.41041670625000004
2 0.49781255 0.4154167078125 0.49781255 0.4591667140625 0.5231250515625 0.4591667140625 0.5231250515625 0.4154167078125 0.49781255 0.4154167078125
2 0.51759673125 0.42375004374999997 0.51759673125 0.46750004843750004 0.5422061078125 0.46750004843750004 0.5422061078125 0.42375004374999997 0.51759673125 0.42375004374999997
2 0.531914115625 0.39250003906250003 0.531914115625 0.50625005 0.6057422484375 0.50625005 0.6057422484375 0.39250003906250003 0.531914115625 0.39250003906250003
2 0.5850137906249999 0.3669092171875 0.5850137906249999 0.5969092390624999 0.7361856812500001 0.5969092390624999 0.7361856812500001 0.3669092171875 0.5850137906249999 0.3669092171875
2 0.0000137328125 0.4144092203125 0.0000137328125 0.7206592515625 0.2798575125 0.7206592515625 0.2798575125 0.4144092203125 0.0000137328125 0.4144092203125
2 0.6637500671875001 0.41125004218749994 0.6637500671875001 0.776250078125 0.9984376015624999 0.776250078125 0.9984376015624999 0.41125004218749994 0.6637500671875001 0.41125004218749994