2 0.21357407187500002 0.421874690625 0.21357407187500002 0.520312121875 0.303222446875 0.520312121875 0.303222446875 0.421874690625 0.21357407187500002 0.421874690625
2 0.2860837875 0.41718719687499994 0.2860837875 0.4968746390625 0.35332006875 0.4968746390625 0.35332006875 0.41718719687499994 0.2860837875 0.41718719687499994
2 0.35332006875 0.421874690625 0.35332006875 0.4781246546875 0.38232395625 0.4781246546875 0.38232395625 0.421874690625 0.35332006875 0.421874690625
2 0.384960671875 0.42421844062499997 0.384960671875 0.46874965937499996 0.4073727671875 0.46874965937499996 0.4073727671875 0.42421844062499997 0.384960671875 0.42421844062499997
2 0.4100094828125 0.4289059375 0.4100094828125 0.46640591093749995 0.42714814375000004 0.46640591093749995 0.42714814375000004 0.4289059375 0.4100094828125 0.4289059375
2 0.4271481453125 0.421874690625 0.4271481453125 0.454687171875 0.440331728125 0.454687171875 0.440331728125 0.421874690625 0.4271481453125 0.421874690625
2 0.44428680312499996 0.421874690625 0.44428680312499996 0.449999671875 0.4535153125 0.449999671875 0.4535153125 0.421874690625 0.44428680312499996 0.421874690625
2 0.4535153125 0.421874690625 0.4535153125 0.44765592656250003 0.465380540625 0.44765592656250003 0.465380540625 0.421874690625 0.4535153125 0.421874690625
6 0.49306606718749996 0.3562497375 0.49306606718749996 0.499218390625 0.5537105578125 0.499218390625 0.5537105578125 0.3562497375 0.49306606718749996 0.3562497375
2 0.5800777265625 0.42689701874999997 0.5800777265625 0.527678196875 0.6486323640625 0.527678196875 0.6486323640625 0.42689701874999997 0.5800777265625 0.42689701874999997
2 0.5584189796875 0.421874690625 0.5584189796875 0.4968746390625 0.604561525 0.4968746390625 0.604561525 0.421874690625 0.5584189796875 0.421874690625
2 0.553145546875 0.421874690625 0.553145546875 0.47109341093749996 0.5676474890625001 0.47109341093749996 0.5676474890625001 0.421874690625 0.553145546875 0.421874690625
2 0.95423648125 0.4986736921875 0.95423648125 0.581326790625 0.9984734453125 0.581326790625 0.9984734453125 0.4986736921875 0.95423648125 0.4986736921875