2 0.2183951640625 0.7448012687500001 0.2183951640625 0.830008359375 0.2962797703125 0.830008359375 0.2962797703125 0.7448012687500001 0.2183951640625 0.7448012687500001
2 0.291786428125 0.6729077859375 0.291786428125 0.8779373484375 0.39962664999999997 0.8779373484375 0.39962664999999997 0.6729077859375 0.291786428125 0.6729077859375
2 0 0.9391799421875 0.18769065625 0.9391799421875 0.18769065625 0.6436178453125 0 0.6436178453125 0 0.9391799421875
2 0.3419620875 0.7061918046875 0.3419620875 0.9311917781249999 0.5389202734375 0.9311917781249999 0.5389202734375 0.7061918046875 0.3419620875 0.7061918046875
2 0.197707078125 0.7604732828125 0.197707078125 0.8084022718749999 0.2171782296875 0.8084022718749999 0.2171782296875 0.7604732828125 0.197707078125 0.7604732828125
4 0.5272188718749999 0.766198134375 0.5272188718749999 0.7914939890625 0.53545666875 0.7914939890625 0.53545666875 0.766198134375 0.5272188718749999 0.766198134375
4 0.545941134375 0.7635354125 0.545941134375 0.79282535 0.5556767109375 0.79282535 0.5556767109375 0.7635354125 0.545941134375 0.7635354125
4 0.5369544484375 0.766198134375 0.5369544484375 0.79282535 0.545941134375 0.79282535 0.545941134375 0.766198134375 0.5369544484375 0.766198134375
4 0.5997225734375 0.7535990609375001 0.5997225734375 0.8147311921875 0.6140504171875001 0.8147311921875 0.6140504171875001 0.7535990609375001 0.5997225734375 0.7535990609375001
4 0.651302809375 0.7485047171875 0.651302809375 0.842750084375 0.6699290046875 0.842750084375 0.6699290046875 0.7485047171875 0.651302809375 0.7485047171875
4 0.7358370812499999 0.7535990609375001 0.7358370812499999 0.8605802890625001 0.7558960625 0.8605802890625001 0.7558960625 0.7535990609375001 0.7358370812499999 0.7535990609375001
0 0.6613322984375001 0.81218401875 0.6613322984375001 0.852938771875 0.712912534375 0.852938771875 0.712912534375 0.81218401875 0.6613322984375001 0.81218401875
5 0.681391278125 0.7510518890625 0.681391278125 0.81218401875 0.69715190625 0.81218401875 0.69715190625 0.7510518890625 0.681391278125 0.7510518890625
5 0.6957191218750001 0.75505458125 0.6957191218750001 0.8085451953125 0.7114797484375 0.8085451953125 0.7114797484375 0.75505458125 0.6957191218750001 0.75505458125
4 0.892010571875 0.7663349203125 0.892010571875 0.852938771875 0.9192334734375001 0.852938771875 0.9192334734375001 0.7663349203125 0.892010571875 0.7663349203125
2 0.9822759828125 0.7867122984375 0.9822759828125 0.85548594375 0.9994693953124999 0.85548594375 0.9994693953124999 0.7867122984375 0.9822759828125 0.7867122984375