2 0.5376993062500001 0.4920968375 0.5376993062500001 0.5269355515624999 0.557296084375 0.5269355515624999 0.557296084375 0.4920968375 0.5376993062500001 0.4920968375
2 0.5107537375 0.4877419984375 0.5107537375 0.5312903921875 0.5376993062500001 0.5312903921875 0.5376993062500001 0.4877419984375 0.5107537375 0.4877419984375
2 0.48503296875 0.5029839359375 0.48503296875 0.5291129703124999 0.504629746875 0.5291129703124999 0.504629746875 0.5029839359375 0.48503296875 0.5029839359375
2 0.46176179843750004 0.507338775 0.46176179843750004 0.5269355515624999 0.48135857499999996 0.5269355515624999 0.48135857499999996 0.507338775 0.46176179843750004 0.507338775
2 0.4360410296875 0.508681046875 0.4360410296875 0.5312903921875 0.46272334062500003 0.5312903921875 0.46272334062500003 0.508681046875 0.4360410296875 0.508681046875
2 0.3666216640625 0.5102064703125 0.3666216640625 0.55088716875 0.43236663281250004 0.55088716875 0.43236663281250004 0.5102064703125 0.3666216640625 0.5102064703125
2 0.23884846249999997 0.52475813125 0.23884846249999997 0.56612910625 0.3147859734375 0.56612910625 0.3147859734375 0.52475813125 0.23884846249999997 0.52475813125
2 0.14821336875 0.53564523125 0.14821336875 0.57483878125 0.19965490624999999 0.57483878125 0.19965490624999999 0.53564523125 0.14821336875 0.53564523125
2 0.635683190625 0.49645167656250005 0.635683190625 0.5291129703124999 0.6577295640624999 0.5291129703124999 0.6577295640624999 0.49645167656250005 0.635683190625 0.49645167656250005
2 0.650380775 0.49645167656250005 0.650380775 0.5552420062500001 0.66507835625 0.5552420062500001 0.66507835625 0.49645167656250005 0.650380775 0.49645167656250005
2 0.6601791625 0.4703226421875 0.6601791625 0.56612910625 0.704271909375 0.56612910625 0.704271909375 0.4703226421875 0.6601791625 0.4703226421875
2 0.683450334375 0.4703226421875 0.683450334375 0.57483878125 0.774085428125 0.57483878125 0.774085428125 0.4703226421875 0.683450334375 0.4703226421875
2 0.7679614328125 0.4572581234375 0.7679614328125 0.5835484625 0.8389997484375 0.5835484625 0.8389997484375 0.4572581234375 0.7679614328125 0.4572581234375
6 0.8096045859375 0.42459682968749995 0.8096045859375 0.6815323453125 0.9969987625 0.6815323453125 0.9969987625 0.42459682968749995 0.8096045859375 0.42459682968749995
2 0.541373703125 0.47903231875 0.541373703125 0.63145169375 0.650380775 0.63145169375 0.650380775 0.47903231875 0.541373703125 0.47903231875