4 0.039967121875 0.518164528125 0.039967121875 0.585751203125 0.0604380859375 0.585751203125 0.0604380859375 0.518164528125 0.039967121875 0.518164528125
0 0.0019496156250000001 0.559756328125 0.0019496156250000001 0.634274971875 0.039967121875 0.634274971875 0.039967121875 0.559756328125 0.0019496156250000001 0.559756328125
5 0.0048740390625 0.52509649375 0.0048740390625 0.6204110375 0.033143465625 0.6204110375 0.033143465625 0.52509649375 0.0048740390625 0.52509649375
2 0.02242058125 0.5077665765625 0.02242058125 0.56148931875 0.0770098203125 0.56148931875 0.0770098203125 0.5077665765625 0.02242058125 0.5077665765625
6 0.26709735 0.40552006562500004 0.26709735 0.533761453125 0.364578134375 0.533761453125 0.364578134375 0.40552006562500004 0.26709735 0.40552006562500004
2 0.216407340625 0.40378707187499996 0.216407340625 0.45231083906249997 0.26709735 0.45231083906249997 0.26709735 0.40378707187499996 0.216407340625 0.40378707187499996
2 0.48350469062499996 0.49216965 0.48350469062499996 0.5510913703125 0.5156733499999999 0.5510913703125 0.5156733499999999 0.49216965 0.48350469062499996 0.49216965
2 0.41234371875000003 0.4349809234375 0.41234371875000003 0.5476253859375 0.48545430781250004 0.5476253859375 0.48545430781250004 0.4349809234375 0.41234371875000003 0.4349809234375
2 0.056538853124999996 0.41245203124999996 0.056538853124999996 0.693196690625 0.30219043125 0.693196690625 0.30219043125 0.41245203124999996 0.056538853124999996 0.41245203124999996
2 0.26709735 0.39165613125 0.26709735 0.7850452531250001 0.5000764249999999 0.7850452531250001 0.5000764249999999 0.39165613125 0.26709735 0.39165613125
6 0.5468672015625 0.0034659828125 0.5468672015625 0.8976897125000001 0.9991780421875 0.8976897125000001 0.9991780421875 0.0034659828125 0.5468672015625 0.0034659828125