2 0.22987892968749998 0.58061251875 0.22987892968749998 0.6158166171875 0.245663371875 0.6158166171875 0.245663371875 0.58061251875 0.22987892968749998 0.58061251875
2 0.1851085015625 0.572449234375 0.1851085015625 0.6214288484375 0.228156990625 0.6214288484375 0.228156990625 0.572449234375 0.1851085015625 0.572449234375
2 0.16014037812499998 0.5831635281249999 0.16014037812499998 0.630612528125 0.18855238125 0.630612528125 0.18855238125 0.5831635281249999 0.16014037812499998 0.5831635281249999
2 0.1168658875 0.577959453125 0.1168658875 0.63765335625 0.1676631046875 0.63765335625 0.1676631046875 0.577959453125 0.1168658875 0.577959453125
2 0.020437271875 0.571837003125 0.020437271875 0.663673778125 0.1168658875 0.663673778125 0.1168658875 0.571837003125 0.020437271875 0.571837003125
1 0.15474855781250002 0.538775753125 0.15474855781250002 0.5816329140625001 0.2959476 0.5816329140625001 0.2959476 0.538775753125 0.15474855781250002 0.538775753125
2 0.239984565625 0.538775753125 0.239984565625 0.6612247859375 0.297669540625 0.6612247859375 0.297669540625 0.538775753125 0.239984565625 0.538775753125
2 0.4438914171875 0.57616644375 0.4438914171875 0.593003184375 0.4542230546875 0.593003184375 0.4542230546875 0.57616644375 0.4438914171875 0.57616644375
2 0.44647432499999995 0.57769705625 0.44647432499999995 0.609839928125 0.463693721875 0.609839928125 0.463693721875 0.57769705625 0.44647432499999995 0.57769705625
2 0.4568059625 0.5700439921875 0.4568059625 0.6174929921875 0.4697205109375 0.6174929921875 0.4697205109375 0.5700439921875 0.4568059625 0.5700439921875
2 0.459388871875 0.5700439921875 0.459388871875 0.6205542187499999 0.4843569953125 0.6205542187499999 0.4843569953125 0.5700439921875 0.459388871875 0.5700439921875
2 0.2856159640625 0.45857164375000004 0.2856159640625 0.738673809375 0.44747828125 0.738673809375 0.44747828125 0.45857164375000004 0.2856159640625 0.45857164375000004
2 0.470581478125 0.5475221234375 0.470581478125 0.6347670625 0.5256835453125001 0.6347670625 0.5256835453125001 0.5475221234375 0.470581478125 0.5475221234375
4 0.9433358734375 0.5643125343750001 0.9433358734375 0.6255370546875 0.9588333296875 0.6255370546875 0.9588333296875 0.5643125343750001 0.9433358734375 0.5643125343750001
4 0.982940484375 0.558190084375 0.982940484375 0.63319011875 0.9975769703124999 0.63319011875 0.9975769703124999 0.558190084375 0.982940484375 0.558190084375