2 0.001092071875 0.30161808749999997 0.001092071875 0.6448386671875 0.1306700171875 0.6448386671875 0.1306700171875 0.30161808749999997 0.001092071875 0.30161808749999997
2 0.07918693125000001 0.33906033281250003 0.07918693125000001 0.4950696859375 0.2067245796875 0.4950696859375 0.2067245796875 0.33906033281250003 0.07918693125000001 0.33906033281250003
2 0.1681122625 0.34530070625 0.1681122625 0.46802806874999997 0.255867525 0.46802806874999997 0.255867525 0.34530070625 0.1681122625 0.34530070625
2 0.226615771875 0.347380834375 0.226615771875 0.4451466953125 0.31203089375 0.4451466953125 0.31203089375 0.347380834375 0.226615771875 0.347380834375
2 0.299160121875 0.34946095625 0.299160121875 0.418105071875 0.34596292812499996 0.418105071875 0.34596292812499996 0.34946095625 0.299160121875 0.34946095625
2 0.32724180468749997 0.3328199578125 0.32724180468749997 0.41186469687500005 0.36936433125 0.41186469687500005 0.36936433125 0.3328199578125 0.32724180468749997 0.3328199578125
2 0.39042559374999997 0.330739834375 0.39042559374999997 0.3744224515625 0.43371819062499994 0.3744224515625 0.43371819062499994 0.330739834375 0.39042559374999997 0.330739834375
2 0.5050924718750001 0.320339209375 0.5050924718750001 0.37858270625 0.5284938765625 0.37858270625 0.5284938765625 0.320339209375 0.5050924718750001 0.320339209375
2 0.520303384375 0.3078584609375 0.520303384375 0.34114045625 0.53551429375 0.34114045625 0.53551429375 0.3078584609375 0.520303384375 0.3078584609375
2 0.5355142953125 0.3078584609375 0.5355142953125 0.3473808359375 0.5612558390625 0.3473808359375 0.5612558390625 0.3078584609375 0.5355142953125 0.3078584609375
2 0.5565755593749999 0.3078584609375 0.5565755593749999 0.374422453125 0.5846572437499999 0.374422453125 0.5846572437499999 0.3078584609375 0.5565755593749999 0.3078584609375
2 0.572956540625 0.3057783375 0.572956540625 0.374422453125 0.5998681546875 0.374422453125 0.5998681546875 0.3057783375 0.572956540625 0.3057783375
2 0.5951878734375 0.2912174640625 0.5951878734375 0.3952237046875 0.6618818734375 0.3952237046875 0.6618818734375 0.2912174640625 0.5951878734375 0.2912174640625
2 0.6291199093750001 0.26417584375000003 0.6291199093750001 0.4326659453125 0.748467065625 0.4326659453125 0.748467065625 0.26417584375000003 0.6291199093750001 0.26417584375000003
2 0.70517446875 0.22049322187499998 0.70517446875 0.4992299375 0.9731205359375 0.4992299375 0.9731205359375 0.22049322187499998 0.70517446875 0.22049322187499998
2 0.8584536609375 0.3036982125 0.8584536609375 0.6448386703125 0.9988620812500001 0.6448386703125 0.9988620812500001 0.3036982125 0.8584536609375 0.3036982125
2 0.455949525 0.3099385859375 0.455949525 0.39938395 0.5121128921875 0.39938395 0.5121128921875 0.3099385859375 0.455949525 0.3099385859375
2 0.4325481203125 0.330739834375 0.4325481203125 0.364021828125 0.45126924218750003 0.364021828125 0.45126924218750003 0.330739834375 0.4325481203125 0.330739834375