2 0.0007512859375 0.3751984015625 0.0007512859375 0.548233475 0.0732913453125 0.548233475 0.0732913453125 0.3751984015625 0.0007512859375 0.3751984015625
2 0.717386959375 0.438713853125 0.717386959375 0.7815191890625 0.9986245874999999 0.7815191890625 0.9986245874999999 0.438713853125 0.717386959375 0.438713853125
2 0.45740409218750006 0.472091921875 0.45740409218750006 0.4998428296875 0.47117752187499995 0.4998428296875 0.47117752187499995 0.472091921875 0.45740409218750006 0.472091921875
2 0.44087597812499996 0.470459515625 0.44087597812499996 0.511269675 0.46107700781250005 0.511269675 0.46107700781250005 0.470459515625 0.44087597812499996 0.470459515625
2 0.439039521875 0.473724328125 0.439039521875 0.514534484375 0.4555676375 0.514534484375 0.4555676375 0.473724328125 0.439039521875 0.473724328125
2 0.4087379765625 0.4671947 0.4087379765625 0.52269651875 0.44454889062499997 0.52269651875 0.44454889062499997 0.4671947 0.4087379765625 0.4671947
2 0.36007185937499997 0.4508706421875 0.36007185937499997 0.552079834375 0.417002034375 0.552079834375 0.417002034375 0.4508706421875 0.36007185937499997 0.4508706421875
2 0.507906665625 0.4786215453125 0.507906665625 0.5080048625 0.5180071796875 0.5080048625 0.5180071796875 0.4786215453125 0.507906665625 0.4786215453125
2 0.511579578125 0.4786215453125 0.511579578125 0.511269675 0.5271894640625 0.511269675 0.5271894640625 0.4786215453125 0.511579578125 0.4786215453125
2 0.51708895 0.47698914375 0.51708895 0.5145344875 0.5382082078125 0.5145344875 0.5382082078125 0.47698914375 0.51708895 0.47698914375
2 0.52351655 0.48351876875000005 0.52351655 0.5194317078124999 0.5382082078125 0.5194317078124999 0.5382082078125 0.48351876875000005 0.52351655 0.48351876875000005
2 0.5308623781249999 0.473724328125 0.5308623781249999 0.5324909578125 0.5648368359375 0.5324909578125 0.5648368359375 0.473724328125 0.5308623781249999 0.473724328125
2 0.5391264359375 0.48025395625 0.5391264359375 0.542285396875 0.5685097546875 0.542285396875 0.5685097546875 0.48025395625 0.5391264359375 0.48025395625
2 0.5528998640625 0.470459515625 0.5528998640625 0.552079834375 0.5905472359374999 0.552079834375 0.5905472359374999 0.470459515625 0.5528998640625 0.470459515625
2 0.5740191218749999 0.46392989062499995 0.5740191218749999 0.5781983359375 0.6539050093750001 0.5781983359375 0.6539050093750001 0.46392989062499995 0.5740191218749999 0.46392989062499995
2 0.6079935796875 0.48351876875000005 0.6079935796875 0.6092140578125 0.7209356953125 0.6092140578125 0.7209356953125 0.48351876875000005 0.6079935796875 0.48351876875000005
2 0.1870776 0.42801695000000006 0.1870776 0.4949456078125 0.23666194375 0.4949456078125 0.23666194375 0.42801695000000006 0.1870776 0.42801695000000006
2 0.315629603125 0.4606650765625 0.315629603125 0.5651390843749999 0.40194308906250004 0.5651390843749999 0.40194308906250004 0.4606650765625 0.315629603125 0.4606650765625
2 0.48091074687499996 0.480253946875 0.48091074687499996 0.49331319999999995 0.491929490625 0.49331319999999995 0.491929490625 0.480253946875 0.48091074687499996 0.480253946875