6 0.0782508125 0.15556290781249998 0.0782508125 0.55629034375 0.346056784375 0.55629034375 0.346056784375 0.15556290781249998 0.0782508125 0.15556290781249998
2 0.571237396875 0.308472528125 0.571237396875 0.7139925921875 0.8792766765625 0.7139925921875 0.8792766765625 0.308472528125 0.571237396875 0.308472528125
2 0.41819256562499996 0.39338912187499997 0.41819256562499996 0.497368625 0.48545430781250004 0.497368625 0.48545430781250004 0.39338912187499997 0.41819256562499996 0.39338912187499997
2 0.5166481593750001 0.38299116875 0.5166481593750001 0.46097579843750003 0.5653885515625 0.46097579843750003 0.5653885515625 0.38299116875 0.5166481593750001 0.38299116875
6 0.486429115625 0.37779219375 0.486429115625 0.44364588125 0.518597775 0.44364588125 0.518597775 0.37779219375 0.486429115625 0.37779219375
2 0.3840742921875 0.398588096875 0.3840742921875 0.44537887343750004 0.4191673734375 0.44537887343750004 0.4191673734375 0.398588096875 0.3840742921875 0.398588096875
4 0.376275828125 0.39685510625 0.376275828125 0.45057785 0.386998715625 0.45057785 0.386998715625 0.39685510625 0.376275828125 0.39685510625
4 0.9163193765625 0.43324793125000005 0.9163193765625 0.5302954671875 0.9299666859375 0.5302954671875 0.9299666859375 0.43324793125000005 0.9163193765625 0.43324793125000005
4 0.9270422609375 0.426315965625 0.9270422609375 0.5320284609375 0.9494628421875 0.5320284609375 0.9494628421875 0.426315965625 0.9270422609375 0.426315965625
4 0.8198133984375 0.42284998125 0.8198133984375 0.45231084062500004 0.8315110921875 0.45231084062500004 0.8315110921875 0.42284998125 0.8198133984375 0.42284998125
4 0.8324859 0.419383996875 0.8324859 0.46097579843750003 0.8422339781250001 0.46097579843750003 0.8422339781250001 0.419383996875 0.8324859 0.419383996875
1 0 0.4315149390625 0.01462211875 0.4315149390625 0.01462211875 0.31540449375 0 0.31540449375 0 0.4315149390625
6 0.4474368015625 0.37259321875 0.4474368015625 0.398588096875 0.47570622812499996 0.398588096875 0.47570622812499996 0.37259321875 0.4474368015625 0.37259321875
6 0.47570622812499996 0.3847241625 0.47570622812499996 0.4055200640625 0.49227796250000005 0.4055200640625 0.49227796250000005 0.3847241625 0.47570622812499996 0.3847241625
2 0.5829350921875001 0.4107190390625 0.5829350921875001 0.4384469078125 0.6102297125 0.4384469078125 0.6102297125 0.4107190390625 0.5829350921875001 0.4107190390625
6 0.5624641265625 0.37779219375 0.5624641265625 0.4263159640625 0.593657978125 0.4263159640625 0.593657978125 0.37779219375 0.5624641265625 0.37779219375
6 0.9523872656249999 0.37259321875 0.9523872656249999 0.5684212859375 0.9991780421875 0.5684212859375 0.9991780421875 0.37259321875 0.9523872656249999 0.37259321875
6 0.8402843640625001 0.42111698906250006 0.8402843640625001 0.4939026421875 0.9553116890625001 0.4939026421875 0.9553116890625001 0.42111698906250006 0.8402843640625001 0.42111698906250006