2 0.8630675562500001 0.4975870765625 0.8630675562500001 0.7720222890625 0.9231002593750001 0.7720222890625 0.9231002593750001 0.4975870765625 0.8630675562500001 0.4975870765625
2 0.710257040625 0.39363434375 0.710257040625 0.6819299234375 0.9316763609375001 0.6819299234375 0.9316763609375001 0.39363434375 0.710257040625 0.39363434375
2 0.6502243375 0.41303885625000003 0.6502243375 0.5765911515625 0.760933996875 0.5765911515625 0.760933996875 0.41303885625000003 0.6502243375 0.41303885625000003
2 0.59097128125 0.41026678125 0.59097128125 0.5308519515625 0.668935828125 0.5308519515625 0.668935828125 0.41026678125 0.59097128125 0.41026678125
2 0.5831748265625001 0.3770019078125 0.5831748265625001 0.49758707500000005 0.6720544109375 0.49758707500000005 0.6720544109375 0.3770019078125 0.5831748265625001 0.3770019078125
2 0.5675819171875001 0.40888074531249996 0.5675819171875001 0.4740244578125 0.59097128125 0.4740244578125 0.59097128125 0.40888074531249996 0.5675819171875001 0.40888074531249996
2 0.5551075890625 0.41026678125 0.5551075890625 0.46155012968750003 0.5769376625 0.46155012968750003 0.5769376625 0.41026678125 0.5551075890625 0.41026678125
2 0.5465314875 0.41165281875000004 0.5465314875 0.447689765625 0.56056510625 0.447689765625 0.56056510625 0.41165281875000004 0.5465314875 0.41165281875000004
2 0.5324978687499999 0.407494709375 0.5324978687499999 0.44214561874999997 0.5512093609375001 0.44214561874999997 0.5512093609375001 0.407494709375 0.5324978687499999 0.407494709375
2 0.5270403515625001 0.4047226359375 0.5270403515625001 0.42689921875000003 0.5410739703125 0.42689921875000003 0.5410739703125 0.4047226359375 0.5270403515625001 0.4047226359375
2 0.4077545921875 0.3922483078125 0.4077545921875 0.4726384203125 0.458431546875 0.4726384203125 0.458431546875 0.3922483078125 0.4077545921875 0.3922483078125
2 0.4514147390625 0.4047226359375 0.4514147390625 0.4532339109375 0.4787023296875 0.4532339109375 0.4787023296875 0.4047226359375 0.4514147390625 0.4047226359375
2 0.470905875 0.400564528125 0.470905875 0.436601471875 0.48727843125000003 0.436601471875 0.48727843125000003 0.400564528125 0.470905875 0.400564528125
2 0.480261621875 0.39640641875 0.480261621875 0.4310573265625 0.49429524062499997 0.4310573265625 0.49429524062499997 0.39640641875 0.480261621875 0.39640641875
2 0.4903970125 0.400564528125 0.4903970125 0.42689921875000003 0.5005324046874999 0.42689921875000003 0.5005324046874999 0.400564528125 0.4903970125 0.400564528125
2 0.293146703125 0.3894762359375 0.293146703125 0.4504618390625 0.335247559375 0.4504618390625 0.335247559375 0.3894762359375 0.293146703125 0.3894762359375
1 0.3913820359375 0.34789514375 0.3913820359375 0.42689921875000003 0.4475165109375 0.42689921875000003 0.4475165109375 0.34789514375 0.3913820359375 0.34789514375
1 0.4475165109375 0.37284379843750004 0.4475165109375 0.41026678125 0.471685521875 0.41026678125 0.471685521875 0.37284379843750004 0.4475165109375 0.37284379843750004
2 0.16372555312499998 0.39502038125 0.16372555312499998 0.4892708578125 0.2728759203125 0.4892708578125 0.2728759203125 0.39502038125 0.16372555312499998 0.39502038125
2 0.311858196875 0.39502038125 0.311858196875 0.52114969375 0.41944927343750005 0.52114969375 0.41944927343750005 0.39502038125 0.311858196875 0.39502038125
2 0.5020916953125 0.4047226359375 0.5020916953125 0.44075958281250005 0.5254810609375 0.44075958281250005 0.5254810609375 0.4047226359375 0.5020916953125 0.4047226359375
1 0.1426751234375 0.37977398125 0.1426751234375 0.4366014734375 0.20114853593749998 0.4366014734375 0.20114853593749998 0.37977398125 0.1426751234375 0.37977398125
5 0.080303484375 0.4047226359375 0.080303484375 0.43521543749999997 0.0951167515625 0.43521543749999997 0.0951167515625 0.4047226359375 0.080303484375 0.4047226359375
3 0.07718490312500001 0.4255131828125 0.07718490312500001 0.4504618390625 0.094337103125 0.4504618390625 0.094337103125 0.4255131828125 0.07718490312500001 0.4255131828125